234 735 908 800 515 306 202 396 252 798 873 785 434 301 219 434 402 965 944 550 360 223 191 461
262 718 930 597 369 268 253 699 267 883 858 548 316 272 214 738 138 487 813 663 478 336 263 918
118 274 462 351 283 364 470 1774 123 296 482 308 268 338 409 1872 49 152 277 312 345 313 402 2246
94 309 474 421 297 283 361 1857 94 329 512 388 283 244 336 1910 14 131 325 415 341 327 342 2201
137 320 471 377 276 283 328 1904 127 372 484 331 257 273 293 1959 54 162 307 399 396 299 317 2162
86 380 664 487 196 197 208 1878 87 394 721 451 174 177 202 1890 76 237 465 483 333 242 247 2013
61 212 432 499 236 189 236 2231 58 248 455 460 239 191 228 2217 34 132 351 398 302 272 239 2368
40 167 410 458 270 240 266 2245 46 215 427 437 236 237 268 2230 45 138 352 411 316 240 274 2320
43 208 372 398 283 275 300 2217 59 288 345 389 266 273 299 2177 68 169 314 390 311 263 279 2302
20 149 350 385 410 379 367 2036 25 183 342 377 422 345 392 2010 82 178 393 424 396 284 308 2031
1 43 174 291 219 210 258 2900 2 57 188 287 210 213 261 2878 1 31 131 263 250 185 254 2981
29 184 539 595 499 286 254 1710 23 157 519 596 469 331 272 1729 60 312 691 592 313 183 228 1717
210 1340 1720 450 131 94 75 76 194 1411 1652 455 125 54 93 112 169 988 1952 684 168 42 29 64
1073 2754 169 32 15 9 11 33 552 3150 283 37 20 8 13 33 370 3172 431 40 21 13 11 38
184 2032 1072 253 131 97 75 252 186 1654 1417 279 146 91 80 243 39 1063 1791 524 194 103 101 281
6 125 1883 1532 136 97 83 234 4 98 1278 2161 146 91 79 239 3 29 334 2767 479 119 91 274
0 14 1992 1934 96 32 14 14 0 12 938 2973 106 38 13 16 0 1 50 3299 645 56 24 21
138 1450 1660 456 154 80 76 82 132 1353 1733 504 145 91 67 71 47 639 1732 1140 266 114 78 80
365 2155 1074 245 85 51 64 57 440 2098 1086 220 96 54 53 49 272 1927 1288 335 103 58 58 55
255 2009 1128 374 112 77 46 95 188 1729 1350 467 130 84 55 93 125 1616 1514 474 135 79 44 109
195 1559 1058 449 238 167 116 314 162 1510 1226 414 231 159 115 279 91 1148 1420 548 262 183 142 302
69 1272 1153 335 181 190 166 730 151 1464 972 292 177 178 184 678 38 579 1587 488 259 188 177 780
0 112 3067 915 2 0 0 0 0 70 3109 915 2 0 0 0 0 10 1530 2550 6 0 0 0
4 70 2092 722 145 113 167 783 1 80 2111 725 134 108 179 758 2 47 450 2300 162 133 165 837
0 60 190 201 146 159 240 3100 4 105 206 182 134 151 262 3052 0 22 116 181 176 177 237 3187
1 425 903 221 188 183 224 1951 3 671 727 202 172 178 238 1905 0 39 730 435 336 231 214 2111
0 2905 1191 0 0 0 0 0 1 3090 1005 0 0 0 0 0 0 1587 2460 49 0 0 0 0
0 2628 1457 11 0 0 0 0 0 2725 1335 36 0 0 0 0 0 2721 1166 209 0 0 0 0
0 6 1760 544 102 62 82 1540 0 12 1911 394 105 58 74 1542 0 56 1009 1241 29 5 51 1705
0 685 789 2404 215 3 0 0 0 782 784 2291 237 2 0 0 0 216 1078 1464 982 215 123 18
0 3774 322 0 0 0 0 0 0 3885 211 0 0 0 0 0 0 3416 680 0 0 0 0 0
0 3142 954 0 0 0 0 0 25 3893 178 0 0 0 0 0 20 3797 279 0 0 0 0 0
298 1246 1217 594 250 156 107 228 393 1429 1087 493 220 134 102 238 308 1151 1191 591 298 159 115 283
297 1192 1318 590 265 126 102 206 365 1346 1260 484 222 115 92 212 379 1367 1116 516 270 135 75 238
212 904 1115 574 306 193 198 594 259 1038 993 510 299 184 182 631 296 941 953 497 303 192 169 745
265 559 828 479 300 239 319 1107 248 640 823 441 259 223 250 1212 205 541 757 426 330 264 252 1321
337 540 575 457 345 246 307 1289 310 583 578 414 327 261 249 1374 223 437 566 478 347 274 256 1515
268 705 895 439 195 195 210 1189 241 770 899 396 193 185 209 1203 121 439 806 590 352 222 217 1349
99 260 375 318 192 180 237 2435 105 276 391 268 197 178 231 2450 57 148 306 300 265 206 228 2586
96 279 576 387 195 206 240 2117 101 335 580 346 196 190 239 2109 72 243 421 443 238 219 253 2207
117 315 482 404 279 255 301 1943 157 377 486 357 272 232 302 1913 93 264 478 395 295 249 290 2032
55 205 376 348 283 230 267 2332 84 242 394 331 259 218 276 2292 55 184 331 356 292 236 251 2391
4 43 166 264 251 171 237 2960 4 47 173 264 247 177 245 2939 3 32 152 257 242 181 231 2998
18 90 258 375 281 265 308 2501 21 116 282 345 254 257 345 2476 58 188 328 337 251 170 254 2510
328 1287 1242 488 227 148 109 267 292 1438 1120 474 244 137 112 279 249 917 1499 676 271 119 93 272
1840 1974 155 79 35 5 4 4 1240 2520 209 77 38 4 4 4 1132 2539 273 83 52 8 4 5
240 2202 963 205 125 85 71 205 212 1896 1286 212 129 87 79 195 88 1158 1794 494 152 106 78 226
4 74 2830 920 115 64 39 50 2 33 2159 1612 134 63 41 52 1 12 373 3166 337 90 50 67
0 29 2300 1574 120 41 17 15 0 23 1150 2698 152 40 22 11 0 1 222 3222 534 70 25 22
158 1492 1757 428 101 81 36 43 163 1417 1820 444 98 78 38 38 78 1075 1709 899 144 93 46 52
379 2061 1048 257 117 80 53 101 405 2059 1071 244 105 70 67 75 292 1924 1240 315 120 101 59 45
116 2225 942 234 137 90 84 268 124 2074 1085 239 134 98 90 252 68 988 1811 571 173 108 97 280
86 916 1384 617 284 176 157 476 103 818 1395 712 283 173 169 443 66 566 1483 786 350 190 153 502
83 499 1247 579 274 240 237 937 125 581 1171 562 284 228 250 895 36 279 1068 843 372 254 230 1014
1 463 3452 156 9 5 1 9 6 463 3539 66 9 3 3 7 0 58 3271 713 29 9 6 10
19 379 3370 84 47 36 37 124 17 455 3314 69 47 32 38 124 13 115 3239 483 45 32 45 124
16 113 476 404 257 244 351 2235 20 227 517 307 244 244 378 2159 10 56 206 374 411 320 360 2359
2 956 448 128 148 144 202 2068 15 1113 317 132 144 131 202 2042 0 205 788 305 215 175 208 2200
11 3626 459 0 0 0 0 0 19 3681 396 0 0 0 0 0 5 2601 1484 6 0 0 0 0
1 3688 407 0 0 0 0 0 2 3855 239 0 0 0 0 0 0 3342 754 0 0 0 0 0
0 338 1494 540 247 173 68 1236 0 651 1317 452 204 174 68 1230 0 419 1533 94 235 258 263 1294
0 1265 1953 836 42 0 0 0 0 1311 1926 810 49 0 0 0 0 972 628 2276 216 4 0 0
0 3752 344 0 0 0 0 0 0 3835 261 0 0 0 0 0 0 3801 295 0 0 0 0 0
11 3419 666 0 0 0 0 0 73 3858 165 0 0 0 0 0 72 3825 199 0 0 0 0 0
247 1858 1229 367 156 94 68 77 378 2129 951 300 119 86 64 69 449 2081 917 287 147 83 61 71
409 1650 1018 408 206 144 90 171 573 1731 860 367 183 136 89 157 493 1676 942 355 212 146 90 182
420 1048 1019 470 243 185 174 537 492 1081 999 403 240 177 165 539 454 1103 917 441 261 175 186 559
236 1104 1447 585 253 144 112 215 357 1392 1209 478 219 132 103 206 370 1390 1154 481 238 127 101 235
304 727 999 543 292 206 197 828 361 834 962 461 278 191 197 812 299 715 940 522 307 237 212 864
341 731 749 400 253 213 260 1149 400 808 681 363 242 192 254 1156 297 606 777 457 249 229 245 1236
259 551 551 314 243 254 278 1646 270 559 546 301 241 231 270 1678 184 374 532 401 279 257 280 1789
174 535 669 445 276 196 228 1573 217 563 655 401 273 190 228 1569 127 433 633 471 296 219 239 1678
211 506 619 466 284 264 291 1455 288 547 603 385 282 259 285 1447 130 446 649 464 307 238 292 1570
114 406 674 410 287 251 247 1707 162 504 642 359 239 241 268 1681 55 294 621 507 288 250 275 1806
22 102 256 226 194 193 273 2830 30 107 256 234 181 182 299 2807 9 61 191 247 209 187 277 2915
36 201 308 235 203 200 237 2676 49 223 302 210 196 213 238 2665 75 204 306 234 172 177 202 2726
278 1715 1271 354 121 63 55 239 260 1834 1174 345 126 65 52 240 243 1433 1585 363 116 55 47 254
909 2679 356 102 20 7 9 14 683 2845 403 114 18 13 7 13 479 2845 553 160 26 9 9 15
58 2758 786 276 81 52 36 49 57 2248 1281 280 91 53 36 50 23 1398 1973 386 151 68 39 58
0 66 3399 561 66 4 0 0 0 15 3264 707 103 7 0 0 0 1 541 3152 373 25 4 0
2 124 3027 741 112 45 20 25 1 94 2872 923 115 48 20 23 0 38 1271 2342 332 65 30 18
304 2363 1003 264 84 36 25 17 265 2373 1032 280 71 37 21 17 188 2012 1207 501 103 42 25 18
483 2059 618 193 125 82 93 443 419 2064 686 199 112 98 102 416 303 1943 852 241 144 92 82 439
384 1478 573 323 222 189 205 722 517 1451 531 303 225 188 204 677 151 673 1345 452 279 208 195 793
223 2324 752 278 136 95 81 207 321 2299 733 259 118 94 88 184 233 1895 1167 288 124 97 81 211
75 770 984 640 325 284 256 762 98 760 1054 640 315 284 250 695 52 646 1050 702 347 275 239 785
30 1478 1885 333 115 45 53 157 45 1852 1626 251 79 45 53 145 13 790 2366 502 135 57 56 177
0 1337 2750 9 0 0 0 0 0 1520 2572 4 0 0 0 0 0 471 3556 69 0 0 0 0
130 839 542 378 283 243 305 1376 115 960 581 301 256 234 318 1331 98 676 379 429 408 297 295 1514
56 1402 514 266 184 184 227 1263 100 1499 452 224 181 170 232 1238 16 684 893 419 263 197 241 1383
10 3706 380 0 0 0 0 0 11 3687 398 0 0 0 0 0 1 3084 1011 0 0 0 0 0
0 3066 1030 0 0 0 0 0 0 3236 860 0 0 0 0 0 0 2694 1402 0 0 0 0 0
22 365 1563 608 279 792 60 407 14 565 1489 514 215 831 61 407 15 197 1613 329 415 495 603 429
0 1321 1620 1042 113 0 0 0 0 1373 1730 901 92 0 0 0 0 886 773 2245 190 2 0 0
0 3748 348 0 0 0 0 0 0 3824 272 0 0 0 0 0 0 3779 317 0 0 0 0 0
84 3831 181 0 0 0 0 0 145 3821 130 0 0 0 0 0 120 3806 170 0 0 0 0 0
488 1361 945 345 190 144 163 460 571 1580 740 257 185 135 130 498 337 1259 883 415 273 191 155 583
556 1404 1035 407 212 136 105 241 747 1482 865 350 185 130 91 246 558 1326 1009 431 219 147 113 293
444 746 723 468 334 260 245 876 536 825 659 420 288 253 238 877 330 584 698 504 379 298 295 1008
475 1195 972 428 222 196 168 440 678 1318 781 367 196 169 155 432 461 1168 956 414 263 189 176 469
305 748 780 437 302 220 286 1018 384 906 642 382 258 219 274 1031 269 663 754 482 320 205 244 1159
334 702 651 287 226 246 299 1351 380 747 585 267 219 238 263 1397 198 527 655 403 264 244 282 1523
254 650 672 353 245 244 260 1418 354 728 557 302 236 247 249 1423 105 493 707 448 267 266 257 1553
235 503 496 388 257 242 312 1663 302 543 471 347 244 230 314 1645 108 357 526 407 341 247 285 1825
184 538 573 290 207 251 295 1758 238 608 521 229 197 253 281 1769 66 355 611 401 232 259 278 1894
111 445 606 396 256 231 309 1742 127 499 600 344 249 246 279 1752 24 245 553 556 300 236 291 1891
3 77 144 141 121 165 270 3175 7 84 148 134 124 151 252 3196 2 36 114 140 138 147 234 3285
36 241 505 392 201 198 250 2273 52 285 513 331 212 199 257 2247 45 266 512 327 173 210 237 2326
487 1654 1011 352 170 83 56 283 510 1785 885 329 168 84 52 283 394 1532 1126 409 176 103 60 296
1514 2210 229 113 27 3 0 0 1359 2342 250 115 27 3 0 0 1282 2360 280 131 37 6 0 0
19 3457 534 65 10 6 3 2 18 3206 766 83 12 7 2 2 3 1772 2131 148 30 7 2 3
10 841 2834 272 88 34 6 11 8 695 2945 304 92 34 7 11 1 79 2326 1464 130 73 10 13
14 1549 2257 177 58 30 8 3 17 1293 2501 188 62 26 7 2 7 508 2910 521 103 32 12 3
250 3168 473 111 45 20 5 24 300 3130 479 102 41 15 9 20 205 2950 692 149 43 26 7 24
416 2464 461 164 127 96 83 285 352 2248 720 176 140 96 83 281 327 2313 677 182 134 91 86 286
327 916 466 285 205 230 271 1396 354 881 511 286 216 228 283 1337 204 757 611 340 221 238 266 1459
483 1752 685 313 221 142 140 360 566 1747 682 289 218 138 131 325 377 1636 846 342 235 167 139 354
161 741 1320 644 261 207 198 564 220 890 1306 507 243 209 192 529 106 645 1398 653 277 213 198 606
26 1717 1323 697 202 75 38 18 70 2021 1243 526 140 52 32 12 32 1625 1459 692 184 60 31 13
0 1446 2632 18 0 0 0 0 0 2171 1917 8 0 0 0 0 0 981 3091 24 0 0 0 0
172 1849 238 162 171 185 220 1099 167 1885 225 167 164 174 237 1077 125 1641 367 178 174 187 215 1209
121 1787 916 246 126 135 112 653 206 1961 746 184 118 119 131 631 54 1277 816 647 271 176 127 728
66 3508 520 2 0 0 0 0 82 3555 459 0 0 0 0 0 18 3141 929 8 0 0 0 0
2 3567 527 0 0 0 0 0 2 3688 406 0 0 0 0 0 1 3402 693 0 0 0 0 0
2 1002 1153 1064 148 713 14 0 0 852 1675 703 114 741 11 0 2 839 1306 988 175 416 369 1
0 1136 1096 1773 91 0 0 0 0 1231 1065 1723 77 0 0 0 0 583 1073 2197 243 0 0 0
0 3590 506 0 0 0 0 0 0 3804 292 0 0 0 0 0 0 3405 688 3 0 0 0 0
39 3788 269 0 0 0 0 0 161 3792 143 0 0 0 0 0 76 3842 178 0 0 0 0 0
464 737 626 369 251 250 327 1072 555 845 519 313 232 235 294 1103 320 636 632 412 313 245 297 1241
586 1230 856 397 239 184 155 449 761 1325 695 342 225 159 141 448 552 1134 781 459 291 205 164 510
492 669 601 334 232 263 261 1244 575 702 528 311 236 240 250 1254 318 520 575 451 304 281 282 1365
542 937 782 325 258 238 243 771 656 1032 619 300 237 230 226 796 385 820 820 420 257 259 222 913
237 545 685 405 216 251 273 1484 309 671 595 333 206 231 265 1486 167 460 670 447 274 226 262 1590
302 785 790 431 305 258 251 974 413 839 704 397 299 228 255 961 430 840 791 361 272 196 250 956
205 455 464 301 258 239 262 1912 269 515 381 303 238 224 278 1888 168 419 464 329 283 205 276 1952
254 544 536 396 292 298 341 1435 320 554 452 390 307 301 345 1427 182 487 637 356 281 298 329 1526
204 557 740 398 261 224 284 1428 278 639 677 319 263 214 268 1438 128 430 763 494 263 223 261 1534
112 398 471 259 208 206 290 2152 164 444 417 222 211 204 277 2157 59 248 486 360 217 200 268 2258
51 187 210 156 157 164 270 2901 76 179 216 147 149 166 255 2908 21 132 218 186 143 163 239 2994
236 1312 878 291 154 146 168 911 240 1346 866 262 165 146 150 921 199 1217 925 310 184 136 151 974
1452 1296 696 213 53 58 51 277 1295 1445 680 230 60 60 48 278 1327 1251 755 293 71 58 48 293
1715 1770 445 137 25 2 2 0 1717 1787 429 139 20 2 2 0 1628 1797 397 225 45 2 2 0
72 3882 100 19 7 10 2 4 83 3873 99 18 8 9 2 4 29 3736 286 20 9 8 4 4
120 2838 724 151 95 63 42 63 118 2704 858 151 96 63 39 67 49 2013 1555 175 111 73 42 78
113 3557 272 73 35 16 17 13 114 3355 480 70 29 16 17 15 60 3079 777 92 30 23 19 16
513 3358 123 30 23 22 12 15 301 3553 139 31 24 22 11 15 287 3548 156 33 21 21 14 16
496 2765 297 127 105 61 69 176 305 2752 502 142 94 66 61 174 231 2747 518 139 99 86 72 204
305 861 477 324 266 238 296 1329 299 855 491 325 266 249 314 1297 103 783 588 325 298 254 309 1436
128 647 704 280 222 193 196 1726 179 745 624 242 219 191 189 1707 63 353 639 470 346 222 178 1825
163 1087 1442 457 198 132 116 501 262 1438 1168 331 182 130 107 478 154 1002 1409 564 220 140 122 485
105 1012 1380 865 302 147 124 161 136 1228 1321 753 256 134 113 155 54 869 1449 920 308 169 131 196
3 2412 1681 0 0 0 0 0 4 3117 975 0 0 0 0 0 5 2333 1757 1 0 0 0 0
181 2672 367 64 55 61 108 588 197 2666 350 69 53 56 91 614 105 2395 645 103 58 55 81 654
232 1773 492 252 191 187 148 821 238 1881 410 252 210 153 136 816 33 1507 483 407 339 237 174 916
20 3625 450 1 0 0 0 0 28 3669 398 1 0 0 0 0 6 3248 835 7 0 0 0 0
14 3842 238 2 0 0 0 0 17 3852 226 1 0 0 0 0 5 3721 367 3 0 0 0 0
35 1064 367 1021 286 124 108 1091 28 1080 564 956 180 131 84 1073 31 1010 493 687 325 191 158 1201
0 1160 1766 1160 10 0 0 0 0 1207 1827 1060 2 0 0 0 0 743 924 2175 254 0 0 0
0 3282 814 0 0 0 0 0 0 3548 548 0 0 0 0 0 0 3294 802 0 0 0 0 0
39 3401 656 0 0 0 0 0 93 3638 365 0 0 0 0 0 37 3432 627 0 0 0 0 0
355 868 672 467 350 275 291 818 434 924 591 452 323 274 257 841 399 779 660 454 362 295 260 887
578 1403 792 436 246 210 160 271 799 1390 685 379 238 191 154 260 614 1315 776 463 264 200 175 289
531 1089 729 373 237 176 197 764 613 1153 645 329 237 156 174 789 473 1048 706 420 270 160 197 822
614 1419 760 307 221 181 141 453 800 1455 588 280 210 180 139 444 710 1288 725 353 225 178 144 473
289 986 1125 613 284 212 154 433 508 1114 959 503 268 178 138 428 392 1045 1040 553 275 188 148 455
238 975 994 595 375 282 206 431 393 1103 873 533 321 248 221 404 421 1096 853 540 328 247 186 425
176 782 1078 611 369 256 255 569 325 987 921 522 319 230 265 527 342 961 967 506 324 212 234 550
167 852 1198 709 358 232 216 364 333 1126 1006 557 274 213 164 423 391 1221 1070 546 269 152 106 341
210 822 1047 588 415 297 226 491 350 1000 856 549 395 266 217 463 256 932 935 569 402 275 213 514
151 579 775 688 525 391 327 660 249 700 740 651 464 395 277 620 148 558 778 665 560 375 313 699
190 320 431 509 446 406 356 1438 244 313 430 512 453 368 373 1403 140 285 392 464 504 407 370 1534
170 493 872 963 571 294 254 479 166 509 773 978 639 317 253 461 122 373 550 738 835 627 290 561
1226 2067 542 199 50 9 3 0 864 2383 633 165 40 8 3 0 961 2142 654 286 41 9 3 0
826 2328 720 178 29 8 7 0 611 2503 761 179 27 12 3 0 591 2319 846 283 42 11 4 0
274 2548 455 273 218 196 97 35 174 2677 488 287 231 163 65 11 144 2565 593 292 213 198 77 14
428 2626 421 225 147 114 100 35 367 2701 436 220 156 114 82 20 308 2672 480 238 168 116 86 28
464 1846 386 428 442 450 57 23 420 1880 377 435 497 397 68 22 345 1853 336 341 506 501 165 49
430 1609 339 346 529 589 158 96 501 1565 331 340 596 556 122 85 255 1681 343 310 425 716 252 114
39 288 241 468 921 1415 507 217 54 292 245 478 1040 1541 233 213 20 273 172 363 685 1877 456 250
65 151 241 329 837 1699 471 303 72 149 239 368 939 1808 218 303 35 118 169 287 578 2121 441 347
38 182 447 475 955 1361 433 205 43 212 426 464 1036 1416 303 196 17 79 342 415 591 1483 908 261
136 1186 1840 476 192 120 60 86 186 1363 1697 405 191 115 61 78 72 795 1934 719 212 179 78 107
5 162 1650 1600 596 67 10 6 4 120 1386 1746 736 88 11 5 0 24 330 1611 1565 522 32 12
75 2928 781 170 78 49 15 0 118 3133 543 174 78 40 10 0 30 2804 819 225 125 70 19 4
673 2870 416 41 27 13 11 45 607 3066 283 38 30 15 11 46 466 2888 601 43 27 16 11 44
245 2135 690 348 241 170 98 169 249 2200 691 306 226 170 86 168 176 2021 641 514 286 176 94 188
7 3701 386 2 0 0 0 0 7 3754 333 2 0 0 0 0 7 3513 574 2 0 0 0 0
24 3918 154 0 0 0 0 0 28 3934 134 0 0 0 0 0 6 3757 333 0 0 0 0 0
45 886 238 824 491 515 427 670 33 896 332 822 610 534 344 525 67 859 268 654 890 554 259 545
0 242 1554 2289 11 0 0 0 0 501 1376 2216 3 0 0 0 0 51 1624 836 1585 0 0 0
0 3448 648 0 0 0 0 0 0 3582 514 0 0 0 0 0 0 2258 1838 0 0 0 0 0
72 3724 298 2 0 0 0 0 178 3706 212 0 0 0 0 0 52 3715 327 2 0 0 0 0
479 1673 934 467 245 159 101 38 705 1741 814 390 198 155 77 16 880 1813 681 318 190 139 60 15
573 1978 838 415 169 85 28 10 939 1941 674 307 148 61 20 6 1008 1909 679 288 133 56 19 4
479 1623 1023 519 246 120 67 19 789 1630 875 448 188 101 58 7 951 1676 802 368 150 98 46 5
659 1721 830 363 240 155 93 35 961 1620 734 342 217 133 69 20 1101 1641 668 303 192 121 52 18
286 1813 1140 425 193 107 75 57 573 1945 888 342 137 101 55 55 732 1914 831 355 131 91 33 9
193 1163 1361 628 317 187 146 101 402 1519 1089 491 252 164 98 81 507 1529 1063 466 260 146 80 45
156 1271 1340 675 329 178 100 47 449 1596 1047 505 262 134 74 29 437 1615 1050 495 254 142 74 29
184 1134 1388 574 379 212 121 104 462 1503 1011 472 308 182 80 78 432 1519 1039 481 276 175 87 87
130 733 975 511 325 225 217 980 318 916 779 450 302 201 194 936 214 886 844 449 278 226 218 981
69 344 650 785 738 446 249 815 124 416 703 790 688 374 213 788 74 345 644 751 737 453 258 834
7 278 964 1475 940 274 44 114 16 318 968 1534 857 241 48 114 3 138 706 1404 1158 472 94 121
82 145 992 1604 982 218 56 17 72 117 834 1577 1196 250 40 10 3 124 200 1023 1439 1114 174 19
31 367 1188 920 719 569 263 39 30 311 1193 1222 800 417 118 5 27 506 1473 954 684 359 86 7
212 2580 857 274 139 23 7 4 177 2501 951 296 138 23 6 4 85 2359 1151 291 172 31 6 1
25 410 1327 730 701 562 269 72 48 456 1330 849 777 476 137 23 87 700 1421 717 659 385 110 17
89 879 734 940 647 511 236 60 101 916 721 1014 632 504 183 25 120 1013 1122 961 554 231 82 13
483 1851 417 420 471 366 78 10 581 1792 435 383 458 371 66 10 550 1785 468 448 559 226 47 13
313 1553 411 498 507 524 247 43 323 1583 482 460 497 513 219 19 273 1657 485 572 648 337 110 14
33 196 466 867 930 1021 467 116 56 286 632 911 868 961 311 71 83 323 718 997 1098 713 144 20
4 36 286 796 1225 1360 348 41 10 86 518 935 1278 1139 122 8 13 125 642 1176 1431 616 87 6
3 27 398 1073 888 1340 340 27 4 35 540 1078 1013 1207 212 7 5 80 732 1316 1106 750 103 4
82 791 1791 757 431 209 30 5 99 798 1688 792 378 293 44 4 36 635 1950 1189 217 60 9 0
0 129 1572 1975 380 40 0 0 0 86 1293 2201 428 87 1 0 0 4 410 2076 1461 145 0 0
99 2547 553 583 243 61 8 2 165 2567 490 578 213 74 7 2 113 2462 435 695 302 84 4 1
161 3642 293 0 0 0 0 0 136 3761 199 0 0 0 0 0 96 3591 409 0 0 0 0 0
1276 2134 507 163 10 5 1 0 1300 2198 444 139 10 4 1 0 1271 2101 474 228 16 5 1 0
26 3611 457 2 0 0 0 0 29 3732 335 0 0 0 0 0 29 3566 501 0 0 0 0 0
91 3919 81 5 0 0 0 0 87 3925 76 8 0 0 0 0 38 3920 126 12 0 0 0 0
143 1685 497 610 407 571 127 56 133 1701 648 670 428 358 118 40 191 1668 513 1171 421 81 24 27
30 1362 1260 1408 23 9 1 3 17 1433 1468 1154 11 9 2 2 15 1153 666 2037 212 7 3 3
0 3272 824 0 0 0 0 0 0 3524 572 0 0 0 0 0 0 3000 1096 0 0 0 0 0
37 3828 231 0 0 0 0 0 320 3630 146 0 0 0 0 0 81 3684 329 2 0 0 0 0
626 1851 804 368 191 155 77 24 983 1787 652 300 175 137 46 16 1113 1841 559 250 172 113 40 8
333 1878 1097 426 180 114 44 24 716 1954 827 302 175 78 26 18 874 1983 728 266 149 70 16 10
501 1756 852 434 257 143 100 53 798 1780 700 363 215 119 88 33 938 1781 694 335 160 111 57 20
768 1879 636 341 243 124 74 31 1116 1736 543 310 204 119 56 12 1239 1735 487 299 193 96 38 9
318 1853 1054 396 235 144 57 39 646 2011 730 313 209 116 43 28 696 1986 718 314 203 106 45 28
93 1102 1173 539 349 206 112 522 302 1416 899 435 281 171 106 486 255 1314 964 493 264 169 118 519
74 617 915 494 298 206 200 1292 192 847 739 408 263 195 181 1271 126 778 804 407 274 215 191 1301
196 445 720 575 379 318 240 1223 271 503 715 541 335 294 246 1191 216 524 717 515 357 300 268 1199
251 361 743 974 673 461 322 311 310 399 829 918 634 453 258 295 284 387 700 981 671 450 319 304
272 429 695 1156 763 437 218 126 335 437 754 1132 726 411 197 104 256 399 631 1138 848 454 247 123
36 316 1054 1956 620 113 1 0 33 309 1071 1934 641 107 1 0 0 130 734 1929 1000 281 22 0
106 352 1316 1371 817 131 3 0 112 310 1127 1362 970 210 5 0 33 269 433 1098 1188 927 147 1
110 782 2197 876 126 5 0 0 222 1207 1834 764 66 3 0 0 218 1372 2090 389 24 3 0 0
222 1798 1375 540 113 29 19 0 341 1928 1284 412 95 32 4 0 415 1947 1352 299 68 15 0 0
202 2086 1366 335 80 18 8 1 396 2036 1330 268 49 11 6 0 563 2370 970 144 41 5 3 0
166 1998 1099 465 243 75 31 19 280 2060 1119 383 165 54 19 16 523 2470 750 229 84 23 8 9
605 2423 593 251 135 55 22 12 632 2404 670 220 94 52 17 7 631 2644 556 157 73 23 12 0
356 1312 1268 723 262 117 37 21 331 1549 1316 570 199 90 30 11 433 1876 1205 380 134 45 17 6
210 668 1097 1244 550 243 64 20 335 786 1432 944 370 180 36 13 333 1009 1437 801 350 116 38 12
129 518 1299 1293 592 174 56 35 209 797 1427 1067 427 101 41 27 177 810 1474 1102 385 84 26 38
9 321 1150 1349 816 373 68 10 41 553 1105 1326 761 270 36 4 79 747 1346 1144 578 176 25 1
8 193 926 1324 1158 385 75 27 45 386 899 1286 1094 316 59 11 57 588 1266 1473 559 112 34 7
18 292 1127 1630 601 198 64 166 12 171 1249 1786 544 144 50 140 2 84 529 1841 1301 140 37 162
135 2085 458 523 520 145 56 174 278 2164 588 432 421 101 32 80 316 2021 599 615 358 81 22 84
18 3523 555 0 0 0 0 0 62 3810 224 0 0 0 0 0 74 3503 519 0 0 0 0 0
991 2881 143 32 23 9 6 11 1046 2854 132 25 17 7 7 8 1060 2811 161 28 16 6 10 4
128 3834 134 0 0 0 0 0 129 3845 122 0 0 0 0 0 116 3770 210 0 0 0 0 0
222 3846 28 0 0 0 0 0 209 3859 28 0 0 0 0 0 209 3854 33 0 0 0 0 0
188 2189 442 641 269 310 54 3 180 2216 457 596 184 352 98 13 236 2100 527 914 299 20 0 0
99 1162 769 2066 0 0 0 0 5 1383 727 1981 0 0 0 0 12 903 892 1652 637 0 0 0
0 2238 1858 0 0 0 0 0 0 2689 1407 0 0 0 0 0 0 259 3837 0 0 0 0 0
1 3886 209 0 0 0 0 0 287 3630 179 0 0 0 0 0 68 3310 712 6 0 0 0 0
699 2171 708 250 129 80 43 16 1023 2015 598 221 115 73 36 15 1277 1966 486 197 93 57 17 3
423 1991 922 337 202 104 63 54 625 2043 767 276 186 96 51 52 702 1937 784 296 152 93 72 60
402 1177 846 397 337 257 161 519 573 1202 705 387 321 253 162 493 452 1084 858 449 322 235 186 510
285 771 590 622 446 305 477 600 397 707 584 595 434 312 460 607 267 625 600 618 427 321 436 802
199 544 647 441 380 307 307 1271 241 576 633 403 388 308 289 1258 119 537 643 448 395 349 309 1296
298 762 754 562 333 212 228 947 399 826 738 455 309 198 220 951 289 834 751 500 324 202 258 938
612 850 887 611 377 319 253 187 759 869 863 549 346 324 214 172 596 853 881 593 376 318 274 205
711 740 704 587 432 486 278 158 861 722 703 526 443 474 242 125 683 740 681 609 422 476 322 163
455 499 702 804 778 521 235 102 558 485 747 786 771 477 180 92 430 470 664 821 746 594 260 111
461 541 709 928 695 454 217 91 514 551 717 913 688 433 196 84 377 507 623 922 780 506 254 127
70 358 1108 2017 471 71 1 0 69 365 1130 2000 465 66 1 0 5 174 610 1797 1255 234 21 0
201 688 1333 1110 614 144 6 0 308 806 1287 966 564 160 5 0 251 841 993 910 630 406 65 0
133 972 1759 972 218 36 6 0 327 1431 1606 612 97 22 1 0 375 1426 1585 584 99 24 3 0
280 1791 1316 566 120 23 0 0 302 1768 1487 446 86 7 0 0 329 2074 1230 379 77 7 0 0
118 1766 1517 574 106 15 0 0 162 1407 1949 485 85 8 0 0 218 2006 1410 381 76 5 0 0
107 1882 1598 401 86 20 2 0 80 1538 2063 334 68 13 0 0 152 2127 1495 247 63 12 0 0
97 2143 1487 336 26 7 0 0 46 1512 2176 339 22 1 0 0 112 2283 1476 207 17 1 0 0
74 2022 1740 226 24 8 2 0 27 1085 2539 393 41 9 2 0 102 2128 1660 176 24 5 1 0
35 749 1733 509 141 94 146 689 60 586 2019 465 110 126 194 536 104 1253 1580 250 121 165 246 377
6 226 1330 1338 596 221 86 293 14 252 1664 1323 404 147 105 187 24 642 1496 1136 423 152 115 108
5 150 1118 1592 831 314 62 24 17 204 1244 1764 651 166 38 12 45 524 1666 1201 505 120 26 9
30 354 1079 1526 765 240 61 41 199 709 1455 1166 417 102 33 15 256 896 1652 900 282 74 27 9
139 813 1133 878 515 496 118 4 108 814 1778 1120 238 32 6 0 218 794 1095 1222 667 96 4 0
45 1214 435 192 286 297 266 1361 277 1546 1864 147 108 70 51 33 289 2594 652 265 113 65 59 59
21 3620 455 0 0 0 0 0 87 3774 235 0 0 0 0 0 116 3665 315 0 0 0 0 0
615 3368 113 0 0 0 0 0 640 3343 113 0 0 0 0 0 559 3396 141 0 0 0 0 0
166 3893 37 0 0 0 0 0 179 3882 35 0 0 0 0 0 153 3895 48 0 0 0 0 0
106 3926 64 0 0 0 0 0 108 3926 62 0 0 0 0 0 103 3912 81 0 0 0 0 0
148 2450 721 632 79 24 9 33 114 2426 821 579 89 27 9 31 147 2280 668 857 72 27 15 30
311 1253 1466 1059 7 0 0 0 71 1765 1309 945 6 0 0 0 48 1329 836 1861 22 0 0 0
0 3473 623 0 0 0 0 0 0 3674 422 0 0 0 0 0 0 1815 2281 0 0 0 0 0
0 3874 221 1 0 0 0 0 33 3881 181 1 0 0 0 0 8 3494 588 6 0 0 0 0
173 685 517 262 238 338 211 1672 224 775 426 255 214 316 221 1665 194 511 458 349 236 380 224 1744
145 547 497 312 227 370 323 1675 184 600 455 284 210 354 334 1675 132 457 537 326 244 375 314 1711
240 1132 609 309 318 293 234 961 322 1134 558 304 291 285 230 972 301 1098 574 302 332 309 211 969
350 1167 1396 830 294 38 20 1 424 1228 1288 851 246 36 17 6 370 1057 1189 976 396 78 21 9
647 1037 474 666 584 291 214 183 719 1042 462 647 547 310 192 177 626 921 504 429 723 421 279 193
826 1117 616 466 375 305 227 164 1052 1060 549 455 321 297 220 142 894 1106 553 432 366 306 269 170
1070 723 556 527 414 363 283 160 1202 676 556 529 397 355 238 143 951 800 540 536 409 374 312 174
912 679 646 594 463 460 251 91 1039 651 679 527 472 454 195 79 774 719 648 604 454 481 312 104
500 563 763 775 861 418 146 70 552 559 818 858 729 381 135 64 419 514 720 806 910 459 195 73
584 491 701 770 727 550 191 82 620 509 720 783 694 527 176 67 514 462 663 752 757 604 245 99
172 489 1147 1703 525 59 1 0 184 508 1095 1699 547 63 0 0 111 349 611 1541 1279 200 5 0
159 910 1588 1023 301 97 17 1 388 1304 1443 692 195 65 9 0 623 1461 1253 533 166 55 5 0
181 977 1552 947 339 85 14 1 403 1314 1478 639 213 43 6 0 543 1459 1322 547 181 40 4 0
170 969 1616 988 270 71 9 3 377 1294 1558 650 173 39 4 1 535 1489 1393 512 136 27 4 0
174 1027 1585 951 291 58 10 0 397 1349 1519 654 146 26 5 0 511 1556 1355 505 141 22 6 0
138 933 1656 1012 269 76 12 0 295 1315 1634 631 178 37 6 0 361 1459 1495 573 166 36 6 0
78 809 1821 1063 280 39 6 0 150 1060 1858 828 170 27 3 0 228 1400 1681 634 131 21 1 0
64 807 1999 915 261 40 8 2 96 1019 2051 721 179 25 5 0 184 1480 1760 531 114 22 5 0
26 302 911 1107 480 265 211 794 236 915 1175 517 243 209 209 592 451 1124 1004 438 238 256 361 224
10 443 969 860 706 409 270 429 37 464 1365 922 481 338 170 319 48 796 1256 905 430 282 206 173
6 25 138 507 1041 1471 700 208 12 51 288 767 1473 1102 302 101 12 73 346 914 1557 925 193 76
15 138 634 1327 1247 515 140 80 71 339 1095 1422 802 253 79 35 100 452 1351 1357 582 174 52 28
185 1281 724 696 730 354 95 31 121 1339 1769 588 179 70 22 8 260 1056 1291 1160 242 63 17 7
20 639 392 358 755 625 501 806 840 2259 465 64 278 84 18 88 1112 2191 257 83 171 151 37 94
161 3530 398 7 0 0 0 0 315 3531 248 2 0 0 0 0 371 3493 231 1 0 0 0 0
814 3168 114 0 0 0 0 0 814 3168 114 0 0 0 0 0 814 3168 114 0 0 0 0 0
118 3907 71 0 0 0 0 0 136 3903 57 0 0 0 0 0 138 3898 60 0 0 0 0 0
58 3946 92 0 0 0 0 0 66 3941 89 0 0 0 0 0 45 3859 192 0 0 0 0 0
109 2463 521 935 57 5 3 3 113 2480 559 867 65 6 3 3 91 2353 635 980 28 5 2 2
350 1450 1223 1073 0 0 0 0 117 1882 1266 828 3 0 0 0 84 1417 921 1663 11 0 0 0
0 2410 1686 0 0 0 0 0 0 3087 1009 0 0 0 0 0 0 390 3706 0 0 0 0 0
0 3454 642 0 0 0 0 0 0 3686 410 0 0 0 0 0 0 3106 947 43 0 0 0 0
436 1402 935 642 268 223 118 72 679 1304 927 539 250 210 118 69 637 1175 976 563 317 232 136 60
410 2011 831 344 198 122 79 101 533 2052 696 313 205 109 85 103 455 1930 760 384 224 123 122 98
693 1728 756 417 315 169 17 1 796 1730 686 391 297 174 19 3 706 1608 752 439 284 247 56 4
373 1514 1323 580 203 68 18 17 457 1554 1174 606 199 75 15 16 306 1473 945 942 239 137 34 20
455 942 528 1086 613 203 91 178 542 944 497 984 667 183 104 175 522 893 402 414 1171 388 125 181
906 1162 592 422 393 340 179 102 1081 1139 523 420 344 332 164 93 964 1054 597 420 373 353 226 109
949 748 689 535 452 401 216 106 1047 736 657 530 449 375 209 93 890 760 678 541 440 429 245 113
670 786 744 606 497 530 186 77 795 741 761 555 528 487 172 57 588 795 728 618 486 557 242 82
613 520 733 840 695 415 201 79 679 525 757 850 635 414 173 63 551 516 707 796 750 459 230 87
400 458 778 865 810 518 212 55 456 506 783 880 785 478 162 46 369 423 723 835 882 558 241 65
318 767 1146 1334 463 48 17 3 341 778 1110 1349 460 41 14 3 402 681 736 1253 865 141 13 5
285 1405 1820 437 104 33 10 2 413 1770 1461 337 77 27 10 1 520 1677 1510 277 75 24 12 1
270 1690 1716 320 71 21 7 1 374 1974 1436 225 62 17 8 0 475 1910 1411 221 53 19 7 0
286 1566 1423 539 168 59 25 30 486 1778 1216 400 120 47 23 26 670 1782 1125 316 112 45 21 25
106 1012 1310 784 418 257 124 85 208 1287 1237 665 362 194 94 49 293 1441 1151 637 319 161 74 20
82 630 1142 907 534 369 226 206 191 828 1168 798 485 319 186 121 348 1042 1144 665 414 251 145 87
42 224 582 710 814 718 583 423 77 325 704 761 841 697 454 237 175 579 862 876 665 520 315 104
21 214 576 763 755 842 621 304 78 320 681 789 863 847 376 142 176 582 884 773 747 648 222 64
24 182 1119 881 615 697 401 177 97 1019 849 655 677 536 202 61 239 1227 734 609 691 419 149 28
4 52 203 295 489 999 1282 772 37 180 209 388 761 1333 868 320 90 189 284 463 975 1354 554 187
3 28 96 330 817 1285 993 544 17 58 182 567 1081 1249 608 334 35 107 313 826 1284 942 399 190
9 91 278 698 979 808 444 789 49 179 419 842 953 645 322 687 70 219 653 962 859 463 237 633
16 540 1406 680 496 352 213 393 143 1100 1203 545 423 247 156 279 128 1000 1398 567 392 222 145 244
40 560 774 655 857 895 154 161 320 1261 654 629 772 281 69 110 405 1153 703 632 738 297 72 96
755 3138 195 4 1 0 2 1 860 3080 150 2 1 2 1 0 849 3057 184 2 1 2 1 0
522 3242 331 1 0 0 0 0 570 3271 254 1 0 0 0 0 526 3280 290 0 0 0 0 0
67 3892 125 12 0 0 0 0 81 3875 128 12 0 0 0 0 53 3841 190 12 0 0 0 0
8 3407 628 52 1 0 0 0 8 3353 678 56 1 0 0 0 4 2721 1286 79 6 0 0 0
0 1681 1307 1057 35 13 3 0 0 1965 1218 870 33 8 2 0 1 1511 1474 1080 25 5 0 0
6 1338 1803 944 4 1 0 0 2 1357 1926 806 3 2 0 0 2 659 2095 1312 26 2 0 0
0 2008 2088 0 0 0 0 0 0 2316 1780 0 0 0 0 0 0 33 4063 0 0 0 0 0
0 721 3370 5 0 0 0 0 0 2044 2051 1 0 0 0 0 0 728 3207 161 0 0 0 0
543 2023 738 236 135 139 110 172 688 2080 582 193 134 139 103 177 550 1930 646 290 197 150 162 171
444 1868 782 393 291 173 96 49 573 1846 717 353 265 190 101 51 487 1623 782 443 306 254 132 69
516 1962 847 348 249 126 29 19 596 2004 744 321 236 150 25 20 532 1894 785 389 216 207 54 19
369 1433 1360 438 235 177 54 30 506 1506 1210 398 227 164 57 28 367 1358 1125 647 258 180 129 32
391 751 749 1075 598 223 106 203 448 734 676 1055 644 216 129 194 428 671 415 756 1004 466 140 216
757 1182 689 520 376 344 149 79 906 1193 634 489 338 319 150 67 753 1190 631 510 370 358 203 81
762 923 749 589 450 407 147 69 897 918 735 553 415 383 133 62 760 923 701 592 419 450 178 73
763 675 774 613 557 512 160 42 862 675 763 585 569 474 133 35 681 706 761 608 541 533 215 51
421 598 842 813 728 447 192 55 511 606 903 796 694 403 146 37 391 597 817 820 737 479 204 51
133 137 478 1024 1258 691 251 124 151 176 567 1179 1203 534 200 86 122 153 472 1060 1329 629 234 97
235 899 1191 997 541 156 47 30 333 1038 1136 958 470 103 33 25 481 1004 1030 834 536 147 40 24
74 532 1887 1115 362 115 7 4 154 833 2123 703 243 34 4 2 131 736 2109 847 239 27 5 2
94 405 1012 1255 476 373 296 185 178 571 1290 1012 436 291 249 69 153 496 1240 1173 472 312 202 48
77 290 574 574 456 628 809 688 155 429 640 497 578 771 746 280 201 435 623 587 654 840 575 181
7 47 118 258 455 826 1369 1016 29 85 210 352 673 1241 1148 358 56 95 227 386 777 1360 942 253
37 67 126 262 466 785 1287 1066 75 89 207 391 638 1146 1162 388 84 104 236 435 755 1266 957 259
4 18 42 66 149 454 1589 1774 8 39 61 113 318 1139 2053 365 8 43 68 131 420 1559 1669 198
3 20 404 1046 137 499 1084 903 5 69 871 612 367 944 1079 149 7 38 584 946 529 1099 818 75
14 107 688 1248 230 464 720 625 34 165 1250 729 327 658 743 190 28 144 851 1175 424 721 664 89
22 115 236 385 674 978 884 802 95 183 283 580 889 923 674 469 118 216 375 656 961 896 531 343
19 96 273 447 650 726 642 1243 97 244 448 604 735 643 406 919 246 373 617 740 648 447 336 689
11 93 269 482 613 724 681 1223 106 295 531 620 690 631 505 718 312 501 696 718 634 518 365 352
9 91 279 436 586 784 858 1053 118 284 465 631 778 790 583 447 332 489 680 828 767 554 377 69
55 211 381 535 733 794 682 705 203 415 568 750 814 645 400 301 410 650 857 868 644 384 242 41
1863 2101 103 17 7 3 2 0 1971 2026 76 16 3 4 0 0 1934 2051 87 18 4 2 0 0
436 3174 480 6 0 0 0 0 686 3110 297 3 0 0 0 0 694 2991 408 3 0 0 0 0
673 3355 67 1 0 0 0 0 739 3298 58 1 0 0 0 0 498 3502 94 2 0 0 0 0
126 3399 556 15 0 0 0 0 98 3366 617 15 0 0 0 0 74 3008 970 44 0 0 0 0
12 2240 1356 410 57 9 9 3 17 2393 1384 259 24 13 4 2 23 1788 1910 343 19 7 5 1
0 1874 2082 135 5 0 0 0 0 2009 1979 105 3 0 0 0 0 975 2843 269 9 0 0 0
0 759 3318 19 0 0 0 0 0 777 3301 18 0 0 0 0 0 34 4015 47 0 0 0 0
0 0 4055 41 0 0 0 0 0 0 4058 38 0 0 0 0 0 0 2577 1519 0 0 0 0
438 2010 853 300 167 153 82 93 515 2071 743 275 165 145 86 96 573 1824 817 289 180 189 137 87
491 1695 976 418 259 182 70 5 608 1792 816 360 234 188 84 14 564 1573 944 393 240 236 121 25
399 1652 1098 381 245 192 75 54 511 1751 936 331 244 190 78 55 458 1644 919 418 241 236 114 66
679 1598 1016 345 232 117 74 35 815 1639 897 278 232 124 74 37 712 1481 980 365 228 175 102 53
278 568 1033 1346 458 173 87 153 339 565 951 1292 551 164 84 150 344 522 544 994 1157 276 99 160
742 1075 800 564 359 351 137 68 882 1068 770 509 329 344 126 68 703 1136 752 536 334 363 201 71
659 791 870 720 479 405 125 47 776 833 845 669 447 371 115 40 678 807 857 661 460 428 160 45
479 593 783 839 705 483 169 45 608 627 812 821 635 451 113 29 503 614 808 793 672 502 163 41
210 334 498 704 842 725 435 348 275 387 564 750 840 664 378 238 231 369 541 750 860 709 394 242
46 109 367 715 1055 762 575 467 88 206 536 929 960 710 391 276 131 237 609 882 1042 626 370 199
128 415 636 836 834 526 323 398 349 586 803 873 621 351 256 257 700 778 918 711 456 246 173 114
141 242 400 541 691 746 658 677 252 303 496 621 752 756 477 439 412 407 577 696 757 618 373 256
45 227 234 386 699 995 946 564 136 271 305 592 903 1052 584 253 136 304 353 664 1016 981 453 189
62 247 250 286 379 635 1040 1197 174 282 264 357 510 897 1151 461 190 300 310 368 595 1067 967 299
7 24 49 144 273 526 1427 1646 21 39 105 225 440 1099 1835 332 20 43 132 265 529 1423 1500 184
12 25 35 72 148 298 1247 2259 24 30 52 128 223 793 2130 716 32 35 71 150 289 1257 1942 320
1 37 53 61 85 128 720 3011 19 54 53 73 109 358 2559 871 19 49 60 79 139 715 2728 307
1 16 13 14 19 69 704 3260 7 19 14 12 42 308 2407 1287 6 15 16 20 61 598 3135 245
21 59 76 120 245 557 1346 1672 59 65 101 172 404 1001 1714 580 52 74 108 225 469 1287 1562 319
18 117 244 327 381 407 438 2164 81 224 270 350 408 375 433 1955 86 235 304 372 407 406 401 1885
36 180 476 663 647 597 499 998 191 425 654 633 605 495 377 716 240 478 667 672 570 492 373 604
94 357 638 772 688 545 439 563 377 623 788 662 554 437 347 308 456 726 798 669 539 379 327 202
85 367 739 862 664 531 394 454 331 704 885 714 530 414 298 220 447 827 886 677 514 350 265 130
722 1099 602 484 401 324 219 245 1031 1174 589 450 332 244 160 116 1059 1197 623 453 341 194 144 85
2219 1856 21 0 0 0 0 0 2327 1748 21 0 0 0 0 0 2212 1863 21 0 0 0 0 0
2034 1977 81 4 0 0 0 0 2076 1945 74 1 0 0 0 0 2052 1964 79 1 0 0 0 0
2455 1639 2 0 0 0 0 0 2474 1620 2 0 0 0 0 0 2449 1645 2 0 0 0 0 0
540 3514 42 0 0 0 0 0 541 3514 41 0 0 0 0 0 431 3613 52 0 0 0 0 0
429 3533 124 8 2 0 0 0 438 3564 86 6 2 0 0 0 428 3581 81 4 2 0 0 0
416 1375 1336 566 239 98 30 36 443 1721 1288 387 154 59 22 22 473 1652 1321 417 140 59 20 14
1 379 3469 232 15 0 0 0 2 760 3205 126 3 0 0 0 2 461 3390 239 4 0 0 0
0 25 3664 407 0 0 0 0 0 80 3708 308 0 0 0 0 0 15 2660 1419 2 0 0 0
528 1656 1068 339 213 158 79 55 632 1796 852 317 197 155 81 66 563 1533 989 372 244 215 120 60
480 1859 932 440 258 119 7 1 599 1936 803 382 220 147 8 1 616 1735 832 447 233 196 36 1
604 1720 761 365 244 216 111 75 708 1761 652 346 223 231 95 80 738 1511 743 359 246 235 179 85
434 1537 1033 470 285 175 78 84 586 1622 877 410 261 192 68 80 521 1482 926 450 291 216 131 79
233 406 1075 1557 470 118 81 156 253 488 1017 1476 510 122 70 160 273 389 725 1132 1098 225 101 153
371 771 1061 829 504 383 128 49 508 875 1044 714 436 359 120 40 489 911 993 711 399 401 150 42
316 601 798 864 765 446 188 118 487 696 871 827 662 325 141 87 491 755 908 782 579 355 150 76
204 272 460 749 918 763 440 290 291 332 570 850 893 649 330 181 322 390 586 874 859 607 311 147
121 190 421 717 942 821 487 397 161 265 500 823 919 767 379 282 144 252 502 819 959 766 379 275
89 306 615 868 955 460 344 459 278 453 764 998 697 372 260 274 539 535 795 941 709 281 215 81
105 344 508 625 655 636 516 707 352 493 638 627 626 551 361 448 697 673 702 638 518 409 297 162
32 94 211 373 660 1053 1047 626 92 161 324 586 947 1103 612 271 126 221 402 705 1050 1009 437 146
32 81 156 260 436 896 1427 808 74 127 240 356 731 1415 883 270 98 157 278 460 935 1451 553 164
7 28 96 193 429 844 1556 943 27 66 176 338 728 1392 1207 162 32 83 197 419 862 1569 849 85
22 51 55 93 204 496 1424 1751 52 56 82 161 382 1154 1801 408 52 59 93 190 513 1487 1509 193
16 164 158 105 127 213 964 2349 124 176 103 128 174 542 2286 563 79 189 151 139 216 1066 2040 216
17 117 92 43 40 128 955 2704 93 114 39 44 72 515 2680 539 53 121 71 47 147 1274 2250 133
0 3 13 30 40 92 879 3039 3 8 25 42 55 425 2741 797 2 11 27 45 112 1264 2526 109
46 166 357 263 324 410 941 1589 91 277 329 280 332 707 1393 687 177 283 377 292 379 950 1270 368
44 421 907 420 360 330 315 1299 138 813 643 406 319 329 327 1121 119 760 785 400 305 311 342 1074
52 228 492 659 574 482 362 1247 232 450 648 592 482 352 312 1028 228 495 660 616 470 364 295 968
105 335 694 830 694 533 402 503 336 646 815 733 537 425 313 291 367 668 846 718 551 408 312 226
126 476 809 813 570 434 371 497 464 779 823 613 451 378 284 304 456 759 888 627 462 366 286 252
230 698 897 707 519 378 266 401 472 997 807 598 438 286 247 251 425 989 923 586 426 287 233 227
569 1958 1272 289 8 0 0 0 789 2116 1066 123 2 0 0 0 464 2224 1217 187 4 0 0 0
305 1896 1733 160 2 0 0 0 456 2423 1170 47 0 0 0 0 415 2305 1317 59 0 0 0 0
538 2231 1163 161 3 0 0 0 665 2477 878 73 3 0 0 0 664 2430 910 89 3 0 0 0
445 2216 1312 120 3 0 0 0 565 2539 939 50 3 0 0 0 458 2548 1023 63 4 0 0 0
451 1798 1583 263 1 0 0 0 602 2237 1161 96 0 0 0 0 555 2189 1240 112 0 0 0 0
441 729 1378 817 362 193 120 56 590 1303 1281 488 231 129 54 20 603 1439 1304 421 190 96 38 5
24 1051 2506 401 74 24 13 3 133 1873 1879 150 42 13 5 1 105 1591 2166 180 36 17 1 0
6 847 3111 128 4 0 0 0 23 1601 2412 60 0 0 0 0 16 955 3016 107 2 0 0 0
761 1538 1016 337 192 168 53 31 879 1646 844 279 172 182 65 29 796 1468 876 359 245 209 108 35
630 1628 966 420 295 136 16 5 796 1643 846 356 261 170 18 6 716 1482 853 437 291 245 64 8
621 1537 952 377 245 205 101 58 842 1553 789 324 228 191 111 58 861 1390 791 373 227 231 150 73
783 1374 746 425 349 273 85 61 975 1346 644 398 325 264 91 53 820 1285 710 433 329 298 160 61
187 454 1239 1579 263 138 73 163 234 495 1177 1558 254 133 89 156 272 434 794 1262 953 146 84 151
436 556 799 761 602 481 266 195 520 635 849 690 580 430 229 163 651 748 774 638 545 409 220 111
255 477 708 778 769 551 291 267 417 575 753 773 685 459 236 198 519 606 807 749 596 441 242 136
247 207 425 593 704 685 507 728 292 266 507 625 742 641 459 564 252 304 497 657 705 678 470 533
119 185 420 729 961 732 516 434 168 299 618 884 902 634 351 240 159 323 669 909 899 606 358 173
146 451 584 707 781 559 421 447 377 561 636 852 593 495 305 277 466 625 650 830 628 427 284 186
191 320 453 627 818 784 491 412 314 397 581 739 870 602 320 273 470 459 623 849 816 472 212 195
46 133 218 496 959 1214 722 308 102 180 343 796 1244 936 349 146 122 212 411 900 1278 801 250 122
43 90 208 399 710 1102 1101 443 89 163 313 596 1018 1205 551 161 104 186 358 674 1126 1155 379 114
7 45 76 143 292 857 1719 957 26 71 120 211 661 1578 1223 206 34 79 141 275 845 1769 846 107
3 12 29 75 163 516 1782 1516 9 20 70 126 402 1362 1915 192 14 26 76 174 547 1850 1342 67
25 53 47 62 102 343 1511 1953 53 55 53 79 227 1078 2150 401 48 68 61 113 366 1574 1669 197
25 123 92 101 176 526 1498 1555 86 108 112 129 393 1182 1660 426 87 113 112 177 531 1546 1269 261
24 310 614 130 195 488 1600 735 91 622 310 166 335 1314 1113 145 81 492 458 204 534 1663 591 73
12 154 313 83 159 846 1711 818 66 309 153 98 553 1576 1237 104 40 280 203 158 871 1912 607 25
13 173 481 235 397 1089 1347 361 33 366 393 294 819 1429 694 68 22 236 519 374 1054 1467 393 31
15 1386 1472 166 120 93 102 742 77 2116 777 141 100 92 147 646 66 1694 1183 163 99 110 159 622
32 914 759 392 290 238 222 1249 151 1423 437 300 251 183 304 1047 154 1402 490 300 254 182 347 967
66 346 699 641 489 357 296 1202 277 713 664 502 391 275 220 1054 320 733 677 484 383 257 240 1002
137 707 1216 779 346 262 209 440 468 1137 1066 441 291 218 195 280 480 1134 1114 458 274 240 193 203
115 1083 2120 727 51 0 0 0 317 1644 1835 284 16 0 0 0 259 1492 1964 360 21 0 0 0
175 1382 2007 526 6 0 0 0 395 1903 1655 143 0 0 0 0 354 1782 1760 198 2 0 0 0
188 1470 2091 324 23 0 0 0 380 2116 1473 116 11 0 0 0 362 1956 1612 151 15 0 0 0
183 1569 2055 288 1 0 0 0 375 2135 1499 87 0 0 0 0 331 2005 1637 122 1 0 0 0
283 2234 1346 231 2 0 0 0 432 2529 1059 76 0 0 0 0 341 2418 1200 137 0 0 0 0
453 1138 1476 588 179 108 61 93 512 1494 1330 348 172 99 62 79 601 1567 1429 284 77 49 58 31
74 1099 2364 456 52 17 18 16 181 1745 1856 213 45 18 21 17 160 1750 1992 138 15 19 12 10
60 1484 2217 321 14 0 0 0 168 2137 1633 142 16 0 0 0 95 1769 1961 233 34 4 0 0
986 1734 694 316 194 138 21 13 1133 1690 622 283 173 149 34 12 905 1640 709 340 209 209 71 13
750 1641 723 448 318 160 36 20 917 1613 652 392 270 195 41 16 772 1521 687 431 320 255 92 18
678 1525 801 376 277 230 124 85 888 1522 676 339 247 217 124 83 641 1466 813 409 248 196 226 97
601 1093 989 618 350 246 135 64 757 1198 916 500 294 240 130 61 611 1166 950 564 290 258 185 72
159 404 1149 1649 265 157 93 220 211 505 1146 1561 249 136 94 194 245 429 715 1491 807 155 70 184
284 523 682 747 771 486 321 282 432 626 748 766 618 440 263 203 551 686 793 698 573 414 267 114
209 284 457 643 778 768 486 471 304 346 553 722 812 637 437 285 296 433 575 721 825 617 421 208
233 248 352 604 828 752 498 581 303 264 459 719 841 643 437 430 251 277 469 735 845 685 458 376
122 303 597 881 947 618 322 306 269 461 724 950 822 443 225 202 358 537 743 944 786 391 205 132
141 318 495 655 802 667 464 554 344 450 570 787 713 529 340 363 421 499 664 822 658 479 292 261
137 321 534 751 853 741 411 348 301 458 660 855 832 524 252 214 339 505 717 886 788 464 219 178
103 240 448 757 906 816 500 326 233 339 630 898 896 612 292 196 260 372 695 935 858 578 244 154
148 243 422 581 765 851 512 574 261 346 492 710 848 684 363 392 282 374 538 734 886 602 338 342
53 180 268 411 689 996 852 647 154 230 337 584 893 969 653 276 162 260 362 657 964 932 545 214
16 55 134 245 458 1048 1424 716 47 109 202 364 822 1407 959 186 51 121 231 409 1003 1481 696 104
45 77 126 177 377 820 1528 946 94 102 157 291 647 1395 1120 290 89 114 176 355 789 1520 832 221
0 2 14 59 196 714 1919 1192 1 7 40 150 523 1530 1714 131 1 12 55 184 699 1895 1203 47
1 8 23 62 183 626 1888 1305 4 23 45 125 451 1545 1795 108 4 26 52 164 639 1913 1255 43
2 10 29 51 204 821 1985 994 11 21 39 150 498 1856 1436 85 9 26 45 190 819 2208 767 32
5 20 30 32 74 388 1794 1753 17 27 28 46 248 1229 2316 185 16 31 29 70 448 2127 1331 44
0 42 934 100 94 560 1792 574 0 268 778 73 326 1558 1064 29 0 61 947 130 582 1917 451 8
2 1699 1765 102 25 83 332 88 5 2039 1498 35 44 256 209 10 1 1643 1851 78 105 328 89 1
51 2583 1365 17 10 10 6 54 78 3165 764 14 9 9 6 51 76 2803 1116 18 16 9 5 53
20 2911 426 476 47 15 15 186 67 3034 528 241 19 15 11 181 25 2942 391 479 46 13 16 184
121 2396 1425 143 11 0 0 0 262 2563 1215 55 1 0 0 0 259 2405 1198 228 6 0 0 0
79 2089 1693 231 4 0 0 0 128 2323 1557 87 1 0 0 0 101 2141 1709 143 2 0 0 0
113 1898 1862 220 3 0 0 0 209 2315 1468 104 0 0 0 0 147 2007 1799 143 0 0 0 0
126 2199 1659 112 0 0 0 0 198 2557 1290 51 0 0 0 0 145 2291 1594 66 0 0 0 0
502 2658 879 51 6 0 0 0 363 2973 710 46 4 0 0 0 442 2613 972 64 5 0 0 0
185 2263 1072 155 82 111 126 102 183 2357 973 155 86 137 123 82 345 2257 992 136 85 129 109 43
72 1468 957 417 280 206 336 360 152 1683 829 366 253 217 422 174 245 1802 786 357 177 182 428 119
94 1742 2017 242 1 0 0 0 59 2088 1857 92 0 0 0 0 96 1856 1926 216 2 0 0 0
580 1649 874 487 327 139 35 5 734 1651 797 427 291 158 34 4 527 1469 972 510 292 254 64 8
574 1719 731 397 342 194 89 50 723 1771 610 374 291 208 69 50 562 1570 801 442 308 252 101 60
391 856 829 567 486 413 290 264 609 1008 713 510 447 361 244 204 576 1008 742 549 429 349 249 194
213 527 899 827 684 412 273 261 436 742 947 714 501 339 209 208 531 841 928 661 451 298 237 149
69 327 1197 1594 355 187 116 251 136 386 1227 1563 302 154 103 225 201 351 862 1507 746 150 86 193
124 337 569 679 809 658 479 441 237 456 656 745 745 593 409 255 336 500 672 713 680 616 408 171
25 52 228 480 874 947 749 741 36 108 349 635 994 863 698 413 44 118 362 684 1021 870 668 329
46 97 313 748 1102 869 580 341 67 153 472 977 1057 755 404 211 77 174 477 971 1088 749 381 179
142 405 606 825 810 546 337 425 426 589 736 898 642 359 218 228 662 676 873 830 494 239 225 97
42 113 299 584 1110 1096 597 255 104 228 484 896 1200 769 314 101 144 297 550 1005 1167 652 230 51
32 101 264 666 1031 1140 608 254 80 176 514 924 1175 830 262 135 100 211 622 1017 1172 671 199 104
35 124 272 630 1025 1113 587 310 92 207 470 902 1142 817 314 152 118 220 563 985 1154 700 236 120
94 375 428 383 541 767 801 707 215 453 435 464 691 848 635 355 255 478 493 512 752 809 541 256
70 203 275 428 594 835 885 806 186 248 351 567 762 859 665 458 178 275 388 611 796 907 563 378
37 134 245 405 671 964 942 698 103 210 307 601 838 1016 768 253 110 215 376 642 923 1002 668 160
42 155 262 472 824 1097 884 360 123 211 376 714 1009 1063 486 114 121 226 414 780 1090 990 391 84
33 106 153 272 567 1137 1236 592 63 144 231 429 1001 1300 745 183 71 163 262 517 1139 1281 545 118
29 61 92 221 448 993 1484 768 64 73 176 359 763 1377 1071 213 62 89 207 413 914 1492 792 127
8 31 84 157 496 1218 1465 637 23 61 115 302 951 1559 913 172 19 70 154 402 1157 1559 649 86
35 203 94 100 170 475 1872 1147 176 118 97 142 323 1390 1678 172 120 180 102 177 508 1994 947 68
0 0 3 25 157 1078 2501 332 0 2 12 106 665 2583 718 10 0 2 28 133 1045 2600 285 3
0 7 30 9 42 385 2265 1358 1 15 24 19 208 1658 2108 63 3 9 31 49 482 2572 945 5
0 37 925 64 58 188 1277 1547 3 93 905 58 132 746 2047 112 3 48 925 96 219 1615 1165 25
2 397 3043 389 56 70 94 45 4 813 2933 117 64 85 70 10 2 287 3274 294 81 115 34 9
66 1630 2397 3 0 0 0 0 28 1886 2180 2 0 0 0 0 74 1388 2630 4 0 0 0 0
290 1678 2113 15 0 0 0 0 356 1710 2018 12 0 0 0 0 253 1424 2397 22 0 0 0 0
261 2178 1555 73 29 0 0 0 317 2306 1379 71 23 0 0 0 246 1830 1909 80 31 0 0 0
451 2550 995 96 4 0 0 0 478 2649 874 91 4 0 0 0 362 2315 1294 121 4 0 0 0
526 3027 491 51 1 0 0 0 623 3056 386 31 0 0 0 0 668 2767 624 37 0 0 0 0
635 2840 447 133 37 3 1 0 422 3050 447 128 39 9 1 0 591 2863 517 106 18 1 0 0
177 1047 1326 877 365 175 71 58 174 1093 1205 910 414 177 70 53 516 1725 1148 409 167 77 45 9
99 2592 936 325 77 45 19 3 89 2646 936 300 85 26 13 1 245 2840 779 166 50 15 1 0
489 1059 1082 742 449 172 52 51 631 1150 1015 614 404 182 41 59 498 1009 1002 710 452 297 103 25
347 820 793 809 580 355 212 180 549 889 778 752 477 324 190 137 518 866 808 729 509 324 210 132
338 553 721 731 596 454 301 402 536 643 778 624 532 363 277 343 654 653 774 655 479 334 291 256
222 546 784 791 673 491 296 293 441 692 789 722 578 410 259 205 599 795 756 683 532 371 224 136
119 374 1102 1780 421 126 60 114 182 467 1167 1696 344 94 52 94 266 381 846 1463 916 95 39 90
37 87 241 457 820 955 829 670 60 133 336 651 923 943 645 405 80 157 341 721 1010 946 541 300
16 82 259 639 1051 983 662 404 43 135 414 858 1085 858 527 176 42 154 447 888 1145 835 448 137
120 312 570 980 985 596 302 231 238 400 735 1054 830 492 195 152 274 436 747 1082 796 444 206 111
192 611 657 759 612 403 317 545 565 783 780 622 425 314 247 360 821 931 738 538 344 253 277 194
175 426 512 611 731 694 500 447 439 496 586 700 735 544 288 308 517 532 604 753 713 474 257 246
84 208 276 441 800 1082 740 465 207 254 373 637 1009 940 378 298 230 306 440 741 1085 779 288 227
28 79 162 343 674 1157 1087 566 73 145 272 537 1011 1211 615 232 85 157 329 675 1105 1130 458 157
65 258 342 515 785 909 732 490 146 330 453 733 858 859 432 285 204 357 500 755 908 797 366 209
71 272 386 515 700 781 712 659 183 358 449 658 756 769 528 395 254 407 491 715 793 715 464 257
134 320 389 533 694 787 719 520 264 396 482 631 760 764 484 315 260 428 537 654 794 766 380 277
44 150 335 611 924 1077 715 240 100 269 471 805 1124 878 376 73 104 294 515 875 1150 816 281 61
125 733 473 354 586 732 657 436 281 826 400 472 713 730 464 210 262 806 479 537 755 704 394 159
37 192 151 219 467 983 1127 920 92 231 161 380 761 1177 809 485 73 212 242 420 917 1169 667 396
7 31 78 187 542 1216 1519 516 23 46 127 385 896 1579 913 127 27 62 159 474 1093 1593 632 56
8 26 74 154 446 1106 1594 688 22 49 117 335 809 1611 1014 139 26 60 129 418 1033 1640 708 82
3 21 57 194 491 1650 1453 227 15 45 111 347 1211 1854 481 32 16 49 150 403 1545 1638 279 16
3 22 68 175 549 1345 1611 323 6 50 126 344 1054 1830 658 28 8 59 137 482 1308 1758 331 13
7 35 506 559 390 785 1335 479 21 72 840 420 648 1274 749 72 12 54 617 678 850 1405 440 40
0 14 3749 333 0 0 0 0 0 81 3974 41 0 0 0 0 0 12 3607 477 0 0 0 0
3 98 3986 9 0 0 0 0 3 253 3840 0 0 0 0 0 3 47 3994 52 0 0 0 0
0 26 4070 0 0 0 0 0 0 196 3900 0 0 0 0 0 0 8 4081 7 0 0 0 0
1 194 3888 13 0 0 0 0 1 960 3129 6 0 0 0 0 0 64 4017 15 0 0 0 0
0 722 3366 5 2 1 0 0 0 1445 2644 4 3 0 0 0 0 97 3990 5 3 1 0 0
0 761 3321 5 4 5 0 0 0 1534 2549 4 5 4 0 0 0 285 3793 6 6 6 0 0
6 862 3206 20 2 0 0 0 12 1228 2838 16 2 0 0 0 3 645 3424 22 2 0 0 0
14 433 1124 569 543 800 565 48 25 539 1192 595 689 936 92 28 45 565 1237 620 856 710 41 22
4 366 802 758 823 1072 250 21 11 529 948 816 1055 664 59 14 34 504 1017 870 1183 446 35 7
386 809 977 898 538 272 120 96 552 945 985 757 436 244 92 85 529 840 973 791 477 308 125 53
400 824 777 684 545 352 205 309 618 952 767 581 447 277 199 255 547 895 861 622 455 259 244 213
235 541 791 787 634 412 317 379 431 719 811 732 479 368 262 294 507 713 842 672 480 367 273 242
179 422 718 850 722 486 314 405 352 659 869 758 539 374 256 289 575 747 827 661 500 330 299 157
43 307 867 1524 540 359 251 205 94 399 1024 1498 462 327 167 125 163 396 749 1325 996 259 144 64
21 52 312 710 769 861 689 682 32 110 452 839 876 784 585 418 36 138 393 810 1070 799 528 322
15 72 265 667 1056 869 682 470 24 130 414 876 1062 773 550 267 32 141 429 939 1074 796 476 209
166 389 730 959 847 459 261 285 348 666 854 879 673 318 207 151 560 733 846 886 593 254 161 63
102 343 543 712 771 670 453 502 367 512 655 786 677 500 297 302 503 604 768 757 639 394 251 180
85 328 517 699 926 784 437 320 257 470 637 868 864 557 232 211 305 523 714 910 845 442 191 166
52 177 307 430 749 1062 769 550 165 245 391 685 979 856 494 281 209 285 510 763 1038 743 368 180
25 65 172 381 696 1177 1014 566 57 119 309 520 1016 1178 600 297 70 143 355 663 1174 1088 370 233
33 100 171 351 621 1000 1085 735 73 155 264 518 904 1081 751 350 92 181 311 603 999 1090 598 222
139 206 404 514 740 806 725 562 235 333 436 666 820 785 525 296 256 376 482 714 868 738 456 206
210 425 540 628 761 671 447 414 426 490 579 694 779 543 310 275 449 520 623 779 737 492 264 232
90 208 386 635 752 897 595 533 198 309 546 697 865 729 413 339 203 344 576 744 901 684 353 291
52 151 275 431 678 931 973 605 131 205 383 586 878 956 693 264 143 223 419 622 949 975 570 195
55 219 368 553 799 897 772 433 156 321 447 784 845 817 510 216 153 329 472 818 907 814 424 179
66 183 335 492 807 927 876 410 149 297 403 687 876 990 516 178 133 319 469 751 944 960 380 140
22 56 102 255 532 1165 1518 446 58 74 181 408 885 1571 815 104 61 90 212 493 1058 1593 514 75
12 62 147 347 813 1479 966 270 44 117 233 588 1239 1325 450 100 43 121 270 689 1404 1172 317 80
42 145 213 452 924 1382 733 205 84 185 323 725 1304 1059 302 114 68 208 376 828 1383 937 199 97
2 286 1682 743 449 528 343 63 19 649 1777 512 549 423 154 13 8 321 1855 794 596 424 91 7
7 617 3269 201 2 0 0 0 18 963 3049 66 0 0 0 0 3 453 3211 427 2 0 0 0
0 238 3768 90 0 0 0 0 2 562 3506 26 0 0 0 0 0 124 3722 250 0 0 0 0
0 27 3214 378 242 159 74 2 0 89 3325 324 195 143 19 1 0 13 3187 557 219 112 8 0
38 327 3711 20 0 0 0 0 44 510 3539 3 0 0 0 0 19 238 3777 62 0 0 0 0
19 454 3623 0 0 0 0 0 20 759 3317 0 0 0 0 0 0 253 3820 23 0 0 0 0
0 155 3941 0 0 0 0 0 0 381 3715 0 0 0 0 0 0 11 4084 1 0 0 0 0
0 38 4058 0 0 0 0 0 0 114 3982 0 0 0 0 0 0 3 4092 1 0 0 0 0
0 0 1690 692 405 602 700 7 0 11 1967 553 395 994 176 0 0 0 1858 746 648 829 15 0
0 0 2 24 146 1512 2357 55 0 0 10 58 617 2875 529 7 0 0 9 88 1077 2798 121 3
275 884 1031 915 555 259 104 73 531 1102 1031 674 419 206 76 57 477 1062 1003 706 471 224 94 59
489 1066 932 589 392 252 182 194 703 1260 795 459 327 214 165 173 806 1020 847 509 341 240 199 134
379 749 963 666 465 358 225 291 599 981 879 468 421 324 185 239 699 913 818 506 401 348 246 165
125 468 588 702 795 652 423 343 338 633 610 747 749 506 308 205 452 624 688 735 710 479 295 113
81 323 872 1213 633 496 304 174 136 376 974 1284 614 421 218 73 115 350 636 1590 788 394 178 45
62 141 307 1088 739 657 641 461 126 161 442 1170 772 728 438 259 90 210 422 867 1223 696 361 227
214 321 501 771 935 637 410 307 301 387 615 879 881 550 346 137 262 413 670 924 867 565 312 83
152 651 794 771 661 482 259 326 502 946 818 689 507 267 157 210 701 1025 852 639 395 218 151 115
39 158 413 694 1028 961 528 275 140 355 599 976 989 656 252 129 189 420 729 1026 927 524 190 91
24 83 199 383 815 1147 997 448 77 162 311 672 1120 1118 468 168 105 205 424 836 1187 920 329 90
59 126 206 427 723 1095 924 536 152 167 346 618 994 1047 532 240 169 224 416 758 1097 904 376 152
85 196 264 418 655 1035 944 499 192 230 358 539 952 1074 519 232 207 273 444 663 1038 949 369 153
129 303 323 467 650 700 678 846 280 358 396 579 688 699 594 502 332 402 470 647 696 708 480 361
769 106 235 409 602 764 750 461 818 191 340 505 706 827 487 222 839 221 387 572 760 777 387 153
1199 269 349 532 584 553 371 239 1300 334 443 609 570 482 236 122 1321 350 492 643 574 428 201 87
898 432 579 684 608 451 224 220 1098 526 648 705 512 315 156 136 1143 548 705 684 493 288 143 92
990 231 354 441 529 606 573 372 1076 310 415 525 551 650 380 189 1085 338 428 553 605 639 313 135
943 222 316 415 591 692 566 351 1060 267 380 487 683 643 428 148 1051 287 421 541 709 627 364 96
600 155 269 401 586 767 776 542 677 209 346 527 672 863 577 225 668 236 379 583 737 859 483 151
29 116 247 474 754 1149 918 409 94 178 382 620 1023 1070 610 119 97 196 413 670 1113 1063 477 67
80 202 470 734 968 920 460 262 184 315 654 900 958 675 259 151 167 352 667 977 1012 583 196 142
140 364 756 957 961 565 233 120 269 560 889 1044 760 365 136 73 247 534 915 1053 781 368 129 69
132 2148 1271 382 101 41 18 3 273 2461 985 260 75 30 12 0 161 2121 1372 317 80 33 12 0
205 2584 1140 114 40 13 0 0 279 2867 810 97 33 10 0 0 148 2376 1384 133 40 14 1 0
36 1252 2295 373 90 38 12 0 70 1600 2102 228 63 27 6 0 21 1105 2462 419 61 26 2 0
12 67 646 625 876 1056 723 91 19 154 842 779 1026 974 282 20 12 82 760 980 1171 919 159 13
31 587 3367 104 7 0 0 0 58 948 3023 64 3 0 0 0 30 391 3453 215 7 0 0 0
1 446 3648 1 0 0 0 0 5 877 3214 0 0 0 0 0 1 146 3938 11 0 0 0 0
4 825 3267 0 0 0 0 0 4 1251 2841 0 0 0 0 0 0 278 3800 18 0 0 0 0
41 981 3036 38 0 0 0 0 49 1253 2764 30 0 0 0 0 6 488 3522 80 0 0 0 0
19 403 1945 583 522 518 106 0 28 589 1946 592 613 317 11 0 4 286 2192 769 619 220 6 0
1 23 174 441 497 1792 1138 30 3 39 363 409 1056 1972 253 1 1 29 245 637 1470 1640 74 0
293 684 836 901 648 337 224 173 451 784 985 777 491 275 190 143 532 865 886 754 504 255 195 105
291 715 797 836 586 396 244 231 553 882 842 713 443 281 200 182 692 867 789 665 447 306 219 111
327 650 752 626 606 504 351 280 585 717 721 642 530 409 297 195 692 741 690 612 508 415 304 134
63 181 416 741 1087 930 477 201 126 302 511 979 1080 708 275 115 123 283 548 998 1151 669 234 90
17 229 1115 841 877 611 282 124 57 350 1262 967 820 421 160 59 65 332 888 1366 885 386 126 48
14 83 376 1573 818 693 305 234 39 164 492 1682 896 448 232 143 51 203 425 1549 1083 437 206 142
165 362 758 986 894 529 245 157 328 594 923 975 708 334 148 86 430 627 972 939 652 315 117 44
299 789 668 645 601 434 313 347 623 857 723 642 473 339 213 226 775 951 696 635 423 277 210 129
75 227 379 613 884 908 571 439 215 357 531 821 930 661 326 255 259 395 687 928 888 522 258 159
67 196 341 562 761 874 637 658 157 308 505 681 889 727 397 432 209 367 578 792 880 619 352 299
136 337 492 570 720 688 547 606 320 448 539 674 702 587 417 409 419 531 556 732 688 542 381 247
187 434 513 606 723 745 515 373 388 494 576 695 757 618 335 233 476 528 637 750 755 539 255 156
197 514 584 614 663 624 414 486 422 582 624 663 670 503 299 333 464 611 687 691 679 450 255 259
195 448 581 672 718 564 411 507 396 518 679 734 621 493 287 368 464 587 728 713 603 452 267 282
146 269 499 778 872 762 422 348 289 379 700 842 837 537 282 230 326 456 749 896 806 455 243 165
186 362 454 688 778 756 466 406 382 429 576 774 800 591 296 248 396 503 650 834 769 510 242 192
173 414 510 671 877 739 398 314 410 454 608 820 815 537 258 194 363 550 671 881 789 471 206 165
324 790 726 683 631 374 234 334 646 766 708 712 502 298 195 269 663 833 795 702 446 267 180 210
138 405 561 802 794 565 353 478 359 486 754 799 672 432 239 355 395 566 804 864 597 361 218 291
115 244 477 839 1050 813 371 187 241 378 659 1010 954 543 225 86 240 410 754 1076 901 489 171 55
234 832 673 676 699 450 268 264 528 844 684 726 586 343 189 196 454 906 761 746 561 327 170 171
282 809 974 755 591 363 151 171 482 926 986 715 499 241 112 135 442 961 1062 742 441 230 93 125
329 2547 932 187 70 18 7 6 444 2636 773 157 61 15 5 5 381 2566 895 162 62 17 7 6
436 2693 727 162 48 24 6 0 485 2724 672 143 45 21 6 0 417 2655 785 162 49 22 5 1
163 1672 990 482 365 223 116 85 308 1908 849 474 288 157 59 53 341 1919 998 431 227 91 60 29
89 301 505 669 805 888 488 351 218 364 636 756 895 712 250 265 239 430 629 816 913 617 246 206
196 2293 1157 283 100 28 18 21 286 2512 901 266 80 20 17 14 198 2123 1392 243 88 23 19 10
281 2386 1413 14 2 0 0 0 331 2593 1157 13 2 0 0 0 302 1908 1857 27 2 0 0 0
112 2704 1185 85 8 2 0 0 179 2803 1034 71 7 2 0 0 84 2219 1678 104 8 3 0 0
72 2915 1087 22 0 0 0 0 127 3047 905 17 0 0 0 0 78 2141 1850 27 0 0 0 0
32 1661 1422 568 278 86 39 10 54 1900 1339 476 216 71 34 6 37 1398 1872 517 192 55 22 3
7 169 701 939 1114 907 229 30 31 233 850 1079 1197 570 112 24 14 193 839 1312 1243 419 65 11
350 712 786 839 588 391 230 200 524 855 842 731 460 331 193 160 478 813 792 795 557 363 175 123
620 930 714 684 426 328 219 175 918 879 678 587 377 305 226 126 814 856 707 579 491 289 261 99
211 341 454 562 725 835 671 297 342 419 448 643 792 835 432 185 354 422 454 608 902 800 392 164
16 99 221 499 740 842 916 763 31 171 278 672 799 902 889 354 40 143 286 656 882 1045 786 258
16 215 858 578 622 522 669 616 45 394 899 637 591 590 610 330 74 351 831 764 662 710 487 217
54 190 752 1762 633 349 189 167 112 274 961 1731 500 242 141 135 158 358 776 1865 476 222 132 109
104 395 702 890 753 480 336 436 407 768 857 754 517 341 207 245 838 938 837 604 392 196 211 80
100 271 468 640 650 591 442 934 316 451 697 617 570 429 369 647 450 574 750 649 516 372 416 369
103 235 413 581 859 892 546 467 251 345 560 786 908 636 320 290 284 413 634 893 887 533 273 179
123 320 491 733 754 722 466 487 318 394 704 780 713 573 320 294 422 518 810 782 699 447 271 147
193 476 478 571 593 545 383 857 439 469 548 616 565 433 275 751 475 580 566 656 555 359 326 579
116 299 458 634 821 763 482 523 289 393 546 761 815 602 319 371 335 456 639 859 785 478 288 256
149 332 412 474 587 795 738 609 293 402 463 529 717 781 601 310 292 432 520 643 810 764 418 217
180 450 475 595 765 716 520 395 333 529 551 696 769 642 335 241 432 559 629 762 745 526 263 180
199 418 531 621 734 651 483 459 414 501 571 707 672 563 354 314 447 548 622 789 634 537 303 216
120 313 460 693 893 850 484 283 277 419 618 832 899 602 287 162 330 455 695 887 883 528 205 113
143 266 413 659 884 824 540 367 309 332 559 800 898 656 291 251 311 365 677 870 863 564 230 216
153 282 527 805 953 733 350 293 294 392 691 876 943 475 218 207 304 464 785 948 837 413 185 160
113 350 598 814 863 637 458 263 294 461 728 868 781 559 266 139 286 566 847 958 694 450 204 91
134 344 539 758 825 651 397 448 282 457 662 818 754 500 307 316 348 570 744 841 706 429 306 152
167 499 715 770 735 532 285 393 397 616 794 788 641 371 210 279 459 693 837 763 594 327 212 211
502 1789 942 383 216 127 65 72 715 1805 843 334 185 110 49 55 711 1832 820 333 194 104 54 48
681 2450 718 198 37 10 2 0 544 2589 716 199 36 10 2 0 793 2486 634 145 28 8 2 0
405 2270 1052 250 88 26 5 0 568 2391 834 209 71 19 4 0 620 2378 799 209 69 17 4 0
296 1076 1037 661 407 274 161 184 608 1188 947 554 327 229 110 133 761 1285 914 495 297 162 108 74
264 676 824 832 639 456 273 132 527 777 893 797 544 345 135 78 585 894 981 770 464 254 112 36
652 2322 710 232 107 43 18 12 518 2572 667 201 80 33 15 10 776 2432 576 191 72 32 12 5
429 2741 674 195 56 1 0 0 401 2773 718 158 45 1 0 0 631 2654 615 143 51 2 0 0
262 2202 1191 340 89 12 0 0 363 2289 1064 301 71 8 0 0 232 2215 1202 358 82 7 0 0
120 2905 915 137 19 0 0 0 138 3047 779 114 18 0 0 0 92 3049 825 111 19 0 0 0
62 2139 987 492 250 93 48 25 94 2273 939 445 209 68 48 20 74 2191 1082 455 188 69 29 8
20 453 1026 1193 885 305 110 104 77 653 1098 1127 732 225 97 87 44 606 1305 1261 569 167 99 45
303 726 904 910 510 307 255 181 460 860 911 821 405 278 224 137 368 801 929 820 541 321 214 102
305 493 558 646 743 617 443 291 472 532 587 729 710 523 380 163 383 530 567 813 848 512 309 134
56 140 299 612 894 930 741 424 98 204 424 779 956 923 509 203 66 186 396 745 1127 916 493 167
5 93 234 520 636 718 888 1002 28 172 365 602 671 880 900 478 32 153 344 629 799 976 817 346
62 379 527 668 622 497 643 698 137 533 644 621 553 580 677 351 149 519 609 658 645 734 568 214
266 630 955 1430 300 186 145 184 363 747 1160 1159 244 140 140 143 571 612 1001 1312 244 140 147 69
232 662 878 863 594 354 230 283 567 893 826 732 436 273 175 194 1150 1041 824 432 268 164 165 52
196 485 723 728 684 522 328 430 463 646 696 713 577 425 275 301 683 816 818 649 445 314 245 126
101 293 473 698 828 755 541 407 326 407 610 814 750 645 309 235 368 510 705 853 761 512 227 160
123 392 589 833 820 609 377 353 346 497 747 868 713 477 217 231 442 615 845 881 615 358 219 121
239 492 611 700 675 530 342 507 489 611 670 683 595 415 276 357 531 685 727 682 572 354 301 244
270 559 598 643 632 480 375 539 527 678 670 614 504 421 291 391 663 710 658 664 456 402 326 217
265 442 584 630 637 583 415 540 500 518 618 623 610 505 350 372 633 605 681 675 565 420 310 207
197 401 504 607 665 601 469 652 387 426 610 624 643 536 401 469 531 559 650 692 567 458 364 275
282 476 489 640 662 570 395 582 510 492 558 706 619 447 345 419 604 580 644 684 570 395 322 297
144 319 451 637 755 713 454 623 333 419 590 714 721 548 340 431 352 485 639 777 729 458 330 326
158 407 534 603 716 644 479 555 392 513 634 660 670 499 369 359 435 571 671 735 649 469 312 254
341 591 660 625 566 462 346 505 612 646 648 584 534 390 291 391 760 690 697 584 481 341 288 255
305 701 645 672 506 366 269 632 551 773 664 600 401 311 230 566 589 830 758 551 386 280 256 446
188 501 665 698 662 599 337 446 464 643 748 674 675 344 237 311 552 689 790 641 633 363 204 224
268 1159 1130 727 385 199 126 102 521 1339 1084 556 281 147 93 75 585 1455 1083 497 222 134 72 48
433 1960 1029 398 190 69 12 5 608 2035 861 320 198 60 12 2 534 1993 960 341 199 58 9 2
462 2210 1081 275 58 5 5 0 541 2295 977 224 50 6 3 0 559 2329 932 226 42 5 3 0
532 2181 927 291 85 40 17 23 473 2305 906 268 73 36 18 17 713 2241 796 217 74 31 17 7
437 941 802 578 459 309 231 339 618 981 776 557 446 242 191 285 847 1078 771 494 329 205 228 144
259 766 988 917 566 305 149 146 428 955 1139 787 400 178 111 98 916 1262 972 470 223 127 94 32
409 2073 1014 392 133 34 28 13 535 2210 895 317 83 22 26 8 564 2272 828 308 74 22 21 7
615 2729 638 106 8 0 0 0 672 2782 565 71 4 2 0 0 757 2716 543 74 6 0 0 0
160 2695 949 241 45 6 0 0 257 2826 778 194 37 4 0 0 177 2789 868 221 37 4 0 0
151 2772 972 154 41 6 0 0 160 2829 945 117 36 9 0 0 130 2620 1148 157 38 3 0 0
65 2418 1252 281 72 8 0 0 92 2714 1007 224 51 8 0 0 35 2089 1686 233 49 4 0 0
15 173 543 1188 1377 419 151 230 33 254 790 1431 997 283 107 201 24 264 779 1599 913 248 154 115
706 1054 741 752 451 240 94 58 899 1068 724 679 365 225 77 59 778 1085 744 612 448 271 110 48
948 681 603 857 603 253 69 82 1008 729 721 842 448 202 63 83 760 782 704 905 533 227 117 68
850 496 619 769 759 431 118 54 932 560 671 784 656 335 110 48 707 607 642 879 689 376 156 40
421 1127 631 573 627 421 200 96 558 1152 600 603 551 396 167 69 311 948 851 647 583 501 202 53
553 1160 639 584 641 368 109 42 649 1254 628 655 556 255 68 31 483 1281 785 672 499 278 71 27
232 974 884 1194 266 199 178 169 394 1170 1045 874 192 150 141 130 650 988 822 1101 160 138 168 69
249 897 975 797 485 294 185 214 561 1235 1013 488 304 228 135 132 1166 1328 762 349 208 149 114 20
238 443 722 800 734 437 334 388 394 684 846 780 540 359 245 248 799 863 868 622 398 277 190 79
162 619 785 768 655 463 277 367 513 837 822 648 480 352 184 260 661 1012 792 582 432 275 198 144
206 501 642 701 662 482 361 541 468 615 693 729 514 403 271 403 538 705 770 700 495 354 283 251
314 575 620 599 534 447 361 646 587 589 625 586 495 391 339 484 687 662 695 558 467 391 352 284
250 605 673 604 497 413 370 684 596 720 620 526 434 383 293 524 623 710 662 568 432 373 352 376
368 627 577 566 517 387 375 679 693 614 593 543 437 396 324 496 757 692 596 557 432 369 375 318
343 584 673 702 551 428 345 470 663 707 743 599 431 357 244 352 904 769 728 544 393 303 230 225
352 587 661 692 596 483 333 392 608 670 688 627 524 413 272 294 773 830 754 601 454 305 239 140
263 469 455 580 593 467 407 862 532 451 526 601 518 412 353 703 536 589 625 614 440 370 386 536
242 527 550 639 599 516 394 629 561 550 648 620 530 395 347 445 616 723 716 633 453 368 339 248
337 727 601 587 547 438 357 502 641 752 643 554 486 357 290 373 738 908 630 552 440 322 315 191
332 808 842 746 480 299 184 405 715 923 791 599 352 236 165 315 750 1011 859 531 312 197 200 236
185 629 683 696 585 487 368 463 506 784 726 602 534 373 278 293 670 876 741 591 492 333 237 156
370 1481 1090 645 236 136 62 76 596 1701 988 432 158 102 60 59 795 1694 855 415 151 92 59 35
615 2332 787 257 81 24 0 0 561 2411 818 217 74 15 0 0 709 2422 689 205 59 12 0 0
573 2549 810 146 14 4 0 0 399 2682 854 144 14 3 0 0 656 2599 714 112 12 3 0 0
334 1545 1140 559 258 107 86 67 408 1645 1086 484 239 114 69 51 841 1872 837 273 118 86 44 25
268 698 967 685 486 391 251 350 534 1013 828 593 419 274 174 261 636 1097 965 534 310 195 200 159
411 945 727 588 533 327 207 358 592 1107 778 587 373 198 171 290 810 1252 767 430 301 176 187 173
203 1605 1400 464 194 130 64 36 356 2022 1121 300 142 95 41 19 295 1795 1407 328 151 88 30 2
169 2725 1134 45 22 1 0 0 241 3031 769 36 19 0 0 0 164 2518 1346 48 20 0 0 0
284 2651 929 196 34 2 0 0 452 2657 838 119 29 1 0 0 390 2552 1018 118 18 0 0 0
293 2635 890 230 48 0 0 0 363 2790 725 181 37 0 0 0 356 2773 763 165 39 0 0 0
219 2914 867 96 0 0 0 0 286 3158 594 58 0 0 0 0 303 3143 597 53 0 0 0 0
144 1407 928 626 538 299 95 59 174 1674 870 622 424 208 71 53 209 1801 877 591 377 155 62 24
