0 0 0 0 0 0 0 4096 0 0 0 0 0 0 0 4096 0 0 0 0 0 0 0 4096
0 0 0 0 0 0 0 4096 0 0 0 0 0 0 0 4096 0 0 0 0 0 0 0 4096
0 0 0 0 0 0 0 4096 0 0 0 0 0 0 0 4096 0 0 0 0 0 0 0 4096
0 0 0 0 0 0 0 4096 0 0 0 0 0 0 0 4096 0 0 0 0 0 0 0 4096
0 0 0 0 0 0 0 4096 0 0 0 0 0 0 0 4096 0 0 0 0 0 0 0 4096
0 0 0 0 0 0 0 4096 0 0 0 0 0 0 0 4096 0 0 0 0 0 0 0 4096
0 0 0 0 0 0 0 4096 0 0 0 0 0 0 0 4096 0 0 0 0 0 0 0 4096
0 0 0 0 0 0 0 4096 0 0 0 0 0 0 0 4096 0 0 0 0 0 0 0 4096
0 0 0 0 0 0 0 4096 0 0 0 0 0 0 0 4096 0 0 0 0 0 0 0 4096
0 0 0 0 0 0 0 4096 0 0 0 0 0 0 0 4096 0 0 0 0 0 0 0 4096
0 0 0 0 0 0 0 4096 0 0 0 0 0 0 0 4096 0 0 0 0 0 0 0 4096
0 0 0 0 0 0 0 4096 0 0 0 0 0 0 0 4096 0 0 0 0 0 0 0 4096
0 0 0 0 0 0 0 4096 0 0 0 0 0 0 0 4096 0 0 0 0 0 0 0 4096
0 0 0 0 0 0 0 4096 0 0 0 0 0 0 0 4096 0 0 0 0 0 0 0 4096
0 0 0 0 0 0 0 4096 0 0 0 0 0 0 0 4096 0 0 0 0 0 0 0 4096
0 25 187 67 49 111 290 3367 3 44 93 94 51 44 149 3618 0 0 0 24 145 99 62 3766
0 0 0 0 0 0 154 3942 0 0 0 0 0 0 0 4096 0 0 0 0 0 0 0 4096
0 0 0 0 0 0 1939 2157 0 0 0 0 0 0 0 4096 0 0 0 0 0 0 0 4096
0 0 0 0 0 0 0 4096 0 0 0 0 0 0 0 4096 0 0 0 0 0 0 0 4096
0 0 0 0 0 0 0 4096 0 0 0 0 0 0 0 4096 0 0 0 0 0 0 0 4096
0 0 0 0 0 0 0 4096 0 0 0 0 0 0 0 4096 0 0 0 0 0 0 0 4096
0 0 0 0 0 0 0 4096 0 0 0 0 0 0 0 4096 0 0 0 0 0 0 0 4096
0 0 0 0 0 0 0 4096 0 0 0 0 0 0 0 4096 0 0 0 0 0 0 0 4096
0 0 0 0 0 0 0 4096 0 0 0 0 0 0 0 4096 0 0 0 0 0 0 0 4096
40 178 300 296 175 109 86 2912 9 67 228 320 287 145 99 2941 186 273 286 179 120 81 89 2882
39 175 301 252 158 106 103 2962 12 78 227 301 237 144 100 2997 133 275 274 166 110 86 98 2954
0 0 0 0 0 0 0 4096 0 0 0 0 0 0 0 4096 0 0 0 0 0 0 0 4096
0 0 0 0 5 26 101 3964 0 0 0 0 6 51 94 3945 0 0 0 0 2 21 106 3967
0 0 0 0 0 0 0 4096 0 0 0 0 0 0 0 4096 0 0 0 0 0 0 0 4096
0 0 0 0 0 0 0 4096 0 0 0 0 0 0 0 4096 0 0 0 0 0 0 0 4096
0 0 0 0 0 0 0 4096 0 0 0 0 0 0 0 4096 0 0 0 0 0 0 0 4096
0 0 0 0 0 0 0 4096 0 0 0 0 0 0 0 4096 0 0 0 0 0 0 0 4096
14 12 8 2 2 4 6 4048 16 11 8 1 2 4 8 4046 2 14 11 7 2 2 8 4050
46 173 108 115 270 655 1030 1699 63 168 188 56 25 59 834 2703 3 53 122 127 92 95 101 3503
0 0 0 0 0 3 65 4028 0 0 0 0 0 0 20 4076 0 0 0 0 0 0 4 4092
0 0 0 0 0 0 76 4020 0 0 0 0 0 0 0 4096 0 0 0 0 0 0 0 4096
4 15 23 22 56 55 65 3856 2 9 23 26 52 53 56 3875 0 4 11 22 55 51 60 3893
0 0 0 3 34 23 26 4010 0 0 0 4 33 24 25 4010 0 0 0 2 33 23 28 4010
187 515 529 272 169 132 85 2207 19 258 556 480 251 174 108 2250 391 628 369 182 137 99 78 2212
232 677 942 511 166 104 87 1377 32 308 794 858 432 154 105 1413 587 1022 602 221 112 93 105 1354
203 618 938 741 350 168 93 985 20 274 714 962 641 341 132 1012 706 975 766 350 181 99 110 909
127 297 327 288 187 145 104 2621 12 162 349 341 283 177 136 2636 222 365 306 206 157 113 133 2594
283 833 1111 784 358 177 120 430 54 414 946 1060 703 300 139 480 1194 1093 725 309 180 104 161 330
143 683 920 645 344 168 125 1068 26 325 749 864 610 268 161 1093 830 894 637 327 165 102 154 987
7 197 759 312 67 50 76 2628 1 36 440 685 155 65 77 2637 19 258 805 220 38 46 75 2635
14 299 669 388 193 314 403 1816 3 128 542 615 315 359 391 1743 84 490 580 245 126 316 447 1808
17 397 1063 255 74 47 89 2154 3 88 870 669 158 61 89 2158 30 557 973 176 68 61 70 2161
21 581 1211 221 69 37 28 1928 1 112 1144 741 79 53 33 1933 11 567 1252 216 50 43 25 1932
12 447 1214 334 34 27 30 1998 0 58 916 931 126 28 33 2004 11 464 1301 221 36 29 33 2001
13 405 945 212 35 29 22 2435 1 97 733 686 79 36 23 2441 17 495 879 173 38 33 22 2439
762 671 604 235 58 55 42 1669 831 518 620 290 63 51 52 1671 433 727 664 390 88 66 35 1693
1004 723 658 238 110 275 233 855 1176 454 614 382 105 125 290 950 620 1013 698 244 100 69 138 1214
34 291 426 220 220 298 313 2294 189 181 392 287 220 273 395 2159 68 317 402 204 222 241 301 2341
29 379 606 156 153 174 261 2338 96 192 645 269 154 169 303 2268 42 461 514 174 152 164 259 2330
341 906 805 330 164 147 200 1203 57 437 960 690 306 180 169 1297 675 839 531 254 148 150 150 1349
290 703 445 180 124 114 155 2085 39 417 688 369 164 120 140 2159 392 637 332 157 143 114 135 2186
1518 1492 717 216 54 27 33 39 414 1559 1316 543 132 37 30 65 2108 1319 416 111 35 17 29 61
1494 1301 896 331 67 4 3 0 501 1396 1149 785 225 34 5 1 2237 1231 498 114 13 3 0 0
954 1406 1099 477 126 30 4 0 197 1008 1320 1025 413 108 21 4 1961 1324 605 165 35 6 0 0
616 1297 1200 709 205 62 6 1 115 784 1256 1106 608 181 44 2 1662 1509 690 184 43 7 1 0
455 1558 1224 608 194 51 4 2 19 721 1504 1121 528 166 33 4 2293 1215 447 118 21 2 0 0
309 1592 1402 614 132 43 4 0 17 795 1507 1180 459 114 24 0 2296 1332 362 86 20 0 0 0
87 938 1906 971 167 22 4 1 15 497 1558 1447 504 65 7 3 1104 2019 841 121 8 3 0 0
101 1150 1423 556 236 296 294 40 24 693 1501 931 381 301 248 17 705 1696 737 173 148 321 306 10
214 2087 1532 244 18 1 0 0 43 1067 2044 847 87 8 0 0 1050 2360 635 46 5 0 0 0
109 942 2105 778 92 40 27 3 23 422 1799 1539 237 42 30 4 385 2074 1418 145 43 30 1 0
157 1269 2001 540 54 32 32 11 35 605 1889 1350 143 29 36 9 378 2094 1443 106 34 33 8 0
210 1897 1545 363 43 16 19 3 20 1019 2071 826 118 18 18 6 349 2486 1152 75 18 15 1 0
1320 2019 484 179 51 26 8 9 569 2230 960 228 56 33 13 7 1158 2242 421 203 50 4 7 11
682 2262 1015 94 8 23 12 0 175 1616 1903 348 22 24 8 0 784 2471 771 32 12 19 7 0
758 2048 885 84 61 91 82 87 203 1695 1606 264 73 89 78 88 934 2335 464 61 78 85 93 46
436 2080 903 269 136 84 101 87 134 1556 1568 335 226 95 97 85 707 2560 450 57 68 95 89 70
1305 1742 839 172 31 4 3 0 253 1309 1643 713 153 19 5 1 2604 1157 288 39 7 1 0 0
1270 1715 899 171 34 7 0 0 361 1396 1564 629 127 14 5 0 2221 1463 331 69 11 1 0 0
347 1045 1465 1033 183 20 3 0 193 926 1571 1156 217 28 5 0 1104 1662 1086 219 23 2 0 0
1064 1136 1221 573 94 8 0 0 617 953 1257 950 285 30 4 0 1873 1400 691 116 16 0 0 0
1471 1210 849 410 130 24 2 0 637 1328 1070 702 288 62 8 1 2409 1094 455 113 23 2 0 0
216 731 1296 1179 487 134 43 10 117 520 1296 1348 587 180 42 6 1375 1499 843 272 71 33 3 0
400 1507 1235 651 243 52 8 0 97 895 1384 988 529 174 28 1 2364 1179 435 103 14 1 0 0
536 1541 1234 570 167 37 10 1 133 1217 1323 928 372 95 25 3 2414 1218 356 84 22 2 0 0
324 1554 1434 658 111 11 3 1 116 1261 1711 824 152 27 5 0 1723 1818 471 74 8 2 0 0
469 1373 986 444 255 276 245 48 219 1273 1141 607 335 287 226 8 1436 1257 473 207 163 316 241 3
563 2406 1005 114 5 3 0 0 200 1796 1725 354 17 4 0 0 1665 2048 354 26 3 0 0 0
98 1192 2156 423 58 21 32 116 25 531 2300 1011 142 85 2 0 897 2342 638 57 22 83 57 0
41 938 2201 429 45 13 60 369 9 333 2099 1126 293 226 10 0 412 2367 821 52 16 64 361 3
115 1242 1751 452 57 39 112 328 136 704 1869 828 282 234 34 9 710 2107 716 72 39 74 353 25
816 850 973 949 278 60 73 97 820 707 923 987 438 119 75 27 844 1847 756 299 170 70 76 34
119 1114 1382 854 339 247 21 20 44 765 1270 1226 559 198 13 21 784 2101 712 136 282 65 14 2
495 1562 1666 290 40 43 0 0 136 1131 1679 1004 99 43 4 0 1143 2392 479 49 31 2 0 0
302 1843 1682 234 14 18 3 0 52 853 2156 952 62 18 3 0 1372 2431 262 14 14 3 0 0
1985 1405 523 143 26 5 8 1 756 1508 1262 436 106 17 7 4 2931 810 248 71 17 7 3 9
1723 1254 667 261 90 54 38 9 893 1406 1055 456 149 60 43 34 2458 972 348 117 46 58 43 54
155 848 1742 937 277 87 38 12 97 812 1869 861 282 107 36 32 663 1627 1129 345 132 100 53 47
540 1363 1307 490 201 120 54 21 271 1071 1500 762 241 157 72 22 1719 1466 453 128 94 119 80 37
822 747 735 677 439 285 192 199 734 759 773 757 575 301 118 79 1421 893 531 372 360 274 143 102
427 484 816 1001 516 245 199 408 549 409 731 1063 874 261 114 95 1025 944 732 397 361 411 121 105
540 545 703 646 500 318 252 592 678 429 622 786 1039 296 176 70 1216 687 427 326 520 617 188 115
953 708 665 463 366 247 111 583 1283 402 618 578 1028 158 24 5 1723 691 402 278 370 615 15 2
1080 582 812 412 326 183 104 597 1137 424 741 644 964 184 2 0 1649 860 370 183 315 699 20 0
836 739 416 231 417 482 523 452 1087 628 364 283 951 624 144 15 1359 540 197 174 485 1035 282 24
1170 720 429 268 261 371 290 587 1366 582 406 367 817 422 76 60 1694 366 318 289 351 782 209 87
1146 691 278 543 486 340 203 409 1532 356 274 411 974 430 75 44 1657 381 488 435 400 370 314 51
910 449 347 493 1120 506 165 106 1094 392 372 369 992 765 62 50 1287 430 962 698 243 322 121 33
334 846 922 523 988 443 27 13 408 765 869 504 563 935 38 14 812 825 920 1104 332 55 38 10
818 803 790 314 593 726 41 11 937 625 815 375 352 946 32 14 989 1115 664 980 253 60 30 5
123 1121 1204 560 668 353 52 15 28 434 1339 1177 819 226 56 17 1295 1307 450 648 283 62 40 11
135 1173 1304 1223 196 37 23 5 15 552 1520 1140 806 40 17 6 1044 1661 1105 179 52 37 13 5
156 1129 1625 1116 35 21 13 1 63 636 1631 1576 154 19 12 5 1066 1999 978 18 19 11 5 0
818 1497 1270 386 76 32 14 3 336 857 1578 1000 233 59 21 12 960 1571 1124 274 80 40 22 25
1073 1057 1124 587 163 64 21 7 648 827 1141 1004 332 93 38 13 1136 1146 930 550 222 85 24 3
596 865 1161 901 425 130 17 1 402 731 1134 1039 584 169 33 4 725 1080 1070 805 312 85 17 2
597 914 1058 821 511 159 25 11 332 788 1076 986 583 270 41 20 886 1043 922 619 373 196 37 20
386 705 808 684 536 564 287 126 217 568 808 846 632 592 312 121 791 897 651 510 543 380 202 122
425 1069 1010 722 431 255 124 60 233 784 1097 871 541 370 172 28 1069 1250 779 445 361 143 45 4
118 421 678 722 777 738 557 85 88 383 702 734 733 756 556 144 301 659 693 583 460 586 547 267
240 527 826 884 936 472 188 23 151 443 967 939 1000 481 86 29 493 735 828 961 673 280 91 35
338 524 737 773 1020 568 121 15 358 529 713 849 916 575 119 37 496 676 875 1078 536 253 130 52
113 235 499 716 1024 1045 338 126 125 259 526 670 1053 964 329 170 144 269 585 1044 764 533 474 283
14 99 265 692 2054 858 111 3 15 145 261 737 1990 893 54 1 52 247 886 2071 725 111 3 1
48 136 278 571 1570 1120 303 70 71 144 300 718 1674 964 158 67 74 204 761 1693 918 262 106 78
1 18 100 555 1718 1119 313 272 0 18 120 700 1558 1161 253 286 0 11 202 1297 1431 633 258 264
0 15 106 415 2154 1137 203 66 0 13 114 521 1663 1525 161 99 0 23 251 1953 1385 232 138 114
763 199 103 260 1544 1029 173 25 743 222 103 461 1577 910 67 13 563 384 311 1744 816 191 71 16
5 20 105 376 1855 1295 432 8 5 24 129 561 2327 905 142 3 10 44 462 2216 957 240 152 15
22 133 213 486 1993 907 332 10 7 95 221 783 2226 621 128 15 70 157 537 2125 744 266 158 39
47 293 361 1306 1320 685 83 1 18 195 447 1461 1758 153 62 2 284 413 983 1772 433 103 90 18
644 1182 850 1122 297 1 0 0 203 959 1068 737 1095 34 0 0 776 1230 1571 518 1 0 0 0
126 704 1034 1478 730 21 1 2 33 362 1020 956 1576 142 5 2 275 962 1443 1229 167 18 2 0
83 369 921 1545 1139 34 5 0 42 183 776 915 1894 276 10 0 209 803 1701 1326 45 11 1 0
105 261 743 1536 1332 102 16 1 77 222 602 928 1817 430 18 2 243 642 1494 1401 252 52 10 2
54 167 500 938 1181 753 329 174 26 120 395 776 1351 941 366 121 164 450 1090 1015 566 542 205 64
35 150 351 1035 1351 571 557 46 21 105 244 586 1718 1049 351 22 107 400 1454 1052 384 573 119 7
0 22 191 803 1105 1329 605 41 0 8 106 727 1440 1227 558 30 11 166 921 918 824 734 439 83
589 516 584 752 442 621 484 108 609 469 424 690 881 747 242 34 553 635 945 593 706 515 123 26
410 353 514 681 650 964 486 38 330 319 488 696 965 1062 230 6 312 368 748 656 1016 885 105 6
59 244 547 726 866 1054 520 80 69 294 525 780 868 1116 360 84 112 310 580 633 960 944 396 161
0 15 118 375 419 680 932 1557 10 63 299 498 507 1042 627 1050 36 199 491 433 700 1005 699 533
12 55 254 612 774 976 1211 202 34 112 387 876 964 1359 321 43 73 263 742 878 1161 825 146 8
8 30 113 548 937 1459 720 281 23 51 247 783 1326 1283 273 110 36 88 392 1043 1390 839 233 75
9 110 404 888 1168 1232 276 9 9 102 416 1263 1755 483 65 3 37 244 782 1593 1166 211 55 8
846 220 286 888 1084 575 197 0 906 150 245 947 1646 182 20 0 642 527 744 1491 585 85 19 3
1 16 253 1316 1502 650 356 2 1 31 423 1702 1670 251 18 0 15 270 1587 1427 673 117 6 1
0 11 326 1132 1117 1083 425 2 0 34 502 1654 1714 187 5 0 20 342 1423 1857 419 34 1 0
0 93 697 1414 1111 720 61 0 2 124 939 2060 966 5 0 0 10 604 2029 1432 21 0 0 0
12 216 2699 1142 27 0 0 0 6 114 1096 2700 180 0 0 0 102 1367 2550 77 0 0 0 0
2 86 1556 2117 327 8 0 0 2 22 459 2464 1145 4 0 0 21 600 2811 642 22 0 0 0
8 93 1328 2458 208 1 0 0 3 13 281 1888 1861 50 0 0 29 558 2897 604 8 0 0 0
3 86 913 2385 697 12 0 0 1 17 223 1381 2252 222 0 0 23 391 2304 1169 193 16 0 0
0 67 583 1844 1101 299 161 41 0 8 281 951 2026 637 161 32 39 353 1844 1133 451 182 60 34
3 40 466 2143 1327 114 3 0 3 22 92 778 2471 712 18 0 53 424 2284 1234 101 0 0 0
0 5 157 1576 1418 741 196 3 0 1 57 649 2021 1022 344 2 4 136 1195 1380 576 510 293 2
2 4 103 2081 1694 206 6 0 0 6 30 434 2747 820 59 0 11 144 2127 1591 220 3 0 0
0 1 128 1740 1769 422 36 0 0 2 31 562 2554 858 89 0 4 116 1719 1851 390 16 0 0
8 48 312 1395 1403 681 239 10 14 46 200 821 1834 819 344 18 6 117 1060 1464 652 388 378 31
7 44 194 1631 1773 400 47 0 3 31 76 691 2374 837 82 2 10 98 1581 1783 397 119 101 7
2 33 358 1905 1454 312 32 0 1 9 137 1025 2193 682 48 1 7 126 1619 1732 440 79 81 12
0 23 368 1781 1262 525 137 0 0 13 110 1089 1870 858 152 4 3 148 1440 1424 484 444 142 11
14 46 506 1769 1115 367 279 0 14 22 225 1284 1712 812 27 0 32 291 1710 1325 447 291 0 0
839 325 453 1113 802 453 104 7 890 334 488 1160 854 356 12 2 682 829 1216 791 469 94 13 2
6 105 595 1034 952 1052 333 19 21 251 1029 1409 829 531 23 3 211 990 1405 723 332 369 64 2
3 88 648 1520 897 680 259 1 29 357 1383 1408 584 265 70 0 321 1421 1385 566 105 176 122 0
0 19 346 1008 992 1334 396 1 6 134 1127 1262 1446 115 6 0 111 911 1394 1451 159 69 1 0
63 1232 2170 581 49 1 0 0 21 512 1779 1700 84 0 0 0 1313 2280 486 17 0 0 0 0
48 583 1310 1380 695 80 0 0 13 292 1753 1906 131 1 0 0 655 1843 1487 111 0 0 0 0
25 255 966 1456 1221 172 1 0 5 85 1231 2416 351 8 0 0 279 1279 2242 293 3 0 0 0
19 181 896 1442 1218 323 17 0 9 91 958 2120 817 100 1 0 262 1242 1811 659 120 2 0 0
1 74 511 997 1125 1076 307 5 3 61 502 1791 1197 501 41 0 128 634 1736 1203 366 29 0 0
12 89 694 1636 1143 459 59 4 21 112 673 1897 1118 266 9 0 191 1073 1859 812 155 6 0 0
0 46 472 1547 1091 736 204 0 0 33 298 1443 1176 905 241 0 54 526 1344 861 589 557 165 0
5 80 688 1963 1063 283 14 0 3 35 385 1587 1606 431 49 0 108 850 1985 914 227 12 0 0
8 92 712 1766 1091 396 31 0 5 51 418 1597 1449 522 53 1 121 882 1913 874 295 10 1 0
8 116 516 1197 1178 799 256 26 10 127 408 1330 1265 753 172 31 60 631 1330 893 593 486 64 39
76 208 902 1579 1001 296 34 0 86 157 557 1593 1219 460 24 0 119 803 1701 1058 355 56 4 0
380 621 775 1587 598 128 5 2 414 562 511 1566 813 218 10 2 195 914 1399 794 661 130 2 1
396 522 800 1153 587 456 163 19 358 543 647 1279 732 428 97 12 237 625 1117 809 856 375 67 10
391 340 457 533 359 558 1428 30 402 328 453 561 490 856 994 12 334 279 538 522 564 784 1043 32
971 78 50 129 87 420 2294 67 1009 51 64 130 142 937 1733 30 532 529 77 80 149 621 2004 104
0 0 2 9 51 1571 2463 0 0 0 6 6 197 2368 1519 0 0 0 5 6 79 1653 2293 60
0 0 0 1 104 2804 1186 1 0 0 0 4 247 3090 754 1 0 0 0 2 76 2759 1184 75
0 0 0 0 88 3566 442 0 0 0 0 2 401 3535 158 0 0 0 0 0 61 3605 422 8
94 1600 2252 147 3 0 0 0 0 97 1713 2162 123 1 0 0 1067 2810 216 3 0 0 0 0
130 1142 2256 562 6 0 0 0 4 185 1441 2182 280 4 0 0 1024 2475 585 12 0 0 0 0
110 775 2371 768 65 5 2 0 12 177 1147 2257 470 30 3 0 857 2372 793 66 7 1 0 0
214 848 1691 1052 230 49 11 1 62 408 1256 1773 539 51 7 0 884 1645 1316 231 20 0 0 0
60 303 884 1032 1029 569 209 10 28 197 1124 1795 747 192 13 0 302 1090 1866 704 120 14 0 0
42 231 593 598 1476 951 196 9 20 152 946 2111 732 126 8 1 234 911 1977 811 156 7 0 0
0 20 128 472 1749 1282 420 25 5 72 527 1509 1181 669 133 0 48 374 1374 1131 767 380 22 0
4 71 332 761 1352 1199 337 40 49 173 914 1774 880 276 30 0 155 788 1803 925 339 78 8 0
5 58 376 870 1145 1219 404 19 30 192 855 1496 1012 481 30 0 197 833 1373 1027 443 218 5 0
1 18 177 606 746 1065 1408 75 6 121 548 756 723 1311 617 14 71 444 690 523 681 1190 484 13
45 59 79 114 337 926 2423 113 62 106 88 259 418 1818 1331 14 21 171 96 323 467 1773 1212 33
193 861 327 163 130 472 1831 119 414 849 272 80 152 820 1497 12 322 730 490 105 174 823 1411 41
460 1135 418 100 66 254 1616 47 630 1233 199 83 73 441 1433 4 422 942 654 129 103 356 1419 71
220 1105 714 587 99 108 1252 11 351 1216 486 613 79 272 1077 2 226 897 734 245 402 456 1116 20
490 509 189 102 55 140 2569 42 569 491 143 92 61 204 2524 12 270 657 219 109 111 157 2321 252
0 0 0 0 7 132 3894 63 0 0 0 0 12 343 3731 10 0 0 0 0 6 144 3589 357
0 0 0 3 9 1394 2670 20 0 0 0 4 28 1945 2115 4 0 0 0 2 7 1164 2881 42
0 0 0 6 85 2425 1574 6 0 0 1 7 259 2721 1105 3 0 0 0 7 67 1771 2237 14
52 701 2287 955 90 9 2 0 9 150 1434 2102 377 21 3 0 535 2427 1064 63 7 0 0 0
30 382 1793 1560 314 17 0 0 14 155 1237 2103 557 30 0 0 462 2022 1412 195 5 0 0 0
65 538 1784 1497 208 4 0 0 16 207 1163 2130 545 35 0 0 521 1801 1582 189 3 0 0 0
276 947 1907 886 77 3 0 0 54 309 1156 1948 575 52 2 0 986 1889 1086 127 6 2 0 0
405 991 1455 911 192 131 10 1 89 505 1191 1535 622 144 10 0 1068 1512 1105 268 89 53 1 0
171 537 1148 804 476 834 120 6 57 337 895 1193 830 728 51 5 538 1093 972 387 553 503 47 3
52 114 392 555 686 1774 507 16 20 128 423 637 994 1646 241 7 174 435 553 506 837 1333 251 7
0 1 7 56 270 1966 1781 15 1 6 62 126 601 2660 637 3 3 40 97 198 739 2393 625 1
0 0 0 10 64 1563 2414 45 0 0 0 13 270 2973 836 4 0 0 1 23 550 2802 717 3
0 0 0 7 132 1181 2679 97 0 0 1 30 359 2381 1314 11 0 0 5 84 618 2407 971 11
0 0 0 9 158 1245 2644 40 0 0 0 29 450 2437 1174 6 0 0 2 126 657 2569 736 6
0 0 0 2 59 836 3173 26 0 0 1 6 145 2440 1503 1 0 0 1 13 197 2266 1615 4
0 0 0 0 14 815 3240 27 0 0 0 0 47 2347 1701 1 0 0 0 1 46 1895 2146 8
0 0 0 0 0 647 3432 17 0 0 0 0 8 1927 2160 1 0 0 0 0 8 943 3122 23
0 0 0 0 13 1959 2121 3 0 0 0 0 41 3021 1034 0 0 0 0 0 21 2176 1881 18
0 0 0 0 12 2683 1398 3 0 0 0 0 66 3583 447 0 0 0 0 0 16 2830 1246 4
0 0 0 0 81 2999 1016 0 0 0 0 0 220 3549 327 0 0 0 0 0 46 3049 1001 0
0 0 0 11 905 3064 116 0 0 0 1 24 1359 2684 28 0 0 0 0 4 414 3424 253 1
