1492 2496 72 21 6 5 2 2 1251 2709 91 25 8 8 0 4 2159 1811 69 21 16 5 6 9
1100 2590 362 34 5 1 2 2 503 3068 491 20 8 1 2 3 2040 1757 270 17 6 2 1 3
180 2050 1613 253 0 0 0 0 164 2328 1580 24 0 0 0 0 615 2725 748 8 0 0 0 0
263 2879 893 61 0 0 0 0 57 2177 1744 117 1 0 0 0 1425 2345 318 8 0 0 0 0
271 2395 1283 138 9 0 0 0 226 2225 1470 170 5 0 0 0 943 2602 490 60 1 0 0 0
384 2521 1051 134 5 1 0 0 226 1779 1921 162 5 3 0 0 1238 2405 423 26 2 2 0 0
110 2851 987 143 5 0 0 0 69 1841 1904 260 19 3 0 0 914 2743 388 47 4 0 0 0
445 3107 524 17 3 0 0 0 154 2515 1367 55 4 1 0 0 2016 1940 134 5 1 0 0 0
273 2894 834 92 3 0 0 0 66 2105 1731 187 7 0 0 0 1636 2196 250 14 0 0 0 0
370 2788 728 143 39 12 11 5 288 2591 974 158 49 19 9 8 1824 1899 242 66 33 13 11 8
626 2442 762 205 52 6 1 2 427 2545 914 173 27 6 2 2 1918 1881 228 37 18 9 2 3
116 1838 1334 592 194 20 2 0 78 1315 1786 676 207 31 3 0 1147 1901 787 223 32 6 0 0
222 1623 1472 587 178 14 0 0 114 1083 1756 812 289 40 2 0 1080 1767 933 279 32 5 0 0
820 2234 821 188 32 0 1 0 694 2092 938 291 73 7 1 0 1948 1671 429 42 4 2 0 0
221 1996 1085 488 167 75 41 23 183 1703 1113 685 234 94 50 34 874 1876 718 334 122 82 39 51
315 1796 1066 487 260 92 53 27 146 1275 1487 600 317 157 60 54 1061 1718 670 315 152 84 45 51
180 2274 1121 260 108 68 50 35 45 1416 1918 385 151 69 50 62 627 2207 652 251 148 81 59 71
205 2100 938 239 143 135 158 178 137 1597 1378 289 166 132 120 277 606 1758 569 282 192 151 159 379
93 3276 681 31 4 8 2 1 75 3390 590 22 8 4 4 3 523 3356 188 8 6 8 3 4
997 2069 550 198 102 89 60 31 673 2089 732 259 125 90 68 60 1194 1630 536 269 165 112 80 110
1196 2869 31 0 0 0 0 0 1133 2941 22 0 0 0 0 0 2144 1947 5 0 0 0 0 0
527 3122 370 58 15 4 0 0 274 3133 593 71 18 7 0 0 1698 2097 215 52 19 13 2 0
75 1557 1778 654 32 0 0 0 52 1861 1978 187 18 0 0 0 395 2293 1293 99 16 0 0 0
473 2858 733 31 1 0 0 0 105 2293 1592 104 2 0 0 0 1594 2266 233 3 0 0 0 0
224 2426 1305 136 5 0 0 0 150 2015 1775 153 3 0 0 0 1128 2408 513 44 3 0 0 0
884 2763 431 17 1 0 0 0 721 2802 519 52 2 0 0 0 2421 1578 92 4 1 0 0 0
409 3039 598 38 9 3 0 0 416 2716 864 81 15 4 0 0 1560 2345 162 21 6 2 0 0
556 2931 530 64 12 2 1 0 394 2835 745 98 21 2 1 0 1776 1999 260 45 11 4 1 0
344 2870 797 83 2 0 0 0 146 2679 1103 156 12 0 0 0 1730 2176 172 15 3 0 0 0
321 2825 781 145 19 4 0 1 369 2496 963 226 37 4 0 1 1689 2192 187 21 3 3 1 0
1253 1885 728 198 31 1 0 0 1163 1889 789 218 34 3 0 0 2305 1527 230 30 4 0 0 0
112 1466 1168 720 473 139 17 1 59 1161 1333 776 544 195 26 2 1190 1517 744 424 176 34 7 4
225 1179 1248 840 458 110 31 5 179 789 1268 960 650 200 46 4 770 1343 1035 621 237 46 27 17
946 2167 769 153 38 16 7 0 757 2019 978 245 61 25 7 4 2129 1565 287 72 20 13 10 0
204 2487 1149 250 6 0 0 0 106 2124 1330 484 52 0 0 0 1488 2190 365 53 0 0 0 0
270 2578 1027 195 25 1 0 0 179 2108 1390 334 77 7 1 0 1488 2324 256 25 3 0 0 0
498 2411 981 167 36 3 0 0 317 1776 1634 297 62 10 0 0 1849 1987 224 34 2 0 0 0
215 2648 817 327 75 11 3 0 124 2443 970 403 133 19 4 0 1457 2124 400 92 17 4 2 0
177 3346 564 9 0 0 0 0 179 3669 244 4 0 0 0 0 691 3365 40 0 0 0 0 0
400 2766 773 118 33 3 3 0 251 2615 1012 150 55 8 4 1 1872 1948 212 45 12 5 2 0
1052 3000 44 0 0 0 0 0 918 3167 11 0 0 0 0 0 1802 2279 15 0 0 0 0 0
742 2940 288 82 31 8 5 0 444 3040 448 108 37 12 7 0 1932 1901 170 50 26 7 6 4
78 1533 1820 662 3 0 0 0 82 1824 2002 188 0 0 0 0 298 2536 1231 31 0 0 0 0
409 2823 842 21 0 1 0 0 103 2119 1766 107 0 1 0 0 1515 2313 257 10 1 0 0 0
415 2646 1004 31 0 0 0 0 269 2671 1141 15 0 0 0 0 1571 2306 212 7 0 0 0 0
326 3276 488 6 0 0 0 0 106 2500 1447 43 0 0 0 0 1661 2309 125 1 0 0 0 0
224 3419 453 0 0 0 0 0 196 3020 878 2 0 0 0 0 1641 2406 49 0 0 0 0 0
570 3156 366 4 0 0 0 0 465 3205 414 12 0 0 0 0 2295 1759 42 0 0 0 0 0
740 2793 490 67 6 0 0 0 562 2746 735 53 0 0 0 0 2574 1456 59 7 0 0 0 0
246 3374 447 28 1 0 0 0 236 3166 649 43 2 0 0 0 1785 2241 65 5 0 0 0 0
1146 2481 426 41 2 0 0 0 1025 2361 617 90 3 0 0 0 2777 1283 36 0 0 0 0 0
170 1855 1528 425 108 10 0 0 119 1623 1636 576 130 12 0 0 2125 1551 328 87 5 0 0 0
82 1585 1562 609 186 37 17 18 72 1227 1589 829 282 58 19 20 1165 2025 612 188 52 22 11 21
635 2184 965 267 40 5 0 0 688 1854 1028 435 78 11 2 0 2290 1419 296 72 16 3 0 0
147 2661 1105 177 6 0 0 0 56 2218 1385 399 38 0 0 0 1308 2153 552 82 1 0 0 0
196 2471 790 246 178 166 47 2 154 2357 834 319 188 158 84 2 1329 1939 323 139 109 87 65 105
606 1418 841 663 329 176 58 5 546 1358 859 696 371 181 76 9 1233 1237 672 355 240 205 107 47
49 1777 1204 421 219 309 88 29 40 1728 1215 440 212 257 163 41 551 1775 604 351 225 170 144 276
117 1973 1937 38 13 10 5 3 145 2622 1256 35 18 10 7 3 398 3391 229 37 20 8 4 9
422 1680 658 221 356 537 92 130 439 1694 601 184 297 501 243 137 1028 1325 250 179 177 251 203 683
868 3055 173 0 0 0 0 0 778 3197 121 0 0 0 0 0 1644 2439 13 0 0 0 0 0
881 2917 236 40 16 6 0 0 635 3133 280 38 9 1 0 0 1930 2003 123 23 13 4 0 0
131 1399 1520 1042 4 0 0 0 162 1692 1895 347 0 0 0 0 242 2349 1415 90 0 0 0 0
1110 2723 257 6 0 0 0 0 606 2991 483 16 0 0 0 0 2564 1446 86 0 0 0 0 0
549 2681 826 17 17 6 0 0 557 2735 765 15 18 6 0 0 1549 2403 105 10 4 15 10 0
669 2578 434 121 238 38 18 0 649 2397 593 151 235 49 21 1 2028 1442 204 85 99 189 25 24
196 2593 773 252 241 35 6 0 223 2453 824 307 233 49 7 0 1267 1853 445 175 148 179 18 11
456 1412 1104 436 287 156 103 142 479 1131 1271 488 310 158 110 149 1156 1211 640 294 232 212 110 241
342 1545 1004 479 293 159 69 205 362 1345 1184 470 283 173 69 210 1208 1074 644 382 214 247 82 245
59 1832 775 501 336 155 126 312 36 1768 827 479 366 161 129 330 723 1526 439 394 285 197 139 393
578 1514 752 316 344 142 99 351 608 1392 799 337 370 129 107 354 1338 995 507 260 249 250 88 409
120 1921 861 383 226 157 107 321 116 1667 1046 427 230 169 107 334 1498 1052 398 280 178 183 116 391
86 1397 1053 481 276 216 151 436 92 1195 1119 576 281 236 158 439 771 1328 567 349 191 206 151 533
256 2132 605 315 148 141 133 366 306 1957 652 367 170 141 135 368 919 1589 514 236 144 121 125 448
127 1849 656 313 162 164 257 568 166 1540 777 421 192 166 235 599 517 1582 514 280 138 131 205 729
101 1772 618 458 293 220 272 362 102 1754 576 473 309 221 243 418 511 1585 529 335 235 198 217 486
399 1051 900 604 224 187 186 545 389 1051 947 542 222 185 203 557 818 1178 600 272 195 170 154 709
43 1026 1831 540 203 164 189 100 62 1192 1759 439 188 146 184 126 532 1719 857 302 165 132 151 238
265 1228 2331 202 43 19 6 2 277 1406 2240 99 47 19 7 1 412 2351 1212 65 31 16 4 5
876 1874 353 228 476 240 48 1 764 1874 470 216 454 272 40 6 1347 1163 342 345 491 329 70 9
819 2684 499 66 28 0 0 0 815 2677 517 75 12 0 0 0 1668 2231 114 54 29 0 0 0
762 2761 394 97 81 1 0 0 704 2659 565 120 48 0 0 0 1688 2055 170 89 93 1 0 0
147 1186 1506 1232 25 0 0 0 199 1535 1857 504 1 0 0 0 296 2168 1429 202 1 0 0 0
413 1986 698 528 341 74 54 2 338 1978 701 519 377 106 65 12 1066 1346 562 424 322 225 83 68
112 1225 1283 624 585 245 22 0 124 1212 1252 596 589 282 41 0 435 1156 937 471 442 444 164 47
584 1325 849 478 386 327 143 4 566 1288 791 530 370 319 215 17 875 1014 680 448 314 341 214 210
441 1176 914 569 549 283 131 33 440 1179 877 568 558 276 145 53 633 1012 769 476 519 345 176 166
212 1234 1319 607 278 229 154 63 270 1202 1290 565 299 229 167 74 535 1262 928 478 311 211 171 200
239 1026 859 818 675 264 106 109 267 953 912 817 667 247 116 117 493 805 730 716 686 326 147 193
156 1121 990 727 429 359 195 119 164 1172 796 752 445 389 214 164 401 1078 695 616 363 308 271 364
515 1380 694 564 288 238 117 300 475 1351 705 555 323 274 110 303 829 1168 596 494 243 173 211 382
225 1256 766 596 376 183 236 458 231 1171 831 591 395 210 217 450 830 985 614 411 306 186 167 597
164 528 764 818 549 382 342 549 161 484 684 851 610 374 367 565 312 665 698 562 435 302 346 776
254 899 904 775 490 281 195 298 275 845 842 792 524 313 185 320 301 854 810 674 442 344 223 448
172 1187 1110 724 371 207 138 187 146 1077 1096 793 404 229 150 201 278 1131 963 688 339 192 174 331
135 1178 1215 918 300 90 108 152 104 1119 1170 995 334 110 102 162 144 1095 1060 901 422 141 83 250
284 1208 1402 896 194 74 29 9 184 1186 1315 1001 287 78 35 10 252 1103 1183 877 490 105 47 39
192 2292 1232 303 38 35 3 1 92 2320 1475 128 41 31 8 1 1612 1800 564 35 33 35 13 4
397 907 2147 602 28 15 0 0 281 991 2583 190 34 17 0 0 804 1374 1806 66 30 13 3 0
420 3215 283 117 48 13 0 0 255 3258 369 141 56 17 0 0 1906 1791 226 118 47 8 0 0
336 3212 548 0 0 0 0 0 266 2933 897 0 0 0 0 0 1614 2443 39 0 0 0 0 0
90 3534 467 5 0 0 0 0 51 3320 722 3 0 0 0 0 1595 2448 53 0 0 0 0 0
33 1012 1613 1315 123 0 0 0 37 1440 1714 905 0 0 0 0 178 2238 1276 404 0 0 0 0
205 1508 1401 584 275 122 1 0 215 1324 1499 635 289 133 1 0 551 1567 867 567 314 125 77 28
197 1062 1265 925 412 181 54 0 170 1050 1274 963 398 186 55 0 277 1146 1085 825 468 194 94 7
274 1408 1076 703 352 189 93 1 256 1384 1101 696 353 201 104 1 538 1418 819 615 348 233 106 19
152 1106 1244 773 471 226 114 10 170 1143 1181 786 454 238 113 11 312 1262 938 674 454 297 130 29
137 811 1051 833 499 413 228 124 151 815 1011 855 482 393 262 127 258 964 795 750 434 331 310 254
218 785 1140 969 511 329 135 9 216 757 1162 953 510 334 152 12 300 885 994 860 457 320 224 56
103 1015 1447 924 436 150 21 0 87 922 1473 913 465 195 40 1 416 1285 932 683 432 242 81 25
466 1568 1370 507 174 11 0 0 453 1506 1399 538 190 10 0 0 952 1877 799 345 117 6 0 0
268 1614 1460 589 152 13 0 0 332 1628 1383 592 148 13 0 0 932 1869 876 326 91 2 0 0
205 1181 1231 738 363 308 65 5 284 1233 1143 687 348 238 156 7 582 1431 776 486 370 113 277 61
440 972 1028 770 486 171 142 87 394 919 1048 774 538 160 163 100 486 1031 886 727 479 154 148 185
322 1126 1193 933 475 47 0 0 298 1122 1205 930 493 48 0 0 436 1174 1108 902 404 71 1 0
244 1077 1203 1101 466 5 0 0 228 1068 1191 1076 530 3 0 0 207 1106 1098 1090 558 37 0 0
143 1038 1322 1347 245 1 0 0 123 1007 1275 1329 361 1 0 0 132 982 1224 1124 553 80 1 0
19 2378 1187 511 1 0 0 0 54 2595 1305 142 0 0 0 0 764 2589 737 6 0 0 0 0
226 1242 1517 1111 0 0 0 0 324 1319 1928 525 0 0 0 0 711 1549 1767 69 0 0 0 0
333 3649 114 0 0 0 0 0 312 3736 48 0 0 0 0 0 2236 1860 0 0 0 0 0 0
373 2689 1022 12 0 0 0 0 481 2701 913 1 0 0 0 0 1713 2254 129 0 0 0 0 0
164 3600 328 4 0 0 0 0 270 3405 398 23 0 0 0 0 1764 2310 22 0 0 0 0 0
7 786 1528 1366 406 3 0 0 14 1105 1901 1044 32 0 0 0 265 1797 1436 568 23 7 0 0
42 1251 1758 641 285 119 0 0 26 1096 1847 712 286 128 1 0 392 1645 956 581 310 133 72 7
119 893 1288 1024 504 200 67 1 110 926 1355 986 456 200 62 1 235 1082 1103 840 478 246 90 22
114 816 1408 944 440 221 139 14 98 821 1432 930 447 220 138 10 318 1227 1075 688 379 231 146 32
146 1002 1182 825 499 270 150 22 183 1068 1112 822 489 256 144 22 330 1196 890 732 414 309 180 45
125 675 1047 936 606 475 214 18 148 693 1013 918 607 456 236 25 195 797 947 771 538 414 350 84
165 783 1037 955 537 414 186 19 181 791 1020 955 522 417 185 25 270 902 918 865 450 413 226 52
60 803 1363 947 620 271 32 0 75 823 1314 915 573 362 32 2 298 1139 982 646 515 366 130 20
101 906 1787 973 293 36 0 0 119 968 1754 949 276 30 0 0 576 1559 1343 478 131 9 0 0
141 1124 1588 914 295 34 0 0 196 1283 1633 760 212 12 0 0 611 1715 1166 476 123 5 0 0
144 855 1260 990 502 296 45 4 176 1017 1291 793 451 229 129 10 516 1299 877 616 333 147 259 49
52 505 1201 1150 735 406 43 4 105 683 1255 979 694 318 51 11 160 754 1119 916 676 329 96 46
64 480 1282 1189 846 220 15 0 127 771 1345 1084 676 91 2 0 132 745 1319 1053 695 144 8 0
175 709 1129 1231 805 46 1 0 217 872 1175 1165 654 12 1 0 137 775 1157 1210 771 45 1 0
27 559 1281 1604 615 10 0 0 98 858 1306 1425 408 1 0 0 58 686 1200 1310 789 53 0 0
4 720 1819 1523 30 0 0 0 220 1772 1882 218 4 0 0 0 371 2083 1590 51 1 0 0 0
2 478 1854 1730 32 0 0 0 79 1145 2032 840 0 0 0 0 217 1520 2258 101 0 0 0 0
234 3132 599 131 0 0 0 0 383 3435 269 9 0 0 0 0 1736 2162 197 1 0 0 0 0
156 2031 1788 119 2 0 0 0 165 1933 1738 259 1 0 0 0 1223 2694 177 2 0 0 0 0
69 2257 1671 99 0 0 0 0 66 1377 2281 372 0 0 0 0 1308 2512 276 0 0 0 0 0
41 567 1367 1406 705 10 0 0 27 597 1915 1490 64 3 0 0 228 1461 1459 928 18 2 0 0
26 799 1797 928 382 164 0 0 90 1030 1713 810 330 123 0 0 412 1530 1004 606 311 155 78 0
79 736 1265 1112 574 256 74 0 91 895 1394 967 468 223 58 0 193 947 1219 838 508 258 121 12
65 654 1307 1036 584 282 156 12 168 1006 1269 823 458 239 128 5 296 1122 1028 735 443 281 162 29
62 556 1053 1080 778 334 189 44 189 842 1153 890 571 270 162 19 234 858 989 828 585 338 193 71
45 314 1001 1069 875 479 257 56 87 512 1047 997 729 481 220 23 101 522 1057 888 708 441 318 61
86 385 1004 1090 673 447 322 89 158 639 1088 945 545 425 252 44 122 587 1036 956 546 417 322 110
18 243 1049 1466 887 342 85 6 62 621 1288 1074 669 317 61 4 133 702 1225 880 635 396 90 35
35 329 1290 1576 689 167 10 0 148 932 1709 970 300 37 0 0 223 1158 1603 819 262 31 0 0
19 353 1204 1630 713 169 8 0 143 898 1737 985 306 25 2 0 234 1061 1618 859 286 36 2 0
15 263 1070 1490 734 396 68 60 84 662 1351 1039 501 290 109 60 159 782 1329 847 475 219 194 91
163 420 751 958 781 427 315 281 177 530 856 839 716 403 303 272 77 440 811 788 737 549 243 451
65 198 611 892 1185 681 460 4 93 317 749 783 1110 619 424 1 49 241 639 692 789 858 559 269
14 241 1037 1429 1226 145 4 0 56 519 1260 1386 836 39 0 0 35 384 1155 1367 1017 128 9 1
11 184 1134 1872 858 37 0 0 40 555 1332 1704 454 11 0 0 33 345 1169 1495 989 62 3 0
3 399 1660 1944 88 2 0 0 108 1407 1816 762 3 0 0 0 247 1690 1954 205 0 0 0 0
8 400 1673 1958 57 0 0 0 119 1052 1564 1357 4 0 0 0 194 1240 2294 368 0 0 0 0
208 3327 477 84 0 0 0 0 345 3481 236 32 2 0 0 0 1352 2529 192 23 0 0 0 0
74 782 1493 1478 263 6 0 0 190 1449 2110 334 13 0 0 0 545 1881 1519 143 8 0 0 0
423 937 1101 1299 329 7 0 0 673 1303 1609 492 19 0 0 0 1008 1737 1189 156 6 0 0 0
11 186 846 1890 1156 7 0 0 58 416 1614 1917 91 0 0 0 106 804 1921 1261 4 0 0 0
2 140 1037 1821 860 233 3 0 15 564 1850 1179 385 103 0 0 47 919 1534 939 407 206 44 0
57 425 778 1440 935 371 88 2 81 523 1231 1316 621 269 55 0 99 541 1155 1123 704 327 124 23
20 205 866 1462 899 398 214 32 35 453 1398 1128 635 296 146 5 91 525 1276 979 645 339 209 32
8 149 917 1341 979 438 208 56 33 429 1335 1137 676 303 166 17 41 437 1274 941 744 389 198 72
2 125 717 1230 1035 617 300 70 19 302 984 1096 851 557 260 27 13 234 939 1011 850 575 366 108
1 77 500 1060 1060 864 424 110 11 224 812 1210 830 698 283 28 8 168 704 1053 956 603 515 89
1 30 362 1078 1194 812 491 128 10 184 790 1199 1175 564 167 7 12 194 702 1116 1166 611 236 59
0 43 405 1037 946 847 617 201 21 280 1051 1205 977 471 89 2 22 338 1066 1230 944 428 67 1
4 99 524 1039 992 751 519 168 43 366 1049 1282 896 374 84 2 84 472 1037 1164 885 375 78 1
162 160 401 718 536 513 313 1293 199 259 604 695 472 411 321 1135 223 304 526 681 467 385 204 1306
555 178 209 346 429 406 874 1099 537 163 216 333 410 536 960 941 466 214 195 336 350 432 596 1507
4 9 7 93 1754 882 910 437 7 10 5 331 1778 701 1055 209 1 10 6 12 1270 1175 632 990
19 187 809 1227 1548 298 8 0 50 399 1069 1271 1166 138 3 0 20 244 914 1155 1333 378 52 0
9 238 1146 1749 887 66 1 0 60 512 1368 1687 454 15 0 0 45 369 1003 1593 1008 78 0 0
12 547 1710 1736 81 10 0 0 140 1243 1650 1049 11 3 0 0 377 1659 1772 279 8 1 0 0
47 1152 1198 1617 82 0 0 0 73 1244 1437 1323 19 0 0 0 485 1370 1811 430 0 0 0 0
435 3082 561 18 0 0 0 0 489 3027 573 7 0 0 0 0 1630 2398 68 0 0 0 0 0
0 28 1020 2630 390 28 0 0 3 156 2379 1505 50 3 0 0 95 1756 2049 189 7 0 0 0
0 6 809 2318 936 27 0 0 0 196 2255 1568 77 0 0 0 79 1386 2166 461 4 0 0 0
0 1 586 2157 1338 14 0 0 0 59 1745 2146 145 1 0 0 8 545 2023 1485 35 0 0 0
0 149 1148 1873 775 147 4 0 1 398 1923 1355 360 59 0 0 11 906 1591 1039 362 168 18 1
7 144 623 1333 1244 563 171 11 7 244 993 1455 963 355 79 0 40 320 853 1219 907 498 217 42
17 245 855 1243 1035 439 231 31 40 425 1092 1128 875 366 164 6 55 471 1012 914 638 478 417 111
9 133 502 777 981 970 536 188 19 267 792 1010 1064 647 267 30 33 273 677 977 1004 728 316 88
1 12 119 588 1229 1158 730 259 4 56 344 1113 1318 907 324 30 1 54 337 982 1297 882 445 98
0 1 22 182 732 1361 1234 564 1 24 203 820 1398 1078 511 61 4 30 196 776 1299 1068 609 114
0 1 23 218 731 1137 1322 664 0 17 121 757 1683 1112 381 25 3 18 194 725 1543 1159 415 39
0 0 8 51 343 1008 1609 1077 0 14 221 828 1452 1161 387 33 1 38 280 910 1470 1068 309 20
0 0 3 38 229 1021 1747 1058 2 12 148 734 1610 1267 309 14 3 20 171 819 1672 1150 256 5
282 222 954 303 403 688 765 479 278 431 912 610 810 603 258 194 253 163 1116 674 836 542 172 340
708 582 704 792 743 436 128 3 744 602 706 792 758 393 99 2 533 594 692 773 741 513 222 28
99 931 784 539 773 438 354 178 194 1013 762 592 741 317 370 107 67 562 1022 647 643 504 283 368
11 123 240 558 1366 1357 415 26 33 194 527 1316 1663 348 15 0 8 134 383 1050 1734 746 41 0
0 91 915 1062 916 804 286 22 6 565 1100 1308 865 233 19 0 9 523 970 1165 1036 363 30 0
0 118 1881 1899 172 19 7 0 11 1136 1371 1526 40 11 1 0 30 1424 1987 623 22 9 1 0
13 508 1608 1884 74 7 2 0 119 974 1712 1269 19 3 0 0 249 1137 2230 470 8 2 0 0
12 874 2364 745 97 4 0 0 219 2366 1366 135 10 0 0 0 364 2542 1095 91 4 0 0 0
0 21 1665 2148 255 7 0 0 0 30 877 3003 181 5 0 0 50 1711 2162 167 6 0 0 0
0 12 577 2695 748 56 8 0 0 53 1152 2587 287 16 1 0 60 1377 2166 448 42 3 0 0
0 12 767 2571 672 57 17 0 0 31 1226 2554 234 35 15 1 4 688 2321 970 79 28 6 0
2 413 1565 1285 628 178 22 3 4 646 1999 978 351 103 15 0 61 1246 1348 811 357 212 52 9
2 59 360 1025 1421 827 308 94 16 247 953 1246 1005 464 125 40 22 294 903 1115 812 522 289 139
0 6 40 370 875 1023 906 876 3 54 270 784 1009 751 615 610 8 68 310 563 703 741 743 960
0 0 18 180 691 1410 1212 585 2 56 413 1026 1279 924 372 24 2 95 487 1035 1180 855 393 49
0 0 13 297 669 1027 1170 920 1 8 155 738 1279 1210 616 89 1 19 180 753 1199 1175 629 140
0 0 0 28 291 858 1458 1461 0 5 52 433 1082 1375 971 178 0 9 67 434 1071 1303 985 227
0 1 12 127 609 753 1277 1317 1 18 90 486 1391 1280 721 109 1 24 97 503 1361 1287 708 115
0 0 6 25 140 574 1477 1874 1 10 68 432 1258 1507 695 125 2 19 118 564 1317 1437 566 73
0 0 2 25 189 729 1451 1700 0 12 81 492 1255 1494 657 105 0 30 158 647 1357 1369 486 49
0 27 65 198 249 895 1483 1179 1 56 102 516 1456 1417 493 55 2 41 119 576 1537 1358 423 40
17 138 237 343 594 875 1178 714 23 166 249 687 1305 1192 436 38 5 81 254 656 1205 1291 557 47
3 100 138 218 537 1147 1382 571 4 121 301 685 1350 1283 331 21 1 45 287 585 1191 1431 526 30
0 4 116 762 831 1042 1221 120 3 54 714 846 1205 1121 153 0 10 64 670 683 1143 952 573 1
0 60 1966 1451 318 177 106 18 6 954 2336 474 181 118 26 1 19 1207 2155 400 162 87 66 0
0 46 888 2816 256 63 22 5 2 388 1426 2151 91 28 10 0 40 620 2567 779 61 20 9 0
0 124 2129 1626 176 37 4 0 31 596 2609 810 41 9 0 0 80 1269 2460 257 26 4 0 0
10 351 1920 1535 237 31 11 1 111 1468 2104 352 45 12 4 0 164 1713 1886 282 38 8 5 0
0 5 465 2660 941 25 0 0 0 31 485 2894 674 12 0 0 7 722 2786 560 21 0 0 0
0 0 276 2496 1216 108 0 0 0 3 203 2887 995 8 0 0 4 984 2439 639 30 0 0 0
0 26 530 2247 1222 68 3 0 0 33 363 2726 954 20 0 0 25 1243 1873 914 40 1 0 0
0 65 579 2503 891 58 0 0 0 128 432 2800 718 17 1 0 64 1193 2257 557 25 0 0 0
0 1 77 1336 1934 594 125 29 5 14 220 1689 1930 206 32 0 8 218 1994 1427 336 100 12 1
0 1 44 632 1874 1019 405 121 0 7 178 1280 1926 370 247 88 7 192 1097 1729 469 189 174 239
0 4 155 515 873 865 919 765 3 19 288 1020 1041 634 724 367 18 274 743 823 576 533 615 514
0 0 60 472 763 702 1086 1013 1 14 188 715 1036 817 855 470 4 66 220 665 1026 736 753 626
1 11 50 284 411 846 1232 1261 6 30 173 570 922 1281 873 241 7 53 267 487 799 1198 974 311
0 1 18 120 616 898 1237 1206 0 3 53 367 1193 1384 880 216 0 5 49 316 1088 1343 981 314
0 0 0 5 83 467 1369 2172 0 1 30 244 927 1596 1092 206 0 2 44 290 969 1634 1009 148
0 0 0 7 80 371 1233 2405 0 0 37 206 835 1541 1178 299 0 1 48 223 817 1555 1183 269
0 0 8 107 298 564 1215 1904 0 0 34 281 990 1644 939 208 0 0 26 278 802 1736 1061 193
1 6 53 286 516 739 1224 1271 4 29 138 556 1059 1365 838 107 17 40 127 414 875 1381 1044 198
1 36 218 898 974 732 703 534 10 144 764 1129 943 688 340 78 68 267 945 923 731 688 398 76
0 2 181 2596 1059 197 39 22 2 54 2022 1594 320 81 21 2 4 95 2129 1545 263 44 16 0
0 53 685 2002 1140 164 43 9 6 216 1727 1784 284 68 10 1 41 609 1853 1328 218 36 10 1
2 41 538 2541 973 1 0 0 6 97 942 2202 848 1 0 0 50 233 1344 2046 423 0 0 0
0 207 1660 1988 237 4 0 0 13 599 1503 1777 203 1 0 0 93 732 1762 1391 117 1 0 0
1 296 2123 1487 153 23 13 0 34 1249 2407 351 41 14 0 0 106 1574 2161 223 26 6 0 0
1 58 1484 2121 431 1 0 0 0 0 139 2906 1042 9 0 0 134 2069 1729 164 0 0 0 0
0 5 1024 2479 565 19 4 0 0 0 82 2844 1166 4 0 0 57 1986 1934 112 7 0 0 0
0 57 1392 2188 395 62 2 0 0 2 214 2816 981 80 3 0 205 2126 1585 150 30 0 0 0
0 46 1397 2290 276 51 32 4 0 20 216 2873 922 62 3 0 130 2088 1700 123 30 23 2 0
0 20 671 2190 1078 130 7 0 0 16 179 2395 1467 39 0 0 37 1114 2204 685 54 2 0 0
0 6 853 1800 1192 244 1 0 0 3 113 2427 1492 56 5 0 42 1189 1889 864 105 7 0 0
0 39 1427 1992 579 59 0 0 0 0 112 2837 1111 31 5 0 72 1962 1779 257 25 1 0 0
1 90 828 1678 1012 365 111 11 1 10 270 2050 1252 341 147 25 96 885 1523 684 414 267 154 73
0 95 1383 1679 529 316 73 21 0 5 587 2629 451 324 83 17 184 1707 1253 333 160 210 221 28
0 4 228 1644 1630 413 113 64 0 10 230 2069 1480 207 57 43 22 594 2144 984 200 71 40 41
0 0 9 154 1058 1310 748 817 0 6 90 705 1694 711 483 407 7 42 516 1461 770 546 379 375
0 0 2 21 263 888 1285 1637 0 2 11 302 1156 1336 797 492 0 2 86 582 1047 1196 751 432
0 0 8 85 372 745 1298 1588 0 2 33 334 1021 1353 950 403 0 6 80 454 873 1298 897 488
0 1 26 273 1359 1314 691 432 0 10 95 907 1675 938 354 117 6 50 508 1174 1059 870 327 102
2 17 184 1369 1950 438 95 41 2 29 257 1648 1840 228 69 23 32 418 2154 1166 210 82 27 7
1 21 364 2449 1127 101 26 7 4 61 676 2359 938 36 13 9 31 720 2576 678 64 18 9 0
1 112 1431 1726 749 58 16 3 2 199 1345 1958 530 50 12 0 252 1607 1715 473 37 12 0 0
6 283 2050 1298 399 26 14 20 3 447 1900 1389 297 25 16 19 628 1898 979 498 51 14 14 14
5 687 1769 1162 405 62 6 0 5 914 1429 1510 226 12 0 0 924 1517 1240 389 23 3 0 0
5 366 1407 1550 588 134 40 6 12 778 2019 1073 200 11 3 0 356 1343 1830 511 48 5 3 0
0 8 728 2578 748 33 1 0 0 5 122 2481 1467 21 0 0 41 1287 2336 413 19 0 0 0
0 26 1822 2152 90 6 0 0 0 0 87 2761 1242 6 0 0 97 2430 1548 21 0 0 0 0
0 38 1624 2217 203 11 3 0 0 0 134 2987 961 14 0 0 83 2038 1851 117 7 0 0 0
0 4 964 2616 491 20 1 0 0 0 134 2503 1447 12 0 0 83 1691 2116 199 7 0 0 0
0 14 1005 2355 619 92 11 0 0 3 92 2272 1666 57 6 0 37 1810 1896 302 47 4 0 0
0 27 1693 2114 224 31 7 0 0 0 76 2727 1267 23 3 0 156 2491 1365 74 10 0 0 0
0 8 1119 2410 502 54 3 0 0 4 94 2577 1371 48 2 0 47 2124 1731 168 26 0 0 0
0 46 1455 2032 429 117 12 5 0 8 281 2521 1191 82 12 1 134 2111 1563 236 43 6 3 0
0 52 939 1943 830 294 35 3 0 12 292 2167 1373 238 14 0 140 1568 1509 540 291 45 3 0
0 2 75 1579 1972 424 38 6 0 1 35 1116 2677 245 19 3 5 321 2362 1273 121 11 3 0
0 0 13 581 1790 1324 277 111 0 0 19 875 2439 598 120 45 2 103 1264 1773 740 163 46 5
0 0 0 25 580 2431 869 191 0 0 11 286 2498 1084 165 52 0 3 104 1389 2100 363 116 21
0 0 0 17 692 2499 730 158 0 0 13 487 2537 901 129 29 0 2 136 1700 1881 298 71 8
0 0 3 611 2169 1160 124 29 0 0 12 1146 2658 232 40 8 0 37 1321 2116 558 47 14 3
0 0 101 1610 1996 319 35 35 0 0 42 1624 2286 97 32 15 0 349 2310 1236 146 30 22 3
11 451 478 1931 705 32 48 440 8 433 127 1869 1137 43 47 432 136 1084 1988 389 19 5 58 417
24 454 434 1928 772 46 49 389 9 432 178 1797 1209 33 45 393 151 1097 1950 432 25 5 39 397
24 754 906 1184 291 73 110 754 20 728 508 1633 332 23 97 755 187 1562 1184 281 30 0 115 737
13 517 1750 1282 232 24 25 253 11 414 1151 2035 198 11 26 250 191 2023 1477 119 10 1 25 250
8 224 2069 1489 263 17 9 17 6 154 1460 2266 175 12 13 10 226 2121 1557 148 17 13 11 3
0 1 802 2629 576 37 49 2 0 0 27 2297 1686 69 17 0 8 1223 2465 325 38 36 1 0
0 18 1504 2265 294 15 0 0 0 4 71 2606 1385 30 0 0 47 2066 1819 161 3 0 0 0
0 84 2165 1583 197 63 4 0 0 9 251 3003 815 16 2 0 220 2537 1171 135 30 3 0 0
0 62 1069 2031 777 102 37 18 0 1 162 2330 1507 72 17 7 106 1338 2195 376 50 17 9 5
0 6 700 2674 658 38 14 6 0 4 106 2027 1894 52 13 0 16 1246 2392 402 29 10 1 0
1 10 348 1986 1457 246 40 8 0 5 109 1637 2160 167 16 2 30 611 2368 941 137 6 3 0
0 2 345 2009 1397 337 6 0 0 1 51 1521 2378 141 4 0 13 633 2247 1086 114 3 0 0
0 4 129 1147 2099 680 37 0 0 0 16 815 3009 256 0 0 3 301 1654 1873 264 1 0 0
0 2 35 935 2250 825 46 3 0 0 36 812 2868 371 9 0 3 114 1567 2027 362 22 1 0
0 0 11 329 2304 1326 104 22 0 0 12 459 3083 496 42 4 0 33 965 2411 639 41 7 0
0 0 0 37 961 2411 642 45 0 0 0 110 2467 1441 71 7 0 0 144 1736 1964 234 16 2
0 0 2 106 963 2326 642 57 0 0 2 134 2169 1692 74 25 0 6 212 1601 2004 232 28 13
0 0 2 149 1863 1812 253 17 0 0 6 200 2809 1037 41 3 0 6 369 2455 1178 83 5 0
0 0 55 1077 2282 580 67 35 0 0 32 878 2768 358 42 18 0 119 1848 1799 255 51 24 0
0 14 666 2016 1224 145 29 2 0 1 110 2227 1674 58 25 1 31 1127 2178 685 44 22 9 0
0 4 1096 2077 785 88 31 15 0 0 53 2496 1437 79 27 4 8 1471 2079 449 56 28 5 0
0 24 1037 2303 653 76 3 0 0 3 158 2834 1038 60 3 0 30 1516 2220 304 23 3 0 0
0 5 825 2724 515 23 4 0 0 0 123 2956 993 23 1 0 9 1230 2647 204 6 0 0 0
0 113 1981 1739 179 19 24 41 0 1 354 3301 365 16 57 2 138 2371 1414 96 24 37 13 3
0 860 2245 913 78 0 0 0 0 17 1592 2353 134 0 0 0 710 2443 906 37 0 0 0 0
