0 0 0 0 0 2974 1122 0 0 0 0 0 0 0 4096 0 0 0 0 0 0 0 779 3317
0 0 0 0 0 2382 1714 0 0 0 0 0 0 0 4096 0 0 0 0 0 0 0 672 3424
0 0 0 0 0 2196 1900 0 0 0 0 0 0 0 4096 0 0 0 0 0 0 0 989 3107
0 0 0 0 0 1808 2288 0 0 0 0 0 0 0 4096 0 0 0 0 0 0 0 41 4055
0 0 0 0 0 1217 2879 0 0 0 0 0 0 0 4096 0 0 0 0 0 0 0 1 4095
0 0 0 0 0 1248 2848 0 0 0 0 0 0 0 4096 0 0 0 0 0 0 0 0 4096
0 0 0 0 0 418 3678 0 0 0 0 0 0 0 4096 0 0 0 0 0 0 0 0 4096
0 0 0 0 0 0 4096 0 0 0 0 0 0 0 4096 0 0 0 0 0 0 0 0 4096
0 0 0 0 0 0 4096 0 0 0 0 0 0 0 4096 0 0 0 0 0 0 0 0 4096
0 0 0 0 0 3 4093 0 0 0 0 0 0 0 4089 7 0 0 0 0 0 0 0 4096
0 0 0 0 0 0 4096 0 0 0 0 0 0 0 3763 333 0 0 0 0 0 0 0 4096
0 0 0 0 0 0 4096 0 0 0 0 0 0 0 3555 541 0 0 0 0 0 0 0 4096
0 0 0 0 0 0 4096 0 0 0 0 0 0 0 3594 502 0 0 0 0 0 0 0 4096
0 0 0 0 0 0 4001 95 0 0 0 0 0 0 2194 1902 0 0 0 0 0 0 0 4096
0 0 0 0 0 0 1929 2167 0 0 0 0 0 0 1160 2936 0 0 0 0 0 0 0 4096
0 0 0 0 0 0 1754 2342 0 0 0 0 0 0 1046 3050 0 0 0 0 0 0 0 4096
0 0 0 0 0 0 1975 2121 0 0 0 0 0 0 1464 2632 0 0 0 0 0 0 0 4096
0 0 0 0 0 0 2165 1931 0 0 0 0 0 0 1505 2591 0 0 0 0 0 0 0 4096
0 0 0 0 0 0 1895 2201 0 0 0 0 0 0 1494 2602 0 0 0 0 0 0 0 4096
0 0 0 0 0 0 2070 2026 0 0 0 0 0 0 1546 2550 0 0 0 0 0 0 0 4096
0 0 0 0 0 0 3246 850 0 0 0 0 0 0 2826 1270 0 0 0 0 0 0 0 4096
0 0 0 0 0 0 3993 103 0 0 0 0 0 0 3456 640 0 0 0 0 0 0 0 4096
0 0 0 0 0 22 4074 0 0 0 0 0 0 0 4096 0 0 0 0 0 0 0 0 4096
0 0 0 0 0 0 4096 0 0 0 0 0 0 0 4096 0 0 0 0 0 0 0 0 4096
0 0 0 0 0 0 4096 0 0 0 0 0 0 0 4096 0 0 0 0 0 0 0 0 4096
0 0 0 0 0 0 4096 0 0 0 0 0 0 0 4096 0 0 0 0 0 0 0 0 4096
0 0 0 0 0 0 4096 0 0 0 0 0 0 0 4092 4 0 0 0 0 0 0 0 4096
0 0 0 0 0 0 4095 1 0 0 0 0 0 0 3530 566 0 0 0 0 0 0 0 4096
0 0 0 0 0 0 2825 1271 0 0 0 0 0 0 1758 2338 0 0 0 0 0 0 0 4096
0 0 0 0 0 5 3828 263 0 0 0 0 0 0 3547 549 0 0 0 0 0 0 7 4089
0 0 0 0 0 0 4090 6 0 0 0 0 0 0 3653 443 0 0 0 0 0 0 28 4068
0 0 0 0 0 0 4076 20 0 0 0 0 0 0 3690 406 0 0 0 0 0 0 0 4096
0 0 0 0 0 0 3912 184 0 0 0 0 0 0 3886 210 0 0 0 0 0 0 2 4094
0 0 0 0 0 0 3669 427 0 0 0 0 0 0 3291 805 0 0 0 0 0 0 28 4068
0 0 0 0 0 0 3508 588 0 0 0 0 0 0 3206 890 0 0 0 0 0 0 2 4094
0 0 0 0 0 1 4095 0 0 0 0 0 0 0 4096 0 0 0 0 0 0 0 335 3761
0 0 0 0 0 677 3419 0 0 0 0 0 0 0 4096 0 0 0 0 0 0 0 1785 2311
0 0 0 0 0 1038 3058 0 0 0 0 0 0 0 4096 0 0 0 0 0 0 0 2485 1611
0 0 0 0 0 686 3410 0 0 0 0 0 0 0 4071 25 0 0 0 0 0 0 1861 2235
0 0 0 0 0 1569 2209 318 0 0 0 0 0 0 3656 440 0 0 0 0 0 0 1039 3057
0 0 0 0 0 1453 2643 0 0 0 0 0 0 0 4043 53 0 0 0 0 0 0 251 3845
0 7 57 63 42 119 3682 126 0 4 60 53 51 33 3606 289 0 0 37 60 54 36 637 3272
0 3 45 62 47 90 2291 1558 0 1 48 61 35 58 2872 1021 0 0 25 63 47 42 389 3530
0 0 13 78 55 79 2469 1402 0 0 32 49 60 40 2424 1491 0 0 11 54 63 46 225 3697
0 3 47 57 56 296 3534 103 0 0 24 62 62 48 3765 135 0 0 6 63 51 55 399 3522
0 0 46 60 64 1645 2279 2 0 0 15 62 67 57 3870 25 0 0 0 45 67 54 213 3717
0 0 21 66 56 1470 2476 7 0 0 9 54 58 59 3882 34 0 0 0 23 75 53 367 3578
0 0 9 76 65 1348 2594 4 0 0 0 49 82 64 3842 59 0 0 0 7 78 64 186 3761
1 25 108 295 555 542 2505 65 0 19 87 275 531 282 2714 188 0 4 71 413 349 218 417 2624
0 0 0 0 0 595 3498 3 0 0 0 0 0 7 4074 15 0 0 0 0 0 0 38 4058
0 0 0 0 0 2898 1198 0 0 0 0 0 0 0 4093 3 0 0 0 0 0 0 0 4096
0 0 0 0 0 402 3694 0 0 0 0 0 0 0 4055 41 0 0 0 0 0 0 0 4096
0 0 0 0 0 7 4089 0 0 0 0 0 0 0 4078 18 0 0 0 0 0 0 5 4091
0 0 0 0 0 0 4096 0 0 0 0 0 0 0 4043 53 0 0 0 0 0 0 0 4096
0 0 0 0 0 0 4096 0 0 0 0 0 0 0 4093 3 0 0 0 0 0 0 0 4096
0 0 0 0 0 0 4096 0 0 0 0 0 0 0 4096 0 0 0 0 0 0 0 0 4096
0 0 0 0 0 0 4096 0 0 0 0 0 0 0 4096 0 0 0 0 0 0 0 0 4096
0 0 0 0 0 0 4096 0 0 0 0 0 0 0 4096 0 0 0 0 0 0 0 0 4096
0 0 0 0 0 0 4096 0 0 0 0 0 0 0 4096 0 0 0 0 0 0 0 0 4096
0 0 0 0 0 0 4096 0 0 0 0 0 0 0 4096 0 0 0 0 0 0 0 0 4096
0 0 0 0 0 0 4096 0 0 0 0 0 0 0 4096 0 0 0 0 0 0 0 0 4096
0 0 0 0 0 0 4096 0 0 0 0 0 0 0 4096 0 0 0 0 0 0 0 0 4096
0 0 0 0 0 0 4096 0 0 0 0 0 0 0 3892 204 0 0 0 0 0 0 0 4096
0 0 0 0 0 0 4096 0 0 0 0 0 0 0 4088 8 0 0 0 0 0 0 0 4096
0 0 0 0 0 0 4096 0 0 0 0 0 0 0 4096 0 0 0 0 0 0 0 0 4096
0 0 0 0 0 0 4096 0 0 0 0 0 0 0 4096 0 0 0 0 0 0 0 0 4096
0 0 0 0 0 0 4096 0 0 0 0 0 0 0 4096 0 0 0 0 0 0 0 0 4096
0 0 0 0 0 0 4096 0 0 0 0 0 0 0 3909 187 0 0 0 0 0 0 0 4096
0 0 0 0 0 0 4096 0 0 0 0 0 0 0 4090 6 0 0 0 0 0 0 0 4096
0 0 0 0 0 0 4094 2 0 0 0 0 0 0 3277 819 0 0 0 0 0 0 0 4096
0 0 0 0 0 0 4096 0 0 0 0 0 0 0 3473 623 0 0 0 0 0 0 0 4096
0 0 0 0 0 0 4096 0 0 0 0 0 0 0 4063 33 0 0 0 0 0 0 0 4096
0 0 0 0 0 0 4087 9 0 0 0 0 0 0 3866 230 0 0 0 0 0 0 9 4087
0 0 0 0 0 0 3260 836 0 0 0 0 0 0 2731 1365 0 0 0 0 0 0 33 4063
0 0 0 0 0 0 4050 46 0 0 0 0 0 0 3998 98 0 0 0 0 0 0 4 4092
0 0 0 0 0 0 4096 0 0 0 0 0 0 0 4091 5 0 0 0 0 0 0 15 4081
0 0 0 0 0 0 4096 0 0 0 0 0 0 0 4096 0 0 0 0 0 0 0 88 4008
0 0 0 0 0 264 3832 0 0 0 0 0 0 0 4096 0 0 0 0 0 0 0 97 3999
0 0 0 0 0 1919 2177 0 0 0 0 0 0 0 4096 0 0 0 0 0 0 0 384 3712
0 0 0 0 0 62 3837 197 0 0 0 0 0 0 3916 180 0 0 0 0 0 0 531 3565
0 0 0 0 0 13 4083 0 0 0 0 0 0 0 4078 18 0 0 0 0 0 0 1261 2835
0 0 0 0 0 69 4027 0 0 0 0 0 0 0 4096 0 0 0 0 0 0 0 700 3396
0 0 0 3 4 153 3936 0 0 0 0 1 2 9 4084 0 0 0 0 0 3 4 2650 1439
0 0 0 0 0 1 4095 0 0 0 0 0 0 0 4096 0 0 0 0 0 0 0 2465 1631
0 0 0 0 0 92 3993 11 0 0 0 0 0 0 3915 181 0 0 0 0 0 0 1112 2984
0 0 0 0 0 270 3826 0 0 0 0 0 0 0 4096 0 0 0 0 0 0 0 2456 1640
0 0 0 0 0 1691 2405 0 0 0 0 0 0 0 4096 0 0 0 0 0 0 0 1136 2960
0 0 0 0 0 2354 1742 0 0 0 0 0 0 0 4096 0 0 0 0 0 0 0 238 3858
0 0 0 0 0 1408 2688 0 0 0 0 0 0 0 4096 0 0 0 0 0 0 0 0 4096
0 0 7 213 514 353 2990 19 0 0 3 173 520 154 3197 49 0 0 15 439 310 88 90 3154
0 0 1 3 51 642 3380 19 0 0 1 3 36 55 3952 49 0 0 0 1 8 60 118 3909
0 0 0 0 0 21 4075 0 0 0 0 0 0 0 4065 31 0 0 0 0 0 0 4 4092
0 0 0 0 0 0 4096 0 0 0 0 0 0 0 4026 70 0 0 0 0 0 0 0 4096
0 0 0 0 0 0 4096 0 0 0 0 0 0 0 4096 0 0 0 0 0 0 0 0 4096
0 0 0 0 0 0 4096 0 0 0 0 0 0 0 4096 0 0 0 0 0 0 0 0 4096
0 0 0 0 0 15 4067 14 0 0 0 0 0 3 4077 16 0 0 0 0 0 1 74 4021
0 0 2 18 58 258 3340 420 0 0 5 24 51 158 3450 408 0 0 5 20 68 168 437 3398
0 0 0 1 2 139 3954 0 0 0 0 0 1 11 4079 5 0 0 0 0 1 6 68 4021
0 0 0 0 0 0 4096 0 0 0 0 0 0 0 4096 0 0 0 0 0 0 0 0 4096
0 0 0 0 0 0 4096 0 0 0 0 0 0 0 4096 0 0 0 0 0 0 0 0 4096
0 0 0 0 0 0 4096 0 0 0 0 0 0 0 4096 0 0 0 0 0 0 0 5 4091
0 0 0 0 0 0 4096 0 0 0 0 0 0 0 4096 0 0 0 0 0 0 0 0 4096
0 0 0 0 0 0 4096 0 0 0 0 0 0 0 4095 1 0 0 0 0 0 0 0 4096
0 0 0 0 0 0 4096 0 0 0 0 0 0 0 3996 100 0 0 0 0 0 0 0 4096
0 0 0 0 0 0 4096 0 0 0 0 0 0 0 4096 0 0 0 0 0 0 0 0 4096
0 0 0 0 0 0 4096 0 0 0 0 0 0 0 3812 284 0 0 0 0 0 0 0 4096
0 0 0 0 0 0 4096 0 0 0 0 0 0 0 4059 37 0 0 0 0 0 0 0 4096
0 0 0 0 0 0 4096 0 0 0 0 0 0 0 4096 0 0 0 0 0 0 0 0 4096
0 0 0 0 0 0 4096 0 0 0 0 0 0 0 4096 0 0 0 0 0 0 0 0 4096
0 0 0 0 0 0 4096 0 0 0 0 0 0 0 4096 0 0 0 0 0 0 0 0 4096
0 0 0 0 0 0 4096 0 0 0 0 0 0 0 4089 7 0 0 0 0 0 0 0 4096
0 0 0 0 0 0 4036 60 0 0 0 0 0 0 3831 265 0 0 0 0 0 0 177 3919
0 0 0 0 0 0 4050 46 0 0 0 0 0 0 4079 17 0 0 0 0 0 0 93 4003
0 0 0 0 0 0 4096 0 0 0 0 0 0 0 4096 0 0 0 0 0 0 0 132 3964
0 0 0 0 0 0 4096 0 0 0 0 0 0 0 4095 1 0 0 0 0 0 0 446 3650
0 0 0 0 0 0 4096 0 0 0 0 0 0 0 4096 0 0 0 0 0 0 0 375 3721
0 0 0 0 0 0 4096 0 0 0 0 0 0 0 4096 0 0 0 0 0 0 0 294 3802
0 0 0 0 0 0 4096 0 0 0 0 0 0 0 4092 4 0 0 0 0 0 0 533 3563
0 0 0 0 0 0 4046 50 0 0 0 0 0 0 4016 80 0 0 0 0 0 0 824 3272
0 0 0 0 0 6 4088 2 0 0 0 0 0 0 4088 8 0 0 0 0 0 0 860 3236
0 0 0 0 0 242 3854 0 0 0 0 0 0 0 4096 0 0 0 0 0 0 0 1616 2480
0 0 0 0 0 759 3337 0 0 0 0 0 0 0 4096 0 0 0 0 0 0 0 2908 1188
0 0 0 0 0 1018 3078 0 0 0 0 0 0 1 4095 0 0 0 0 0 0 0 3614 482
0 10 1168 2454 189 176 98 1 0 4 320 3119 322 116 212 3 2 371 2981 316 112 84 203 27
0 4 976 1924 133 343 716 0 0 0 276 2476 218 104 1021 1 0 241 2493 197 66 79 1004 16
0 2 658 2256 125 418 637 0 0 0 194 2552 238 96 1016 0 0 268 2476 164 90 81 989 28
0 190 2003 1075 114 230 483 1 0 33 1003 2065 229 77 679 10 7 1043 1982 243 78 61 454 228
0 60 1118 1489 90 124 1215 0 0 12 491 2054 167 61 1296 15 5 621 1903 161 47 51 439 869
0 1 235 1240 180 372 2066 2 0 0 69 1253 292 128 2351 3 0 70 1198 221 124 109 1198 1176
0 6 262 518 180 2599 529 2 0 0 106 534 271 145 3029 11 0 29 442 332 142 95 634 2422
0 0 12 193 569 1589 1733 0 0 0 0 136 530 161 3265 4 0 0 50 491 211 74 422 2848
0 0 1 37 69 1688 2299 2 0 0 0 29 29 154 3833 51 0 0 0 19 27 81 330 3639
0 0 0 0 0 2087 2009 0 0 0 0 0 0 0 4096 0 0 0 0 0 0 0 0 4096
0 0 0 0 0 64 4032 0 0 0 0 0 0 0 4096 0 0 0 0 0 0 0 0 4096
0 0 0 0 0 0 4096 0 0 0 0 0 0 0 4096 0 0 0 0 0 0 0 0 4096
0 0 0 0 0 0 4096 0 0 0 0 0 0 0 4096 0 0 0 0 0 0 0 0 4096
0 0 0 0 0 0 4096 0 0 0 0 0 0 0 4096 0 0 0 0 0 0 0 128 3968
0 0 0 46 67 626 3322 35 0 0 0 54 58 368 3551 65 0 0 0 47 102 539 589 2819
0 0 0 0 0 0 4096 0 0 0 0 0 0 0 4096 0 0 0 0 0 0 0 0 4096
0 0 0 0 0 43 4053 0 0 0 0 0 0 0 4096 0 0 0 0 0 0 0 65 4031
0 0 0 0 0 1 4095 0 0 0 0 0 0 0 4096 0 0 0 0 0 0 0 92 4004
0 0 0 0 0 0 4096 0 0 0 0 0 0 0 4096 0 0 0 0 0 0 0 90 4006
0 0 0 0 0 0 4096 0 0 0 0 0 0 0 4096 0 0 0 0 0 0 0 0 4096
0 0 0 0 0 0 4096 0 0 0 0 0 0 0 4096 0 0 0 0 0 0 0 0 4096
0 0 0 0 0 0 4096 0 0 0 0 0 0 0 4096 0 0 0 0 0 0 0 6 4090
0 0 0 0 0 0 4096 0 0 0 0 0 0 0 4090 6 0 0 0 0 0 0 0 4096
0 0 0 0 0 0 4096 0 0 0 0 0 0 0 4092 4 0 0 0 0 0 0 2 4094
0 0 0 0 0 0 4096 0 0 0 0 0 0 0 4096 0 0 0 0 0 0 0 0 4096
0 0 0 0 0 0 4096 0 0 0 0 0 0 0 4096 0 0 0 0 0 0 0 0 4096
0 0 0 0 0 0 4096 0 0 0 0 0 0 0 4096 0 0 0 0 0 0 0 0 4096
0 0 0 0 0 0 4096 0 0 0 0 0 0 0 4096 0 0 0 0 0 0 0 0 4096
0 0 0 0 0 0 4096 0 0 0 0 0 0 0 4096 0 0 0 0 0 0 0 0 4096
0 0 0 0 0 0 4096 0 0 0 0 0 0 0 4096 0 0 0 0 0 0 0 780 3316
0 0 0 0 0 0 4096 0 0 0 0 0 0 0 4096 0 0 0 0 0 0 0 2033 2063
0 0 0 0 0 15 4081 0 0 0 0 0 0 0 4096 0 0 0 0 0 0 0 2617 1479
0 0 0 0 0 25 4071 0 0 0 0 0 0 0 4096 0 0 0 0 0 0 0 2031 2065
0 0 0 0 0 59 4037 0 0 0 0 0 0 0 4096 0 0 0 0 0 0 0 1215 2881
0 0 0 0 0 0 4096 0 0 0 0 0 0 0 4096 0 0 0 0 0 0 0 608 3488
0 0 0 0 0 9 4087 0 0 0 0 0 0 0 4096 0 0 0 0 0 0 0 2468 1628
0 0 0 0 0 10 4086 0 0 0 0 0 0 0 4096 0 0 0 0 0 0 0 2916 1180
0 0 0 0 0 78 4018 0 0 0 0 0 0 0 4096 0 0 0 0 0 0 0 3687 409
0 0 0 0 0 797 3299 0 0 0 0 0 0 0 4096 0 0 0 0 0 0 0 3627 469
0 0 0 0 0 931 3165 0 0 0 0 0 0 0 4096 0 0 0 0 0 0 0 4079 17
0 0 0 0 0 363 3733 0 0 0 0 0 0 1 4095 0 0 0 0 0 0 0 3980 116
18 836 2625 616 1 0 0 0 1 360 2163 1568 4 0 0 0 50 2451 1592 3 0 0 0 0
52 808 2753 480 3 0 0 0 9 510 2179 1390 8 0 0 0 146 2277 1647 25 1 0 0 0
3 449 2742 882 17 2 1 0 0 189 2472 1401 30 3 1 0 19 1965 2058 47 5 2 0 0
0 184 1813 2053 46 0 0 0 0 98 1067 2862 68 1 0 0 24 1267 2757 46 2 0 0 0
0 5 760 3308 23 0 0 0 0 3 253 3739 101 0 0 0 2 736 3355 3 0 0 0 0
0 6 575 3408 107 0 0 0 0 2 320 3632 142 0 0 0 3 320 3665 108 0 0 0 0
0 37 530 2497 512 274 246 0 0 12 437 2450 608 258 331 0 0 323 2546 407 275 194 271 80
0 9 93 460 795 597 2142 0 0 1 46 369 686 555 2438 1 0 23 195 596 421 342 2108 411
0 0 6 107 80 482 3394 27 0 0 0 112 56 148 3710 70 0 0 0 95 64 77 995 2865
0 0 0 0 0 817 3279 0 0 0 0 0 0 0 4096 0 0 0 0 0 0 0 1651 2445
0 0 0 0 0 147 3949 0 0 0 0 0 0 0 4096 0 0 0 0 0 0 0 908 3188
0 0 0 0 0 0 4096 0 0 0 0 0 0 0 4096 0 0 0 0 0 0 0 871 3225
0 0 0 0 0 1092 3004 0 0 0 0 0 0 0 4096 0 0 0 0 0 0 0 500 3596
0 0 0 0 0 2643 1453 0 0 0 0 0 0 0 4096 0 0 0 0 0 0 0 156 3940
0 0 0 60 78 938 2999 21 0 0 0 64 73 251 3665 43 0 0 0 53 83 633 585 2742
0 0 0 0 0 32 4064 0 0 0 0 0 0 0 4096 0 0 0 0 0 0 0 249 3847
0 0 0 0 0 0 4096 0 0 0 0 0 0 0 4096 0 0 0 0 0 0 0 1055 3041
0 0 0 0 0 0 4096 0 0 0 0 0 0 0 4096 0 0 0 0 0 0 0 1856 2240
0 0 0 0 0 0 4096 0 0 0 0 0 0 0 4096 0 0 0 0 0 0 0 1711 2385
0 0 0 0 0 0 4096 0 0 0 0 0 0 0 4096 0 0 0 0 0 0 0 628 3468
0 0 0 0 0 0 4096 0 0 0 0 0 0 0 4096 0 0 0 0 0 0 0 119 3977
0 0 0 0 0 0 4096 0 0 0 0 0 0 0 4096 0 0 0 0 0 0 0 17 4079
0 0 0 0 0 0 4096 0 0 0 0 0 0 0 4096 0 0 0 0 0 0 0 0 4096
0 0 0 0 2 38 4055 1 0 0 0 0 0 11 4083 2 0 0 0 0 0 2 74 4020
0 0 0 0 0 0 4096 0 0 0 0 0 0 0 4096 0 0 0 0 0 0 0 0 4096
0 0 0 0 0 0 4096 0 0 0 0 0 0 0 4096 0 0 0 0 0 0 0 0 4096
0 0 0 0 0 0 4096 0 0 0 0 0 0 0 4096 0 0 0 0 0 0 0 296 3800
0 0 0 0 0 0 4096 0 0 0 0 0 0 0 4096 0 0 0 0 0 0 0 24 4072
0 0 0 0 0 0 4096 0 0 0 0 0 0 0 4096 0 0 0 0 0 0 0 752 3344
0 0 0 0 0 0 4096 0 0 0 0 0 0 0 4096 0 0 0 0 0 0 0 2246 1850
0 0 0 5 19 97 3933 42 0 0 0 5 12 32 3990 57 0 0 0 4 12 29 2217 1834
0 0 0 0 30 522 3537 7 0 0 0 0 32 129 3925 10 0 0 0 0 66 96 3217 717
0 0 0 0 0 336 3760 0 0 0 0 0 0 0 4096 0 0 0 0 0 0 0 3876 220
0 4 65 61 49 310 3607 0 0 0 17 79 51 53 3893 3 0 3 46 65 37 36 3271 638
0 0 0 0 0 16 4080 0 0 0 0 0 0 0 4096 0 0 0 0 0 0 0 3168 928
0 0 0 3 3 108 3982 0 0 0 0 2 2 6 4086 0 0 0 0 0 3 4 3923 166
0 2 67 121 56 368 3482 0 0 0 4 138 73 60 3821 0 0 2 50 123 49 42 3727 103
0 0 257 298 96 704 2741 0 0 0 27 437 144 92 3394 2 0 18 330 178 92 63 3390 25
0 3 180 88 47 981 2797 0 0 0 41 187 55 57 3755 1 0 21 147 93 20 37 3762 16
0 0 35 81 49 2163 1768 0 0 0 7 85 54 53 3897 0 0 0 27 78 42 33 3897 19
0 5 431 181 100 2197 1182 0 0 0 130 420 103 119 3323 1 0 19 412 154 75 84 3338 14
310 2594 714 183 87 95 106 7 187 2347 1007 274 81 110 82 8 1080 2326 308 113 91 122 50 6
294 1852 1241 360 133 118 98 0 271 1485 1288 712 143 155 42 0 747 2235 681 131 123 149 30 0
178 1071 1766 809 69 75 126 2 222 1001 1197 1398 83 89 103 3 630 1910 1274 18 102 101 61 0
116 886 999 1692 147 127 127 2 173 877 868 1811 133 112 120 2 699 1141 1866 83 116 133 58 0
205 965 1495 1126 80 88 135 2 212 921 943 1705 99 82 125 9 513 1551 1618 128 84 88 114 0
199 1539 1489 581 69 92 122 5 264 1247 1460 830 77 91 126 1 740 1801 1202 89 68 68 127 1
93 955 1363 1316 132 75 135 27 107 936 1124 1548 151 89 130 11 379 1526 1700 180 94 94 120 3
104 666 551 1633 650 285 197 10 202 613 475 1395 802 349 247 13 405 737 1376 771 335 236 220 16
135 888 489 473 338 605 1117 51 196 1010 277 390 398 389 1376 60 491 858 393 275 316 310 1164 289
110 757 839 1115 322 376 565 12 121 866 353 1387 376 229 754 10 438 713 1281 452 271 198 597 146
242 725 843 569 210 369 1118 20 276 875 524 617 272 254 1251 27 596 828 661 322 215 218 1065 191
104 952 611 397 250 491 1283 8 105 1043 529 314 397 271 1424 13 418 1057 377 286 326 204 1194 234
40 779 755 443 139 469 1432 39 90 899 652 312 182 259 1691 11 464 876 493 191 138 281 1261 392
60 687 529 175 154 547 1779 165 115 860 365 133 174 289 2060 100 334 794 247 131 152 255 1627 556
72 631 583 188 168 456 1912 86 142 753 436 175 133 454 1923 80 322 793 243 157 195 511 1186 689
74 647 641 269 187 345 1825 108 160 846 426 152 205 203 2056 48 395 854 242 174 147 198 1452 634
67 559 557 239 122 206 2222 124 112 779 366 210 70 140 2341 78 228 874 205 181 49 166 2103 290
32 681 602 137 92 245 2154 153 175 723 507 38 126 110 2285 132 316 904 194 28 121 115 2214 204
81 713 505 146 138 331 2014 168 142 833 373 129 111 170 2200 138 303 826 242 115 101 133 2001 375
44 572 616 219 78 189 2331 47 133 647 569 93 124 126 2342 62 355 729 298 70 108 98 2260 178
88 723 566 124 225 346 1903 121 176 797 446 62 262 210 2021 122 411 896 139 95 245 169 1126 1015
102 527 547 803 727 394 846 150 141 672 484 451 846 345 1059 98 327 1014 811 372 214 211 612 535
52 552 809 802 519 329 870 163 164 664 649 475 714 279 1015 136 347 1126 891 216 197 187 452 680
77 566 928 1086 429 296 466 248 151 602 706 966 561 310 632 168 377 1139 1058 286 228 226 376 406
98 525 628 786 512 395 958 194 178 588 571 563 567 314 1156 159 323 835 825 327 265 243 478 800
102 670 580 169 107 250 1973 245 172 821 472 64 110 193 2047 217 407 854 211 78 137 163 443 1803
139 663 556 419 225 322 1509 263 208 840 454 266 192 170 1776 190 443 853 302 243 122 197 811 1125
143 697 465 472 316 448 1327 228 240 838 333 292 302 367 1576 148 509 730 351 279 241 358 937 691
176 554 551 867 508 468 867 105 242 607 467 701 554 402 1038 85 464 629 895 505 244 325 701 333
142 607 473 487 201 629 1467 90 198 718 431 357 178 261 1933 20 474 693 492 137 136 253 1823 88
111 628 501 347 102 661 1688 58 136 711 537 214 106 108 2251 33 393 692 400 118 113 81 2181 118
198 613 446 173 70 1466 1096 34 207 777 330 116 59 308 2261 38 529 626 185 104 58 325 2196 73
140 509 747 717 170 969 836 8 182 629 505 731 197 165 1663 24 371 786 802 185 120 130 1670 32
166 896 1654 870 138 162 179 31 194 781 893 1623 211 105 272 17 507 1070 1780 240 132 97 241 29
236 609 1129 1054 205 435 418 10 262 618 599 1336 340 150 776 15 507 811 1284 426 174 147 709 38
193 580 1175 988 171 644 318 27 169 667 447 1590 182 183 840 18 406 590 1570 365 152 155 808 50
240 715 878 1112 266 546 316 23 275 639 385 1472 389 233 685 18 510 636 1283 526 239 204 660 38
182 1023 1399 1180 133 100 79 0 227 663 1075 1654 283 100 94 0 505 1245 1817 272 89 109 56 3
196 882 1511 1040 127 295 45 0 227 733 733 1837 177 115 272 2 517 941 1890 268 114 100 258 8
268 906 1424 721 171 505 101 0 325 714 1080 1093 238 136 510 0 505 963 1497 355 142 101 528 5
257 894 2207 300 81 131 198 28 150 513 2148 825 105 141 191 23 358 1260 1938 113 96 163 144 24
1207 798 170 169 722 972 58 0 1421 629 140 193 760 921 31 1 1755 326 129 215 795 866 10 0
1130 832 187 287 730 871 57 2 1299 696 154 334 697 836 74 6 1716 308 184 338 708 818 20 4
1012 636 362 102 211 1493 270 10 1013 746 230 131 441 1379 150 6 1341 511 189 96 543 1336 75 5
1199 570 229 159 246 1276 401 16 1203 644 161 163 373 1311 231 10 1408 529 106 167 550 1204 124 8
821 907 287 153 294 1282 334 18 905 853 255 141 434 1181 294 33 1314 632 126 157 529 1099 215 24
648 1013 289 133 134 1233 630 16 817 967 204 145 140 1559 264 0 1184 684 161 122 225 1559 161 0
874 1060 151 118 504 1125 245 19 887 1045 197 118 703 994 152 0 1328 688 145 121 870 846 98 0
973 716 216 175 1015 904 85 12 985 692 213 276 1145 702 64 19 1326 468 186 323 1309 444 27 13
694 845 350 302 463 1028 397 17 716 787 378 321 650 963 272 9 1196 516 296 321 702 921 140 4
721 845 386 538 382 918 286 20 728 870 281 648 395 973 183 18 1152 616 524 295 448 923 124 14
570 1069 526 211 319 1272 122 7 700 955 433 310 425 1216 46 11 1290 673 377 90 654 974 30 8
595 1200 447 286 220 1168 179 1 698 1150 324 354 332 1158 80 0 1312 740 425 58 565 952 44 0
85 1079 178 269 755 654 966 110 119 1075 152 321 794 665 844 126 720 520 193 402 757 669 751 84
271 1235 203 544 229 226 1146 242 362 1179 452 422 99 231 1230 121 1242 406 683 110 92 245 1251 67
526 815 313 454 137 230 1394 227 532 904 307 432 87 330 1436 68 955 579 464 216 101 421 1321 39
497 788 744 177 55 151 1519 165 449 656 782 284 82 246 1433 164 722 795 656 53 37 347 1408 78
570 764 522 303 181 451 1218 87 498 812 443 375 252 508 1161 47 968 697 432 111 235 639 981 33
469 671 557 374 176 528 1297 24 512 688 378 464 192 616 1209 37 949 586 511 92 167 710 1057 24
321 362 738 535 305 557 1147 131 325 409 455 781 411 550 1045 120 594 488 806 165 415 680 871 77
437 582 532 446 264 926 870 39 434 587 419 519 396 991 738 12 811 659 509 120 384 996 609 8
563 454 540 430 98 615 1195 201 456 541 450 497 159 704 1170 119 805 735 488 24 124 818 1029 73
351 526 844 329 192 644 1110 100 328 446 755 531 254 711 988 83 604 1060 373 67 329 739 855 69
447 799 587 225 49 213 1398 378 384 705 590 342 102 322 1344 307 817 856 357 31 68 428 1338 201
455 675 724 264 60 197 1134 587 402 572 643 470 92 242 1238 437 803 816 448 62 65 307 1283 312
445 604 896 229 66 149 1191 516 396 561 713 487 101 215 1340 283 643 1113 375 67 80 352 1251 215
542 929 606 125 66 421 1113 294 424 945 593 230 93 507 1066 238 802 1028 341 31 135 599 1002 158
542 875 614 256 361 618 699 131 460 787 625 420 527 542 653 82 927 818 471 151 555 583 564 27
365 489 338 596 772 973 490 73 344 472 427 707 764 905 407 70 581 467 414 683 777 814 310 50
432 659 749 339 258 1100 559 0 418 555 596 572 417 1272 265 1 764 934 415 117 498 1201 167 0
332 820 529 361 86 440 1514 14 390 708 386 456 175 730 1215 36 857 748 410 73 90 1140 763 15
252 576 725 441 159 787 1120 36 303 489 523 671 230 1097 762 21 588 855 493 126 219 1352 454 9
159 479 544 666 178 650 1315 105 172 477 364 795 264 862 1078 84 430 669 704 112 208 1090 816 67
194 728 577 399 199 1062 837 100 190 736 407 548 317 1107 738 53 579 727 557 93 407 1132 589 12
205 850 585 275 217 1119 820 25 206 734 650 305 346 1375 480 0 522 867 476 97 389 1460 285 0
96 849 663 298 109 1176 827 78 191 766 512 414 163 1297 743 10 427 984 476 51 187 1544 411 16
112 792 711 357 500 1158 430 36 201 767 425 606 554 1240 279 24 677 773 425 203 662 1152 182 22
70 769 815 266 37 1428 685 26 103 821 463 538 119 1688 364 0 514 703 700 16 313 1709 141 0
64 784 877 192 299 1323 547 10 74 752 733 368 513 1243 398 15 361 1007 493 87 638 1253 248 9
330 1191 300 137 289 1655 194 0 519 1080 219 160 527 1496 84 11 1083 647 132 185 719 1283 42 5
1088 697 80 78 385 1527 213 28 1121 650 143 24 577 1429 152 0 1364 478 76 33 738 1331 76 0
526 585 509 299 713 1109 352 3 516 622 262 536 866 1069 214 11 767 492 540 184 987 977 146 3
838 2539 591 108 20 0 0 0 115 2936 917 110 18 0 0 0 1025 2651 361 50 9 0 0 0
587 1830 986 415 242 35 1 0 567 1691 1137 482 194 24 1 0 1079 1886 842 267 21 1 0 0
1959 659 344 266 125 265 458 20 2097 570 373 266 149 569 72 0 2330 563 346 187 513 156 1 0
1246 295 74 24 53 402 1881 121 1438 159 34 36 130 1877 420 2 1545 59 42 92 1631 714 13 0
1175 224 34 11 35 223 2236 158 1337 95 3 45 54 1729 832 1 1425 8 25 58 1466 1103 11 0
1385 303 112 29 28 215 1802 222 1419 304 95 31 56 1261 928 2 1581 220 43 36 891 1312 13 0
1256 206 81 14 9 99 1874 557 1401 142 15 9 67 989 1471 2 1493 54 13 43 810 1678 5 0
1218 255 25 33 232 253 1817 263 1360 129 25 31 304 1132 1115 0 1479 24 36 131 1064 1362 0 0
1754 300 147 378 274 200 892 151 1865 272 136 403 269 698 444 9 2040 193 291 387 595 580 10 0
1113 275 516 245 386 177 1148 236 1234 134 435 405 445 675 762 6 1298 404 418 337 696 934 9 0
1077 419 1056 861 71 37 484 91 1194 176 886 1130 114 249 346 1 1312 918 1208 64 245 348 1 0
1071 893 1566 551 15 0 0 0 1184 497 1513 881 21 0 0 0 1297 1765 1010 24 0 0 0 0
282 312 711 796 1178 574 223 20 394 268 725 804 1475 366 47 17 536 465 932 962 1028 142 20 11
29 1492 508 696 514 397 420 40 120 1574 712 623 752 290 22 3 1292 755 870 825 306 41 4 3
1267 1087 784 318 274 219 123 24 1336 1302 635 310 283 165 50 15 1971 992 494 305 191 117 21 5
1102 405 691 830 572 312 130 54 1212 246 772 1004 532 223 78 29 1296 727 1005 593 301 102 57 15
1356 1486 971 272 11 0 0 0 1207 1063 1266 516 43 1 0 0 1614 1711 691 78 2 0 0 0
1180 727 1442 558 120 51 17 1 1182 396 1384 919 167 39 9 0 1363 1417 1090 179 40 7 0 0
1145 507 1323 549 162 117 206 87 1184 293 1137 863 220 145 214 40 1289 1336 876 176 128 206 85 0
1185 1070 1113 684 44 0 0 0 1188 588 1101 990 229 0 0 0 1548 1774 741 33 0 0 0 0
1973 1337 656 127 3 0 0 0 1784 1136 888 269 19 0 0 0 2242 1619 225 10 0 0 0 0
1692 1550 610 227 17 0 0 0 1258 1648 728 404 58 0 0 0 2304 1485 286 21 0 0 0 0
1380 1361 886 446 23 0 0 0 1264 1034 956 702 139 1 0 0 1916 1708 455 17 0 0 0 0
1474 1014 1007 504 71 25 1 0 1270 865 866 885 165 39 6 0 1931 1420 634 81 28 2 0 0
1591 1406 896 170 24 8 1 0 1334 1200 1072 437 36 14 3 0 2075 1519 447 38 15 2 0 0
1611 1462 743 270 10 0 0 0 1363 1234 933 506 58 2 0 0 1993 1541 517 44 1 0 0 0
1483 1301 841 456 15 0 0 0 1351 1048 854 738 105 0 0 0 1985 1380 665 66 0 0 0 0
1003 907 558 707 698 174 44 5 1032 876 532 805 621 187 31 12 1600 678 481 903 305 113 9 7
1609 1098 1147 233 7 1 1 0 1551 727 1246 551 19 1 1 0 1894 1710 473 17 1 1 0 0
1568 970 1074 445 39 0 0 0 1560 410 1210 754 158 4 0 0 1918 1573 557 46 2 0 0 0
1584 129 1113 1053 179 32 6 0 1596 38 496 1422 444 88 11 1 1730 1334 872 134 22 4 0 0
1578 336 1017 934 148 62 20 1 1625 134 723 1205 313 80 15 1 1749 1260 891 126 60 10 0 0
2122 636 733 164 103 301 34 3 2102 421 794 352 177 238 11 1 2264 946 454 260 143 26 3 0
1965 1129 237 95 116 424 106 24 1791 1206 359 103 221 349 58 9 1916 1284 208 225 375 71 15 2
1962 897 432 187 108 293 100 117 1737 1008 610 171 165 256 40 109 1869 1277 319 182 283 38 64 64
1720 724 815 493 202 117 21 4 1709 580 715 808 187 84 10 3 1832 1201 732 199 107 19 4 2
1723 659 1433 263 15 3 0 0 1707 276 1527 569 17 0 0 0 1813 1494 736 50 3 0 0 0
1840 982 929 341 4 0 0 0 1721 830 877 653 15 0 0 0 1850 1428 778 39 1 0 0 0
1915 1390 648 120 14 8 1 0 1771 1170 781 351 12 10 1 0 1867 1588 562 58 11 9 1 0
1643 1565 774 113 1 0 0 0 1583 1225 1029 255 4 0 0 0 1980 1605 487 23 1 0 0 0
897 1944 713 220 158 149 15 0 1122 1645 607 557 139 26 0 0 2008 1178 740 134 36 0 0 0
1591 2192 238 20 23 30 2 0 97 3438 472 22 24 30 13 0 829 2984 210 29 30 14 0 0
349 3654 93 0 0 0 0 0 154 3757 185 0 0 0 0 0 483 3578 35 0 0 0 0 0
316 2699 240 137 176 260 224 44 187 2898 208 158 216 281 148 0 651 2533 164 193 288 235 32 0
2624 775 191 94 107 135 126 44 160 3253 185 88 166 161 81 2 773 2752 105 136 163 146 21 0
455 2817 528 1 5 49 215 26 178 2304 1320 2 14 155 122 1 328 3394 80 10 113 149 22 0
195 3436 81 0 5 79 272 28 138 3216 358 0 18 199 160 7 238 3451 23 0 159 185 40 0
334 432 368 317 624 793 899 329 72 856 243 475 806 797 776 71 252 794 323 741 818 975 185 8
3279 206 53 30 87 78 217 146 5 3472 63 38 107 93 309 9 170 3376 34 75 127 285 28 1
981 1375 1304 81 59 52 182 62 238 1992 1417 111 52 104 174 8 460 2876 391 71 65 202 30 1
70 2026 897 90 76 192 641 104 102 1031 1872 108 87 429 456 11 185 2581 299 80 307 576 68 0
13 158 222 417 732 998 1244 312 82 185 174 516 933 1224 930 52 219 139 395 670 1238 1211 223 1
2822 608 340 169 49 38 41 29 69 3326 396 157 44 42 48 14 285 3355 246 91 39 44 36 0
106 1213 1036 506 1003 195 25 12 6 1146 1128 554 1008 217 15 22 100 1641 753 683 824 66 14 15
39 2353 576 296 354 285 149 44 19 1665 1343 356 359 216 121 17 98 2682 452 399 238 149 71 7
645 837 416 527 612 624 360 75 532 988 459 596 665 521 291 44 888 801 532 645 632 419 163 16
992 648 308 446 611 655 340 96 26 1625 342 542 664 564 286 47 128 1776 427 627 582 345 195 16
2229 1341 364 158 4 0 0 0 7 3375 373 310 31 0 0 0 150 3560 365 21 0 0 0 0
79 1299 1842 323 237 228 65 23 49 1327 1830 363 277 179 54 17 183 2510 799 315 185 67 25 12
16 340 749 1069 768 670 449 35 10 357 836 1163 767 665 289 9 135 849 1053 787 634 563 74 1
33 840 880 666 490 505 324 358 19 770 859 850 483 504 268 343 265 1206 778 463 454 440 170 320
1758 1764 460 113 1 0 0 0 203 3142 417 322 12 0 0 0 351 3551 192 2 0 0 0 0
1119 2158 624 44 55 47 16 33 30 3054 801 65 52 44 19 31 477 3088 351 40 63 36 11 30
179 1206 588 383 505 604 376 255 58 1335 543 439 585 601 291 244 560 1211 425 391 599 516 170 224
98 788 1102 603 395 452 447 211 65 673 1014 842 437 470 391 204 407 1351 650 370 413 493 239 173
681 1601 803 348 217 219 212 15 50 2089 901 481 248 205 119 3 575 2330 537 252 170 171 61 0
2350 1132 424 185 5 0 0 0 17 3231 453 344 51 0 0 0 328 3417 326 25 0 0 0 0
443 1627 825 433 336 298 115 19 123 1730 981 474 411 281 79 17 689 1834 633 303 367 214 47 9
837 686 349 663 964 473 100 24 730 801 339 663 948 471 94 50 993 704 464 791 822 228 66 28
51 1091 1183 901 475 276 108 11 20 943 1371 906 451 288 107 10 328 1371 1125 607 373 210 74 8
1243 2142 503 151 36 19 2 0 3 2830 945 250 45 18 5 0 314 3467 222 53 29 7 4 0
832 1798 1175 231 28 11 17 4 0 1900 1485 619 60 13 17 2 241 3248 517 45 18 10 17 0
3 419 1107 991 718 546 279 33 2 196 990 1232 807 633 221 15 87 1161 949 761 671 396 68 3
384 420 364 578 683 922 615 130 486 364 349 554 723 1006 564 50 598 371 468 717 1029 621 279 13
412 444 233 480 581 1188 619 139 1 866 297 441 691 1229 498 73 35 938 366 654 1235 619 237 12
2306 210 95 63 235 820 316 51 4 2472 127 82 439 731 226 15 65 2503 95 407 628 319 78 1
618 184 420 567 686 1201 380 40 13 842 464 529 832 1085 302 29 72 913 571 795 1046 583 110 6
0 75 528 694 1028 1286 464 21 0 186 496 689 1251 1128 336 10 17 350 579 1166 1248 644 91 1
15 298 442 529 653 1056 973 130 33 323 485 557 792 1157 702 47 85 437 504 843 947 969 302 9
1294 392 317 337 442 798 459 57 168 1556 358 324 595 760 304 31 507 1358 371 714 644 366 130 6
2520 405 326 238 213 349 45 0 795 2105 347 273 272 297 7 0 1300 1737 376 387 266 29 1 0
2202 833 700 235 110 14 2 0 503 2469 736 264 98 22 3 1 989 2341 483 236 39 6 2 0
1432 1356 1065 130 86 25 2 0 3 2577 1245 130 117 23 1 0 95 3206 625 130 38 2 0 0
120 1633 1935 385 21 2 0 0 478 2241 1336 35 5 1 0 0 289 2634 1113 54 5 1 0 0
112 1968 1116 331 226 229 107 7 85 1773 1417 366 305 139 11 0 94 2138 1217 357 222 67 1 0
2246 1226 356 78 75 62 37 16 8 2996 858 83 80 59 11 1 58 3621 237 109 56 14 1 0
224 1649 2199 24 0 0 0 0 1 1427 2652 16 0 0 0 0 12 3073 1009 2 0 0 0 0
0 3034 1041 21 0 0 0 0 0 2175 1875 46 0 0 0 0 0 3203 883 10 0 0 0 0
276 568 948 711 595 584 336 78 14 689 1178 934 705 498 75 3 68 1008 1264 920 609 216 11 0
2543 1553 0 0 0 0 0 0 0 3330 766 0 0 0 0 0 1 4095 0 0 0 0 0 0
501 1441 2124 30 0 0 0 0 7 1370 2678 41 0 0 0 0 93 2586 1405 12 0 0 0 0
0 1491 2091 106 60 158 130 60 0 825 2739 211 178 121 21 1 3 1899 1819 206 134 35 0 0
0 11 154 359 465 1243 1323 541 0 14 276 745 1616 1220 223 2 5 186 801 1691 1202 207 4 0
1687 2089 120 52 57 69 17 5 7 2817 1080 86 74 27 3 2 241 3639 103 90 18 4 1 0
36 1093 1403 558 932 60 11 3 2 916 1560 667 872 62 4 13 26 1559 1182 917 387 10 4 11
2 1575 1726 120 78 164 187 244 4 920 2318 265 174 263 148 4 56 1672 1711 243 284 112 18 0
399 588 535 584 614 559 475 342 323 664 632 772 730 500 296 179 557 687 980 706 586 294 114 172
112 1685 223 192 331 547 588 418 5 898 1276 359 639 641 268 10 179 1981 358 674 656 230 17 1
187 3892 17 0 0 0 0 0 1 1042 3053 0 0 0 0 0 5 4070 21 0 0 0 0 0
15 1181 2090 242 123 166 132 147 16 945 2333 341 173 187 98 3 51 2038 1488 221 183 107 8 0
0 1 54 375 800 1121 1008 737 0 1 156 794 1401 1331 410 3 0 99 771 1463 1412 335 16 0
0 20 204 435 842 927 919 749 1 98 316 930 1146 1155 443 7 44 304 930 1147 1349 312 10 0
167 3891 38 0 0 0 0 0 0 2038 2058 0 0 0 0 0 32 4057 7 0 0 0 0 0
81 2722 905 59 88 136 67 38 3 1495 2202 151 156 52 36 1 38 3151 605 193 61 41 7 0
0 3 95 443 716 1077 1064 698 0 15 310 883 1185 1420 282 1 6 229 943 1265 1426 220 7 0
0 24 230 475 681 1000 995 691 0 76 376 779 1289 1268 303 5 12 295 835 1421 1265 256 11 1
121 1778 473 325 330 392 397 280 3 1080 1482 427 423 498 173 10 159 2266 518 482 498 155 18 0
829 3267 0 0 0 0 0 0 0 2026 2070 0 0 0 0 0 0 4096 0 0 0 0 0 0
134 658 720 676 688 696 398 126 92 630 1039 778 801 597 152 7 211 1057 929 843 739 270 46 1
602 500 289 604 1127 881 93 0 457 643 419 594 1037 856 90 0 670 592 536 576 1325 378 19 0
0 110 885 1518 1002 478 101 2 5 225 967 1571 877 404 47 0 16 415 1306 1404 724 221 10 0
521 3033 353 88 45 39 17 0 6 1981 1887 127 51 31 13 0 30 3596 310 88 41 29 2 0
907 2118 583 221 141 85 35 6 1 1372 2201 262 139 84 33 4 8 3137 570 195 118 53 15 0
0 5 216 995 1690 1034 150 6 0 8 238 1107 1791 838 108 6 0 52 560 1536 1539 368 36 5
361 392 281 806 1157 900 170 29 440 378 272 965 1180 720 136 5 523 357 566 1136 1110 356 48 0
154 1054 435 952 995 424 66 16 0 807 870 1081 941 338 49 10 6 1304 741 1071 774 167 32 1
2233 1863 0 0 0 0 0 0 0 2860 1236 0 0 0 0 0 8 4087 1 0 0 0 0 0
697 517 381 840 1032 509 95 25 13 905 642 896 1069 476 76 19 44 1322 421 1028 927 290 60 4
0 6 285 1239 1597 808 146 15 0 14 359 1386 1543 670 113 11 3 73 684 1630 1211 423 68 4
22 106 562 1581 1274 480 67 4 9 129 742 1615 1139 404 57 1 32 209 1049 1595 906 277 28 0
1994 576 577 550 299 96 4 0 1 2477 644 607 292 74 1 0 2 2649 635 524 243 42 1 0
4082 14 0 0 0 0 0 0 0 4081 15 0 0 0 0 0 0 4096 0 0 0 0 0 0
4086 10 0 0 0 0 0 0 0 4011 85 0 0 0 0 0 0 4096 0 0 0 0 0 0
938 1518 1009 348 195 72 16 0 4 1500 1712 509 289 75 7 0 69 2399 1215 330 80 3 0 0
178 1017 1263 1326 277 22 13 0 240 1287 1714 792 63 0 0 0 499 2319 995 240 43 0 0 0
99 919 1544 978 394 152 10 0 153 1044 1686 748 364 100 1 0 379 1731 1184 518 246 38 0 0
92 3091 608 193 87 22 3 0 8 285 3044 635 102 19 3 0 37 3022 844 161 28 4 0 0
7 1171 2399 434 65 20 0 0 1 510 3040 448 76 21 0 0 1 1716 2111 196 61 11 0 0
80 2295 1260 362 74 23 2 0 27 1943 1499 493 103 29 2 0 98 2330 1232 323 89 22 2 0
116 860 1013 769 689 488 124 37 85 689 1322 852 686 388 50 24 159 1161 1208 871 537 118 30 12
191 3661 244 0 0 0 0 0 0 86 3691 319 0 0 0 0 0 3497 594 5 0 0 0 0
86 1716 1733 530 22 9 0 0 0 387 3029 644 26 10 0 0 4 1868 1888 313 14 9 0 0
21 1619 1377 580 269 156 64 10 26 1275 1581 774 291 114 35 0 48 1689 1382 766 144 64 3 0
22 107 64 263 1008 1978 587 67 30 99 82 472 1804 1438 166 5 57 98 411 1894 1393 205 34 4
73 3076 605 218 98 25 1 0 6 329 3027 469 245 20 0 0 67 2686 1013 290 39 1 0 0
4 661 1328 764 1096 215 22 6 0 252 1597 900 1100 208 23 16 11 820 1434 1143 605 60 16 7
20 1308 1512 392 229 366 230 39 13 863 1854 528 352 372 109 5 57 1301 1530 663 367 150 28 0
320 530 313 515 722 1064 532 100 280 590 346 700 918 984 230 48 432 559 710 1081 996 230 46 42
8 1655 479 228 510 669 497 50 6 304 1724 475 636 704 237 10 170 1555 758 693 659 243 18 0
23 3908 165 0 0 0 0 0 0 0 3766 326 4 0 0 0 0 3488 602 6 0 0 0 0
12 1037 1654 652 149 286 259 47 4 637 1955 770 254 337 137 2 14 1424 1481 658 376 130 13 0
0 0 0 84 598 1624 1616 174 0 0 8 307 1166 1890 705 20 0 8 353 1341 1890 491 13 0
0 53 273 323 698 1267 1273 209 0 57 272 580 1120 1421 632 14 28 178 669 1249 1480 478 14 0
12 3880 201 3 0 0 0 0 0 609 3249 199 39 0 0 0 0 3612 401 83 0 0 0 0
6 2102 1137 417 179 109 122 24 3 513 2419 706 248 124 80 3 8 2125 1123 601 142 85 12 0
0 0 10 165 674 1504 1522 221 0 0 74 420 1146 1949 472 35 0 88 417 1204 1895 455 37 0
0 8 139 462 917 1173 1039 358 1 9 191 727 1111 1376 468 213 2 59 668 1258 1406 431 111 161
28 1785 448 288 388 600 416 143 2 223 1893 568 482 596 242 90 49 1932 620 571 572 213 90 49
53 3710 318 12 2 1 0 0 0 16 3494 552 32 2 0 0 0 3435 565 93 1 2 0 0
46 413 529 737 701 789 626 255 88 267 806 787 909 775 347 117 240 578 937 973 854 370 92 52
330 316 212 471 1223 1199 288 57 280 352 267 583 1302 1094 162 56 399 333 396 894 1581 413 56 24
0 9 197 662 1020 1284 785 139 0 35 325 724 1293 1221 452 46 9 183 621 1229 1326 573 127 28
100 3380 431 53 46 27 38 21 1 216 3299 462 45 37 27 9 31 3288 632 57 46 31 10 1
128 2390 528 384 229 238 172 27 0 207 2560 708 257 222 135 7 13 2427 876 351 242 161 24 2
0 0 15 285 1223 1571 946 56 0 0 26 491 1547 1612 413 7 0 13 459 1524 1681 405 14 0
281 306 209 382 1054 1182 643 39 361 267 202 607 1218 1183 251 7 475 249 676 1259 1157 261 19 0
136 1303 318 443 758 841 276 21 1 197 1495 708 906 681 107 1 19 1490 747 958 762 115 5 0
347 3450 245 53 1 0 0 0 0 93 3525 462 16 0 0 0 0 3462 491 137 6 0 0 0
178 1211 1329 724 320 160 67 107 74 621 1781 953 326 180 60 101 117 1164 1460 789 301 130 43 92
49 116 295 967 1104 715 310 540 28 110 275 1151 1148 598 254 532 47 121 530 1478 892 323 232 473
0 41 234 833 1238 816 379 555 9 37 276 940 1238 734 329 533 30 234 821 1099 801 365 240 506
1732 1083 468 413 203 106 43 48 1 1510 1477 746 187 90 39 46 6 2566 906 366 135 46 27 44
3611 484 1 0 0 0 0 0 0 3329 596 171 0 0 0 0 0 3852 244 0 0 0 0 0
3179 503 210 182 22 0 0 0 1044 2547 238 240 27 0 0 0 1242 2376 228 217 33 0 0 0
85 780 1647 740 536 245 49 14 35 709 1175 1098 874 172 30 3 129 1226 1202 1081 394 63 1 0
127 588 459 1126 661 552 501 82 167 648 684 1206 481 646 258 6 371 1698 824 553 415 198 36 1
230 980 895 818 403 515 245 10 214 1034 1024 724 386 551 161 2 581 1520 720 446 428 338 63 0
64 609 2525 437 289 121 47 4 41 93 658 423 2675 156 45 5 62 577 402 2660 277 87 30 1
140 1025 1278 746 514 320 73 0 145 951 1142 663 800 338 57 0 270 1242 942 870 511 239 22 0
126 1366 905 805 510 335 49 0 116 1289 898 843 556 338 56 0 188 1361 910 788 524 286 39 0
88 418 780 841 1034 673 214 48 56 389 646 930 1360 523 158 34 125 506 788 1259 920 378 96 24
0 728 2611 756 1 0 0 0 0 0 640 213 3185 58 0 0 0 580 277 3121 118 0 0 0
14 776 1773 773 337 325 95 3 18 630 1283 529 1178 375 80 3 56 1176 950 1218 384 270 41 1
91 1134 854 642 691 389 243 52 135 1109 896 717 611 366 221 41 186 1307 769 805 466 360 171 32
89 433 463 750 1057 858 400 46 140 425 508 777 1218 793 213 22 243 470 604 981 1276 405 105 12
4 574 2685 632 128 40 25 8 2 70 661 393 2882 56 23 9 16 495 522 2933 92 24 11 3
12 251 905 835 1424 516 142 11 11 228 622 702 1889 522 84 38 27 450 725 1274 1327 231 39 23
140 1507 1021 858 310 186 72 2 93 1316 1073 995 346 213 58 2 201 1481 1037 890 321 136 30 0
167 744 461 488 859 846 489 42 147 717 555 670 974 832 197 4 236 754 871 1057 948 193 35 2
0 410 856 945 549 766 529 41 1 62 469 406 2111 789 250 8 33 276 604 2113 811 239 20 0
2 903 1431 1629 92 34 5 0 0 2 871 235 2849 131 8 0 0 360 704 2803 214 15 0 0
65 859 908 755 674 474 320 41 77 869 932 757 691 471 276 23 152 1172 884 769 595 354 158 12
75 504 564 436 602 1020 741 154 93 541 535 545 802 1144 414 22 125 659 783 993 1027 435 72 2
7 81 182 470 949 1177 959 271 4 81 207 650 1280 1295 552 27 26 213 760 1298 1254 489 55 1
0 1263 2298 535 0 0 0 0 0 0 1183 215 2667 31 0 0 0 738 631 2695 32 0 0 0
19 894 1993 458 239 202 155 136 21 347 1178 531 1595 170 161 93 74 811 993 1649 232 162 127 48
0 0 10 93 211 592 1246 1944 0 59 111 227 890 1558 981 270 13 98 170 587 1379 1201 558 90
273 988 464 378 561 772 539 121 292 1024 494 483 717 798 279 9 487 979 692 712 740 406 78 2
30 766 1102 440 596 649 468 45 33 179 814 545 1642 710 170 3 69 808 603 1550 799 257 10 0
0 1419 2591 86 0 0 0 0 0 0 1363 238 2495 0 0 0 0 1236 468 2392 0 0 0 0
10 167 337 845 1344 769 404 220 22 90 554 802 1560 608 286 174 54 360 621 1127 1223 452 150 109
94 216 135 213 1278 1446 594 120 90 232 119 333 1469 1499 289 65 130 243 230 889 1945 558 67 34
92 265 192 231 700 1399 1073 144 96 340 198 457 1165 1404 423 13 224 319 534 1276 1336 389 18 0
5 1756 1754 221 158 152 44 6 2 105 1632 479 1779 77 22 0 46 1601 526 1764 111 43 5 0
13 1366 1641 423 257 217 139 40 25 382 1407 730 1235 213 91 13 116 1482 844 1275 218 135 24 2
15 44 16 110 881 1831 1100 99 10 44 30 406 1539 1698 364 5 33 56 450 1647 1600 306 4 0
214 285 162 243 885 1388 809 110 297 254 141 474 1304 1253 361 12 415 209 558 1406 1200 287 16 5
1 781 540 384 790 1054 522 24 0 52 985 582 1348 929 198 2 13 850 683 1475 846 220 9 0
3 2230 1860 3 0 0 0 0 0 0 2133 286 1677 0 0 0 0 2029 372 1695 0 0 0 0
120 1190 1237 420 361 571 181 16 82 668 1391 609 825 429 84 8 238 1049 1139 1132 411 112 15 0
55 587 806 731 698 871 249 99 55 489 847 877 901 676 149 102 141 579 1177 1173 662 206 72 86
1 43 277 945 1078 1014 365 373 3 55 320 1074 1127 856 289 372 19 204 901 1290 801 330 229 322
689 1157 1007 385 295 348 137 78 0 201 1747 726 956 304 97 65 2 1731 696 1090 289 190 54 44
2196 1480 420 0 0 0 0 0 0 1970 451 1502 173 0 0 0 0 2386 1502 208 0 0 0 0
2805 1254 37 0 0 0 0 0 864 2585 108 539 0 0 0 0 1143 2368 585 0 0 0 0 0
108 442 442 380 924 625 532 643 87 622 392 241 1168 542 719 325 208 709 933 888 232 462 546 118
0 55 106 332 905 787 875 1036 15 111 168 282 1215 567 1150 588 83 164 756 917 306 723 1029 118
21 59 116 356 943 758 978 865 34 95 250 254 1158 671 1411 223 71 152 813 878 385 788 963 46
0 10 424 294 1183 501 616 1068 0 9 45 101 1732 565 1306 338 0 14 638 1351 369 552 1075 97
11 165 277 307 1211 752 564 809 11 221 163 415 1466 537 1036 247 76 268 852 1208 341 616 710 25
23 70 213 369 930 919 798 774 23 107 288 414 1261 635 1140 228 39 177 889 1073 417 752 727 22
6 44 190 316 992 721 777 1050 6 51 233 292 1285 509 1288 432 13 134 562 1136 464 763 970 54
0 0 141 899 778 505 526 1247 0 0 1 59 1775 533 1136 592 0 17 406 1307 624 346 1272 124
0 92 328 600 886 671 714 805 1 165 296 237 1452 533 1021 391 14 303 616 1275 427 548 865 48
24 165 341 355 919 767 708 817 15 249 454 319 1061 622 920 456 33 392 755 1077 359 609 766 105
20 58 344 650 788 616 628 992 28 68 469 510 834 642 1094 451 39 255 918 851 430 572 905 126
0 10 585 764 593 502 531 1111 0 13 101 159 1711 555 975 582 2 61 392 1696 353 414 971 207
2 101 199 656 1299 943 448 448 3 146 115 476 1627 945 451 333 14 192 447 1429 1087 391 412 124
29 251 545 484 570 776 700 741 23 284 527 524 761 694 896 387 38 386 645 1139 453 521 777 137
2 149 376 569 968 642 492 898 3 151 399 654 1059 512 952 366 7 210 760 1268 450 332 955 114
13 37 513 827 680 428 558 1040 15 36 153 485 1394 457 1155 401 23 42 379 1565 452 331 1136 168
0 0 907 849 384 239 670 1047 0 0 0 26 2057 324 1124 565 0 0 89 2034 228 333 1279 133
27 163 293 587 685 603 824 914 55 204 275 562 724 587 1318 371 123 238 378 1024 480 497 1194 162
32 111 432 583 552 796 752 838 26 112 439 711 668 648 1220 272 42 122 631 1118 463 606 996 118
0 40 371 885 650 526 718 906 0 35 404 882 702 497 1261 315 0 66 634 1053 610 512 1071 150
0 0 1211 718 235 408 907 617 0 0 0 26 2085 506 1123 356 0 1 70 2100 422 521 885 97
15 194 1935 774 246 192 484 256 19 146 251 1365 1346 241 585 143 46 170 221 1244 1476 424 461 54
364 339 811 1544 598 209 158 73 163 890 2065 617 242 89 30 0 118 1699 1378 534 302 49 16 0
102 474 2181 853 256 165 64 1 84 364 742 1897 749 196 61 3 137 328 417 546 1633 979 51 5
29 202 1285 509 446 478 666 481 15 212 382 359 1631 427 850 220 33 256 485 1611 453 482 734 42
0 0 1906 302 290 303 794 501 0 0 0 48 2513 280 1069 186 0 3 118 2465 257 598 642 13
25 125 358 595 611 729 1072 581 26 247 535 473 706 629 1099 381 70 457 616 725 600 927 538 163
48 183 273 336 742 1366 854 294 65 177 290 428 826 1293 840 177 72 214 424 801 1191 946 414 34
21 284 509 613 596 710 1050 313 46 318 537 767 614 615 1018 181 109 403 714 852 624 861 476 57
1 26 1957 351 193 254 975 339 0 14 30 72 2413 305 1087 175 3 27 72 2428 235 731 522 78
1 37 1575 396 480 393 987 227 6 97 295 359 1814 418 934 173 33 183 440 1885 324 828 333 70
8 125 353 814 1026 616 994 160 14 215 370 957 885 675 870 110 89 321 604 1125 670 908 350 29
11 117 131 324 829 880 1208 596 35 122 196 504 777 894 1127 441 92 152 434 612 862 1044 669 231
38 276 1161 568 596 407 926 124 58 295 347 503 1449 524 842 78 99 385 500 1550 426 716 416 4
0 0 2495 152 173 208 964 104 0 0 0 39 2732 288 964 73 0 0 20 2704 219 757 379 17
12 227 1087 738 573 330 1025 104 11 160 731 886 884 393 989 42 39 352 652 1401 370 870 398 14
131 492 741 641 701 460 924 6 108 472 802 849 513 584 767 1 193 611 758 1021 404 944 165 0
125 831 594 416 650 500 888 92 83 790 744 568 523 488 860 40 202 891 718 627 466 662 528 2
0 190 1973 364 225 110 711 523 3 131 180 297 2098 146 1033 208 12 175 406 2037 156 178 1083 49
203 896 1632 137 106 52 434 636 0 277 134 1415 1139 75 784 272 5 387 1510 1033 79 91 924 67
1373 1335 210 231 67 60 176 644 230 2109 276 528 81 69 230 573 423 2001 499 237 73 119 233 511
0 0 0 1 1566 2517 12 0 0 0 0 13 3226 856 1 0 0 0 1070 2998 28 0 0 0
0 0 0 0 998 3075 23 0 0 0 0 7 3227 860 2 0 0 0 626 3433 37 0 0 0
0 0 0 0 804 3222 70 0 0 0 0 18 2987 1086 5 0 0 0 701 3280 112 3 0 0
0 0 0 2 647 3401 46 0 0 0 0 12 2924 1155 5 0 0 0 451 3582 63 0 0 0
0 0 0 3 1097 2895 101 0 0 0 0 34 2534 1526 2 0 0 2 727 3276 90 1 0 0
0 0 0 2 775 3137 165 17 0 0 0 20 2290 1759 27 0 0 1 563 3363 157 12 0 0
0 0 0 1 588 3174 332 1 0 0 0 8 1718 2352 18 0 0 1 337 3406 351 1 0 0
0 0 0 1 531 3258 306 0 0 0 0 13 1654 2410 19 0 0 11 361 3400 324 0 0 0
0 0 0 11 754 3036 293 2 0 0 0 28 2030 2006 32 0 0 7 506 3242 340 1 0 0
0 0 0 24 619 3028 423 2 0 0 0 54 1906 2106 30 0 0 13 456 3193 433 1 0 0
0 0 0 52 661 3037 344 2 0 0 0 46 1936 2093 20 1 0 24 453 3105 510 4 0 0
0 0 0 26 861 3004 205 0 0 0 0 45 2086 1940 25 0 0 13 627 3215 241 0 0 0
0 0 0 4 362 3247 481 2 0 0 0 10 1711 2344 31 0 0 0 251 3387 456 2 0 0
0 0 0 1 329 3039 721 6 0 0 0 8 1473 2567 43 5 0 1 165 3271 654 5 0 0
0 0 0 15 777 2943 361 0 0 0 0 37 1936 2091 32 0 0 4 345 3256 491 0 0 0
0 0 0 14 741 2962 379 0 0 0 0 40 1724 2287 45 0 0 5 363 3161 564 3 0 0
0 0 2 91 1222 2455 318 8 0 0 1 135 2087 1818 55 0 1 14 680 2897 487 17 0 0
0 0 1 97 1484 2244 268 2 0 0 0 121 2442 1501 32 0 0 11 816 2838 425 6 0 0
0 0 0 7 839 2896 353 1 0 0 0 66 1974 2010 46 0 0 0 415 3130 547 4 0 0
0 0 0 48 799 2432 754 63 0 0 6 81 1818 2121 70 0 0 16 449 2711 868 51 1 0
0 0 14 344 860 937 763 1178 3 37 298 615 1260 1282 529 72 20 195 792 1250 1089 609 141 0
146 1372 1927 126 191 221 47 66 35 376 2246 911 278 164 20 66 3 140 729 2298 831 23 7 65
556 674 2111 134 29 28 32 532 275 481 1784 941 31 35 29 520 85 527 375 1883 643 44 36 503
134 1031 2861 62 3 2 2 1 50 179 1782 2063 17 2 2 1 7 112 374 1583 1994 24 2 0
7 73 809 345 1001 1712 148 1 0 13 130 994 1494 1425 39 1 0 12 436 2119 1421 107 1 0
0 0 0 46 861 2441 635 113 0 0 0 88 1642 2079 255 32 0 16 428 2282 1071 235 64 0
0 0 0 39 922 2591 539 5 0 0 1 92 1673 2225 103 2 0 10 574 2546 931 34 1 0
0 0 11 79 1036 2218 740 12 0 0 16 87 1680 2206 104 3 0 32 627 2474 928 32 3 0
0 0 1 65 1296 2497 225 12 0 0 1 82 2070 1859 76 8 0 21 722 2894 440 16 3 0
0 0 0 84 1511 2341 155 5 0 0 1 96 2202 1735 61 1 0 45 1033 2716 296 6 0 0
0 0 2 104 1378 2472 139 1 0 0 0 65 2113 1883 35 0 0 38 920 2855 282 1 0 0
0 0 2 171 1767 1975 143 38 0 0 0 106 2226 1668 76 20 0 99 1341 2401 214 29 12 0
0 0 5 253 2071 1743 24 0 0 0 0 138 2549 1397 12 0 0 80 1567 2368 81 0 0 0
0 0 2 153 2366 1543 31 1 0 0 1 84 2647 1344 18 2 1 53 1381 2562 94 5 0 0
0 0 0 58 1989 1978 70 1 0 0 0 50 2477 1544 23 2 0 13 1102 2826 144 8 2 1
0 0 12 91 1320 2535 121 17 0 0 3 61 2050 1893 74 15 0 7 638 2998 343 80 23 7
0 1 19 249 1358 2330 134 5 0 0 13 165 2151 1672 92 3 6 66 818 2804 302 89 11 0
0 0 2 119 1690 2132 147 6 0 0 11 94 2641 1275 72 3 0 22 862 2766 358 82 6 0
0 0 2 190 2350 1418 96 40 0 0 0 109 2790 1101 64 32 0 22 1037 2618 297 76 37 9
0 0 2 282 2444 1176 154 38 0 0 1 121 2682 1109 137 46 1 35 1411 2207 229 154 37 22
0 0 0 164 1471 1847 527 87 0 0 0 112 2295 1365 252 72 0 26 937 2160 487 397 55 34
0 0 0 1 775 3225 95 0 0 0 0 23 2387 1685 1 0 0 4 398 3529 165 0 0 0
0 0 0 2 387 3505 202 0 0 0 0 3 1831 2249 13 0 0 0 202 3508 383 3 0 0
0 0 0 0 283 3517 296 0 0 0 0 7 1958 2115 16 0 0 0 153 3531 411 1 0 0
0 0 0 1 295 3514 285 1 0 0 0 11 1854 2223 8 0 0 1 169 3468 456 2 0 0
0 0 0 0 614 3252 228 2 0 0 0 8 1972 2084 32 0 0 0 311 3355 425 5 0 0
0 0 0 1 259 3335 491 10 0 0 0 6 1725 2328 33 4 0 1 226 3355 503 9 2 0
0 0 0 2 329 3289 475 1 0 0 0 5 1501 2563 27 0 0 3 220 3377 494 2 0 0
0 0 0 1 222 3381 490 2 0 0 0 3 1481 2588 24 0 0 0 130 3462 502 2 0 0
0 0 0 1 185 3356 552 2 0 0 0 4 1332 2736 24 0 0 1 104 3349 640 2 0 0
0 0 0 1 161 3507 427 0 0 0 0 3 1546 2525 22 0 0 0 87 3419 589 1 0 0
0 0 0 0 109 3229 755 3 0 0 0 7 1678 2392 19 0 0 0 90 3292 711 3 0 0
0 0 0 0 240 3281 571 4 0 0 0 7 1453 2612 24 0 0 0 149 3246 699 2 0 0
0 0 0 22 333 3046 692 3 0 0 0 35 1226 2777 58 0 0 29 227 2998 838 4 0 0
0 0 0 5 304 3051 733 3 0 0 0 19 1103 2923 51 0 0 6 205 3102 780 3 0 0
0 0 0 2 276 2680 1126 12 0 0 0 9 1038 2934 114 1 0 0 122 2797 1160 16 1 0
0 0 0 4 101 2338 1629 24 0 0 0 17 786 3100 191 2 0 5 65 2490 1519 16 1 0
0 0 0 1 91 2711 1279 14 0 0 0 7 817 3164 108 0 0 1 84 2879 1119 13 0 0
0 0 0 0 168 3054 867 7 0 0 0 3 957 3042 93 1 0 0 122 3028 936 10 0 0
0 0 0 1 180 3153 758 4 0 0 0 3 975 3069 49 0 0 1 146 3178 767 4 0 0
0 0 20 215 1191 2001 558 111 0 0 22 257 1635 2076 96 10 0 26 239 2693 1051 74 13 0
58 540 354 402 735 662 679 666 30 444 1018 713 701 938 228 24 132 1102 844 859 834 264 61 0
385 947 523 244 289 428 556 724 299 919 799 327 522 812 224 194 332 750 922 925 703 168 157 139
5 130 358 336 456 433 428 1950 79 348 424 290 457 532 564 1402 147 346 493 314 503 603 716 974
97 1682 639 177 87 107 157 1150 59 619 1444 531 131 390 827 95 28 206 1662 440 701 831 198 30
0 8 181 116 348 2344 850 249 0 0 34 373 1217 2225 231 16 2 22 284 2365 1164 217 42 0
0 0 0 6 165 2847 1048 30 0 0 1 23 1335 2648 86 3 0 5 162 2977 898 53 1 0
0 0 0 0 127 2970 961 38 0 0 0 8 1294 2706 64 24 0 0 131 2984 931 22 14 14
0 0 0 9 269 2984 817 17 0 0 0 24 1216 2775 79 2 0 4 210 3101 767 14 0 0
0 0 5 117 626 2475 869 4 0 1 6 137 1495 2388 69 0 0 11 363 2627 1082 13 0 0
0 1 36 137 571 2228 1111 12 0 4 37 201 1445 2342 67 0 5 48 409 2353 1252 29 0 0
0 0 4 20 470 2802 792 8 0 0 4 55 1590 2391 55 1 0 13 356 2931 785 11 0 0
0 0 1 24 752 2693 625 1 0 0 2 52 1774 2234 34 0 1 35 568 2865 627 0 0 0
0 0 0 2 548 3186 358 2 0 0 0 17 1929 2120 30 0 0 11 400 3337 348 0 0 0
0 0 0 5 219 3218 651 3 0 0 0 16 1574 2486 20 0 0 1 168 3188 736 3 0 0
0 0 0 11 280 3102 694 9 0 0 0 44 1850 2154 43 5 0 17 247 3179 639 9 5 0
0 0 0 3 124 2950 1010 9 0 0 0 9 1365 2684 38 0 0 6 141 3147 795 7 0 0
0 0 0 0 130 3017 939 10 0 0 0 25 1006 3015 49 1 0 7 116 3115 847 11 0 0
0 0 0 4 330 3252 508 2 0 0 0 15 1658 2384 39 0 0 7 267 3235 585 2 0 0
0 0 0 2 451 3181 461 1 0 0 0 5 1834 2227 30 0 0 1 221 3393 480 1 0 0
0 0 0 12 1155 2548 380 1 0 0 1 28 1950 2086 31 0 0 12 707 3002 375 0 0 0
0 0 0 11 802 3223 60 0 0 0 0 20 2136 1938 2 0 0 6 364 3583 142 1 0 0
0 0 0 1 957 2976 161 1 0 0 0 17 2306 1759 14 0 0 1 600 3270 224 1 0 0
0 0 0 2 473 3394 227 0 0 0 0 8 2240 1841 7 0 0 3 304 3514 275 0 0 0
0 0 0 11 344 3345 394 2 0 0 0 19 1999 2055 23 0 0 4 222 3414 454 2 0 0
0 0 0 5 451 3290 349 1 0 0 0 24 2083 1964 25 0 0 4 338 3305 449 0 0 0
0 0 0 3 238 3475 377 3 0 0 0 16 2244 1821 15 0 0 2 198 3460 433 3 0 0
0 0 0 0 151 3457 487 1 0 0 0 9 2142 1928 17 0 0 0 119 3484 490 3 0 0
0 0 0 0 164 3319 603 10 0 0 0 8 2106 1948 34 0 0 0 175 3383 531 7 0 0
0 0 0 0 122 3259 709 6 0 0 0 15 1910 2135 36 0 0 2 170 3306 612 6 0 0
0 0 0 1 187 3213 694 1 0 0 0 14 1994 2056 32 0 0 1 202 3235 657 1 0 0
0 0 0 1 208 3194 684 9 0 0 0 14 1718 2273 87 4 0 0 170 3085 831 8 2 0
0 0 0 0 151 3113 826 6 0 0 0 8 1629 2413 46 0 0 0 121 3099 865 11 0 0
0 0 0 1 125 3016 936 18 0 0 0 1 1148 2835 108 4 0 1 83 2896 1092 24 0 0
0 0 0 6 271 3064 750 5 0 0 0 19 1183 2810 83 1 0 2 204 3024 860 6 0 0
0 0 0 1 157 3022 911 5 0 0 0 22 1342 2662 70 0 0 1 161 2976 953 5 0 0
0 0 0 3 315 2968 800 10 0 0 0 21 1190 2792 92 1 0 2 281 3063 742 8 0 0
0 0 0 11 437 2940 696 12 0 0 0 33 1179 2772 110 2 0 13 409 2885 780 9 0 0
0 0 0 1 106 3028 957 4 0 0 0 5 1036 3000 55 0 0 1 103 3083 904 5 0 0
0 0 0 6 261 3007 812 10 0 0 0 14 1293 2684 105 0 0 5 228 3041 811 11 0 0
1 3 38 44 476 2684 841 9 1 10 40 56 1411 2493 85 0 8 44 137 2855 1038 14 0 0
76 258 302 1659 1735 45 21 0 61 261 331 1817 1585 41 0 0 200 324 1361 2152 58 1 0 0
16 283 352 1077 1531 282 166 389 47 298 374 1161 1587 226 314 89 201 430 970 1835 292 315 53 0
15 43 34 78 823 1091 822 1190 46 38 69 295 1508 1188 347 605 69 94 304 1470 1152 239 419 349
0 4 23 217 1567 533 373 1379 1 21 155 665 1545 424 313 972 2 54 417 896 1236 345 573 573
264 585 444 130 199 223 281 1970 75 708 633 267 241 391 300 1481 49 601 724 417 353 395 186 1371
53 304 194 53 255 2441 788 8 9 156 366 78 1160 2194 131 2 2 81 376 2507 1055 74 1 0
0 0 0 25 513 2338 1182 38 0 0 0 45 1602 2324 123 2 0 5 211 2289 1506 84 1 0
0 0 1 29 513 2932 610 11 0 0 3 56 1645 2321 70 1 0 9 202 2997 873 15 0 0
0 0 0 44 755 2776 517 4 0 0 1 76 1654 2283 80 2 0 21 454 2854 757 10 0 0
0 0 0 37 661 2694 698 6 0 0 1 84 1550 2357 102 2 1 11 465 2724 874 21 0 0
0 0 0 9 443 2539 1057 48 0 0 0 64 1361 2503 157 11 0 13 429 2447 1164 41 2 0
0 0 0 35 588 2468 974 31 0 0 0 92 1509 2327 163 5 0 43 486 2525 1017 25 0 0
0 0 1 52 853 2430 736 24 0 0 2 98 1454 2397 143 2 3 90 829 2421 735 18 0 0
0 0 0 25 640 2673 745 13 0 0 0 64 1446 2405 175 6 1 49 708 2518 806 14 0 0
0 0 1 39 942 2453 644 17 0 0 7 78 1759 2092 154 6 0 76 808 2502 684 26 0 0
0 0 1 43 879 2712 445 16 0 0 7 119 1775 2051 141 3 0 36 738 2500 762 58 2 0
0 0 0 7 311 2422 1258 98 0 0 2 49 1490 2180 360 15 0 7 278 2143 1136 487 45 0
0 0 0 17 416 2542 1103 18 0 0 0 55 1580 2352 108 1 0 18 410 2403 1152 112 1 0
0 0 0 10 262 2806 982 36 0 0 0 45 1588 2350 113 0 0 7 207 2586 1169 117 10 0
0 0 0 3 348 3359 386 0 0 0 0 16 1835 2215 30 0 0 4 229 3310 552 1 0 0
0 0 0 3 413 3212 467 1 0 0 0 12 1708 2345 31 0 0 0 229 3315 552 0 0 0
0 0 0 8 458 3379 250 1 0 0 0 23 1861 2197 15 0 0 5 390 3423 277 1 0 0
0 0 0 1 327 3395 371 2 0 0 0 32 2917 1142 5 0 0 0 361 3413 320 2 0 0
0 0 0 5 453 3326 311 1 0 0 0 40 2619 1420 17 0 0 5 407 3362 321 1 0 0
0 0 0 1 344 3470 280 1 0 0 0 35 2745 1311 5 0 0 1 303 3449 341 2 0 0
0 0 0 3 554 3284 254 1 0 0 0 38 2596 1451 11 0 0 2 434 3352 308 0 0 0
0 0 0 7 734 3036 316 3 0 0 0 54 2572 1454 16 0 0 4 572 3132 384 4 0 0
0 0 0 4 610 3256 224 2 0 0 0 27 2471 1575 23 0 0 5 549 3298 241 3 0 0
0 0 0 18 731 3067 273 7 0 0 0 45 2038 1973 39 1 0 23 677 3111 280 4 1 0
0 0 0 18 666 3020 388 4 0 0 0 38 1910 2068 79 1 0 13 538 3036 501 8 0 0
0 0 0 0 501 3104 488 3 0 0 0 8 1751 2258 79 0 0 0 434 3130 528 4 0 0
0 0 0 4 428 2966 684 14 0 0 0 23 1597 2403 72 1 0 7 377 3020 682 10 0 0
0 0 0 4 298 3019 770 5 0 0 0 32 1479 2529 56 0 0 4 224 3162 701 5 0 0
0 0 0 1 262 2835 981 17 0 0 0 6 1251 2735 103 1 0 0 206 3073 807 10 0 0
0 0 0 4 517 3000 573 2 0 0 0 34 1513 2423 126 0 0 6 487 2990 609 4 0 0
0 0 0 2 312 2902 870 10 0 0 0 11 1117 2810 156 2 0 1 285 3037 762 10 1 0
0 0 0 5 283 2686 1104 18 0 0 0 15 1193 2708 175 5 0 8 345 2795 935 13 0 0
0 0 0 4 273 3059 747 13 0 0 0 10 1395 2586 102 3 0 1 245 3134 696 20 0 0
0 0 0 4 250 2788 1043 11 0 0 0 19 1483 2497 96 1 0 2 223 2953 906 12 0 0
0 0 0 1 186 2771 1111 27 0 0 0 16 1501 2487 90 2 0 1 190 2898 989 18 0 0
17 130 121 157 612 2443 606 10 5 144 121 213 1716 1819 76 2 101 152 667 2593 573 10 0 0
75 293 384 601 1251 320 239 933 78 437 479 734 1460 689 215 4 298 581 780 1339 859 235 1 3
303 582 469 789 891 321 134 607 221 629 363 623 1115 801 190 154 315 563 404 664 1215 827 106 2
168 428 295 360 631 360 308 1546 82 404 297 335 471 762 472 1273 73 387 287 306 457 1040 623 923
0 0 0 339 1809 997 427 524 0 0 35 1297 1423 620 391 330 0 17 713 1422 1090 427 251 176
0 89 1169 324 694 555 525 740 0 34 763 1045 597 558 521 578 0 63 566 1504 581 478 588 316
0 45 471 188 754 2048 556 34 0 3 315 352 1648 1665 99 14 0 2 273 2429 932 411 36 13
0 0 0 2 229 2483 1348 34 0 0 0 28 1289 2629 148 2 0 1 223 2460 1381 31 0 0
0 0 0 10 560 2659 836 31 0 0 2 52 1653 2248 138 3 0 7 484 2510 1033 59 3 0
0 0 0 8 388 2601 1065 34 0 0 0 20 1446 2457 166 7 0 6 300 2690 1056 42 2 0
0 0 0 10 491 2585 984 26 0 0 0 29 1410 2400 252 5 0 8 390 2628 1037 33 0 0
0 0 0 7 281 2564 1194 50 0 0 0 23 1290 2558 220 5 0 9 230 2445 1326 79 7 0
0 0 0 30 543 2535 947 41 0 0 1 86 1344 2472 176 17 0 28 457 2372 1163 64 11 1
0 0 0 32 479 2262 1194 129 0 0 0 69 1192 2431 379 25 0 12 320 2153 1287 266 58 0
0 0 0 22 432 2615 970 57 0 0 2 52 1391 2437 212 2 0 16 312 2433 1217 106 12 0
0 0 0 4 294 2664 1089 45 0 0 0 30 1443 2473 150 0 0 1 183 2582 1218 112 0 0
0 0 0 4 453 2899 727 13 0 0 0 20 1458 2528 90 0 0 5 280 2968 829 14 0 0
0 0 0 51 968 2549 522 6 0 0 1 57 1510 2395 132 1 0 18 607 2672 775 24 0 0
0 0 0 67 1158 2515 352 4 0 0 3 158 1726 2109 100 0 3 59 726 2681 615 11 1 0
0 0 2 59 1162 2676 195 2 0 0 1 100 2038 1893 64 0 1 22 742 2927 402 2 0 0
0 0 0 12 1037 2856 190 1 0 0 0 43 2181 1840 32 0 0 5 652 3062 376 1 0 0
0 0 0 8 223 2962 884 19 0 0 0 8 1481 2521 84 2 0 0 93 2847 1116 40 0 0
0 0 0 6 304 2754 991 41 0 0 0 40 1372 2560 120 4 0 2 210 2555 1279 50 0 0
0 0 0 4 403 3309 360 20 0 0 3 91 2846 1148 8 0 0 8 371 3263 452 2 0 0
0 0 0 0 259 3221 600 16 0 0 0 38 2420 1605 33 0 0 0 192 3259 628 17 0 0
0 0 0 1 417 3114 558 6 0 0 0 49 2447 1567 33 0 0 1 320 3209 561 5 0 0
0 0 0 0 227 3283 584 2 0 0 0 13 2161 1891 31 0 0 0 188 3282 618 8 0 0
0 0 0 3 419 3144 523 7 0 0 0 17 2147 1870 61 1 0 0 301 3238 548 8 1 0
0 0 0 6 443 3199 447 1 0 0 1 30 2177 1837 51 0 0 3 304 3257 526 6 0 0
0 0 0 3 267 2923 889 14 0 0 0 16 1585 2404 91 0 0 1 215 2909 958 13 0 0
0 0 0 6 281 2834 957 18 0 0 0 19 1508 2472 96 1 0 7 256 2854 963 16 0 0
0 0 0 3 160 2888 1029 16 0 0 0 14 1250 2719 113 0 0 1 124 2920 1038 13 0 0
0 0 0 0 141 2891 1042 22 0 0 0 9 1393 2582 107 5 0 0 130 2893 1048 24 1 0
0 0 0 1 350 2922 816 7 0 0 0 27 1568 2407 94 0 0 8 365 2886 829 8 0 0
0 0 0 4 287 2922 870 13 0 0 0 30 1613 2330 122 1 0 1 270 2916 898 11 0 0
0 0 0 6 566 2976 525 23 0 0 0 27 1653 2303 107 6 0 0 394 2958 720 24 0 0
0 0 0 18 718 2588 743 29 0 0 0 35 1556 2341 153 11 0 17 619 2544 886 25 5 0
0 0 0 3 317 2885 873 18 0 0 0 13 1492 2500 91 0 0 3 300 2972 810 11 0 0
0 0 0 11 516 2763 790 16 0 0 0 48 1742 2175 124 7 0 12 651 2639 780 14 0 0
0 0 0 9 592 2902 575 18 0 0 0 36 1875 2096 87 2 0 6 598 2905 567 20 0 0
0 0 0 0 167 2885 1017 27 0 0 0 24 1756 2219 93 4 0 0 249 3059 767 19 2 0
7 44 109 123 389 2523 890 11 8 69 110 185 1633 2008 82 1 32 116 438 2732 760 18 0 0
146 547 524 756 1482 632 9 0 62 459 542 509 1071 1439 14 0 109 451 517 495 647 1794 83 0
461 491 290 478 956 735 257 428 320 726 396 474 966 1185 29 0 407 794 457 637 766 995 40 0
156 282 198 478 234 183 346 2219 28 404 365 452 192 218 594 1843 37 501 488 302 244 341 1258 925
0 31 361 2351 1160 46 44 103 4 81 857 2866 135 54 73 26 13 313 3129 442 72 72 52 3
9 138 459 900 997 904 461 228 13 193 415 1285 836 925 315 114 49 366 932 938 917 724 111 59
2 36 165 381 890 1895 680 47 2 37 153 333 1590 1846 117 18 9 91 284 1909 1138 617 31 17
0 0 0 2 205 2454 1396 39 0 0 0 22 1100 2744 226 4 0 4 217 2537 1300 37 1 0
0 0 0 4 185 2475 1384 48 0 0 0 18 1033 2756 282 7 0 6 256 2715 1073 46 0 0
0 0 0 4 149 2394 1493 56 0 0 0 14 1119 2728 229 6 0 2 146 2629 1269 49 1 0
0 0 0 17 448 2768 843 20 0 0 1 77 1846 2059 111 2 0 16 471 2895 692 22 0 0
0 0 0 16 472 2662 919 27 0 0 0 86 2086 1839 85 0 0 9 492 2744 820 31 0 0
0 0 0 27 460 2662 929 18 0 0 0 73 1805 2116 102 0 0 24 483 2779 796 14 0 0
0 0 0 25 556 2624 852 39 0 0 2 85 1845 2025 135 4 0 27 590 2756 696 27 0 0
0 0 0 11 469 2721 880 15 0 0 0 76 1794 2136 90 0 0 8 445 2806 823 14 0 0
0 0 0 8 288 2734 1051 15 0 0 0 42 1670 2260 123 1 0 10 252 2819 1000 15 0 0
0 0 0 9 186 2544 1328 29 0 0 0 23 1263 2629 179 2 0 3 153 2682 1232 25 1 0
0 0 0 0 91 2353 1614 38 0 0 0 8 1096 2822 167 3 0 0 89 2449 1519 39 0 0
0 0 0 0 134 2800 1130 32 0 0 0 16 1469 2494 113 4 0 0 129 2766 1166 35 0 0
0 0 0 15 552 2753 759 17 0 0 0 50 1713 2233 97 3 0 10 453 2800 811 20 2 0
0 0 0 9 506 2980 594 7 0 0 1 82 1975 1974 64 0 0 9 363 2865 854 5 0 0
0 0 0 18 404 2961 708 5 0 0 1 52 1784 2177 80 2 0 11 311 2857 900 17 0 0
0 0 0 12 288 2706 1067 23 0 0 0 28 1389 2499 177 3 0 10 197 2563 1281 45 0 0
