20 1716 1076 1073 179 20 10 2 0 1104 1476 1220 260 23 11 2 970 1372 782 878 68 17 8 1
3 540 262 1644 1627 16 4 0 0 406 352 1504 1813 18 3 0 203 502 241 2171 963 15 1 0
15 559 191 1223 1794 124 91 99 0 504 203 1185 1880 127 99 98 78 581 241 1398 1486 125 91 96
274 502 377 1928 850 147 18 0 5 683 359 1776 1083 169 21 0 209 685 417 2062 568 138 17 0
0 195 1486 1691 464 161 83 16 0 52 1099 2010 654 178 87 16 0 351 1735 1493 323 132 59 3
17 1113 1706 946 270 32 9 3 1 815 1748 1094 386 37 15 0 83 1302 1704 798 177 25 7 0
242 1839 985 772 223 35 0 0 1 1803 1110 834 286 62 0 0 786 1752 867 567 98 26 0 0
484 1276 736 974 509 94 21 2 10 1528 745 869 770 130 42 2 1135 1022 707 775 342 77 36 2
0 495 1183 1103 1200 104 11 0 0 304 970 1231 1192 383 16 0 210 799 1852 1099 130 6 0 0
4 923 891 803 1059 214 103 99 0 823 942 787 1060 480 4 0 97 1115 1236 1331 263 54 0 0
866 1271 740 668 291 111 72 77 120 2077 694 655 364 93 55 38 1336 1119 752 626 166 57 26 14
1512 1015 515 793 253 8 0 0 223 2188 471 609 579 25 1 0 2081 497 573 799 142 4 0 0
