272 320 273 1007 1163 770 245 46 182 297 527 1203 1137 590 152 8 189 430 1005 1250 871 304 47 0
335 988 398 1800 428 95 42 10 49 757 625 666 1872 103 23 1 59 947 749 667 1627 41 6 0
1 34 94 2850 383 147 381 206 0 30 88 147 3077 163 375 216 10 46 107 132 3058 172 377 194
0 14 118 2790 318 238 481 137 0 6 75 194 2923 247 498 153 0 8 88 279 2858 229 472 162
18 141 913 915 295 213 1361 240 10 114 180 789 1151 212 1441 199 14 130 174 1322 581 215 1187 473
558 855 417 554 787 752 159 14 306 989 330 685 1090 644 52 0 353 982 421 849 1183 294 14 0
130 2339 761 661 189 16 0 0 1 1210 1546 988 332 19 0 0 5 1497 1463 935 188 8 0 0
429 798 723 1727 216 149 47 7 0 428 779 890 1778 158 60 3 13 658 665 902 1690 126 41 1
494 574 1383 1564 51 23 7 0 3 560 567 1382 1551 26 7 0 24 698 607 1355 1384 23 5 0
820 701 1348 772 138 246 71 0 2 667 831 805 1398 246 147 0 6 937 668 1730 363 233 158 1
5 28 191 762 1236 1342 511 21 6 25 189 938 1912 997 29 0 13 85 527 1865 1533 72 1 0
38 238 523 774 1171 1146 205 1 25 208 509 875 1664 793 22 0 55 327 683 1442 1355 227 7 0
299 220 472 1026 1079 710 264 26 322 243 510 1081 1104 658 176 2 359 322 872 1215 735 484 107 2
229 594 966 931 727 500 149 0 202 457 843 1083 849 546 116 0 275 636 1065 980 707 367 66 0
134 633 1058 958 785 473 55 0 49 539 1014 954 639 727 174 0 115 798 1022 759 570 666 166 0
