4092 2 2 0 0 0 0 0 4090 4 2 0 0 0 0 0 4091 4 1 0 0 0 0 0
4079 12 2 3 0 0 0 0 4080 11 2 3 0 0 0 0 4079 12 3 2 0 0 0 0
3885 136 55 10 6 3 1 0 3842 174 57 12 7 3 1 0 3797 211 65 13 5 4 1 0
3869 161 38 20 6 1 1 0 3836 183 48 20 7 1 1 0 3796 221 50 20 6 2 1 0
3466 388 138 55 25 13 8 3 3397 440 150 58 28 13 7 3 3303 505 161 69 30 14 9 5
1536 963 435 333 274 230 185 140 1375 1098 440 347 276 234 188 138 1147 1179 491 376 278 236 208 181
34 90 109 137 168 195 376 2987 41 89 112 133 163 202 375 2981 13 71 98 121 153 186 327 3127
128 391 240 227 227 273 271 2339 154 381 247 225 235 258 282 2314 98 313 263 238 237 254 302 2391
40 180 150 114 108 137 137 3230 43 194 142 109 112 139 138 3219 36 128 183 101 117 130 157 3244
0 0 4 4 7 12 16 4053 0 2 3 3 8 11 17 4052 0 0 4 2 9 11 17 4053
0 0 0 0 0 0 0 4096 0 0 0 0 0 0 0 4096 0 0 0 0 0 0 0 4096
0 0 0 0 3 66 165 3862 0 0 0 0 3 76 158 3859 0 0 0 0 0 31 183 3882
1 10 21 23 27 134 315 3565 4 15 21 21 28 154 311 3542 0 3 12 19 37 92 323 3610
110 1313 486 275 221 180 227 1284 169 1332 422 294 214 180 222 1263 129 932 630 355 254 235 205 1356
311 1948 375 260 260 302 204 436 331 1913 404 256 251 279 233 429 257 1688 564 304 246 316 245 476
349 1099 402 424 567 532 244 479 405 1066 413 400 477 577 275 483 213 982 554 409 535 551 309 543
4039 37 12 5 3 0 0 0 4035 41 12 5 3 0 0 0 4039 38 10 6 3 0 0 0
4030 46 14 5 1 0 0 0 4028 48 14 5 1 0 0 0 4035 39 16 5 1 0 0 0
3838 163 55 25 9 1 4 1 3821 170 64 26 9 1 3 2 3810 181 65 24 10 2 2 2
3997 65 19 11 3 1 0 0 3992 68 20 12 3 1 0 0 3982 77 21 11 3 2 0 0
3898 139 40 10 6 1 2 0 3870 163 43 11 6 2 1 0 3892 143 43 10 5 2 1 0
2469 777 306 195 117 102 75 55 2273 961 322 187 125 104 69 55 2365 846 334 192 132 96 73 58
798 1016 361 315 292 306 349 659 753 1083 369 307 303 301 353 627 820 995 383 306 300 317 329 646
1447 1826 291 146 118 83 76 109 1323 1933 311 162 103 88 73 103 1603 1637 322 156 115 90 67 106
590 1699 331 234 189 203 227 623 596 1733 323 231 192 210 222 589 812 1515 320 216 200 208 224 601
75 390 280 239 207 202 296 2407 130 413 247 241 203 231 272 2359 135 359 268 245 191 239 293 2366
0 0 0 0 0 0 0 4096 0 0 0 0 0 0 0 4096 0 0 0 0 0 0 0 4096
0 0 0 0 1 25 45 4025 0 0 0 0 1 27 43 4025 0 0 0 0 1 10 58 4027
48 538 431 170 134 245 279 2251 122 617 333 151 133 249 281 2210 112 445 364 230 178 215 300 2252
490 1726 344 229 190 285 336 496 680 1638 290 237 175 246 370 460 718 1496 398 222 167 293 321 481
1272 1292 308 288 207 430 262 37 1193 1379 319 281 173 383 333 35 1253 1304 370 249 195 388 294 43
1165 1173 246 231 293 656 234 98 1097 1260 237 231 227 561 394 89 1040 1238 325 218 252 684 257 82
4094 2 0 0 0 0 0 0 4094 2 0 0 0 0 0 0 4094 2 0 0 0 0 0 0
4063 22 8 2 0 1 0 0 4060 25 7 3 0 1 0 0 4057 26 10 2 0 1 0 0
3366 361 192 91 45 24 12 5 3369 382 177 92 45 18 9 4 3393 374 173 79 45 20 8 4
3927 92 27 26 13 7 4 0 3937 88 28 19 14 8 2 0 3953 72 31 18 13 8 1 0
4056 40 0 0 0 0 0 0 4056 40 0 0 0 0 0 0 4059 37 0 0 0 0 0 0
3791 302 3 0 0 0 0 0 3457 636 3 0 0 0 0 0 3821 274 1 0 0 0 0 0
2512 1258 121 62 34 35 38 36 2263 1517 118 60 37 34 34 33 2803 1004 105 57 35 33 37 22
2800 933 115 75 46 40 34 53 2630 1126 106 73 40 44 28 49 3044 738 97 65 39 40 29 44
2288 1337 159 73 68 59 37 75 2220 1434 136 82 75 47 37 65 2803 891 113 82 69 46 44 48
306 1095 354 177 178 166 212 1608 428 1136 270 171 163 175 234 1519 739 846 259 180 167 172 249 1484
0 13 20 36 45 69 164 3749 5 21 29 43 55 88 212 3643 18 17 45 44 55 129 273 3515
18 345 370 325 326 348 392 1972 121 426 364 317 345 344 398 1781 199 458 381 336 341 351 434 1596
43 348 287 159 164 163 251 2681 161 409 192 161 156 181 256 2580 207 326 231 154 161 197 294 2526
1526 1944 160 75 67 53 77 194 1581 1958 119 75 61 59 80 163 2275 1208 173 73 58 70 73 166
2596 1301 56 46 31 21 17 28 2704 1219 47 37 30 25 11 23 3411 504 61 38 30 21 14 17
2075 1489 161 109 82 69 41 70 2053 1562 145 96 85 63 37 55 2701 932 150 100 78 59 39 37
4080 12 3 1 0 0 0 0 4080 12 3 1 0 0 0 0 4078 14 3 1 0 0 0 0
4080 11 2 3 0 0 0 0 4080 11 2 3 0 0 0 0 4081 10 2 3 0 0 0 0
3984 65 15 12 10 7 3 0 3996 56 16 12 9 4 3 0 3999 56 14 14 8 2 3 0
4096 0 0 0 0 0 0 0 4096 0 0 0 0 0 0 0 4096 0 0 0 0 0 0 0
4054 41 1 0 0 0 0 0 4054 39 3 0 0 0 0 0 4065 29 2 0 0 0 0 0
3447 601 34 6 2 3 2 1 3250 786 47 5 4 1 2 1 3481 528 74 7 3 2 0 1
3328 482 240 35 3 8 0 0 3196 559 268 63 3 7 0 0 3251 425 241 146 26 2 5 0
3097 549 300 63 34 11 19 23 2962 641 318 97 30 13 17 18 3148 397 246 208 53 16 13 15
2138 1116 353 90 52 66 56 225 2266 1017 376 72 56 60 65 184 2736 557 302 163 65 57 101 115
423 1303 724 340 179 96 119 912 708 1164 650 382 138 109 114 831 1065 778 528 500 228 129 170 698
1250 1559 650 217 75 53 52 240 1818 1063 591 260 73 46 47 198 1848 876 587 406 123 48 87 121
1064 1560 705 299 126 95 90 157 1410 1262 642 373 136 75 108 90 1413 1062 618 545 225 98 106 29
986 2371 321 184 40 48 43 103 1016 2388 283 213 39 47 50 60 1736 1602 299 220 123 51 57 8
2275 1535 174 105 7 0 0 0 2160 1623 139 160 14 0 0 0 2899 826 119 141 109 2 0 0
2532 1123 216 109 70 32 14 0 2337 1283 226 124 72 40 14 0 2282 1189 259 197 97 56 15 1
3222 833 28 12 1 0 0 0 2768 1283 32 12 1 0 0 0 3592 452 29 21 2 0 0 0
3665 262 144 25 0 0 0 0 3492 402 148 54 0 0 0 0 2984 834 200 74 4 0 0 0
3097 683 234 80 2 0 0 0 2723 966 282 121 4 0 0 0 1837 1648 397 195 19 0 0 0
2774 960 208 113 25 11 5 0 2354 1307 254 124 38 15 4 0 1488 1881 450 177 65 27 8 0
2707 911 233 97 48 46 42 12 2435 1138 262 99 61 49 30 22 1728 1469 525 187 76 35 66 10
2115 1416 350 137 61 16 1 0 1690 1692 459 169 69 17 0 0 772 2144 819 210 113 34 4 0
1801 1741 308 102 43 47 45 9 1447 1941 453 115 44 50 45 1 751 2145 859 135 95 40 57 14
1508 1805 457 203 74 48 1 0 1193 1981 583 216 76 46 1 0 623 2107 827 308 165 56 10 0
1468 1701 629 99 96 91 12 0 1102 1892 717 183 99 88 15 0 509 2000 963 376 93 101 54 0
1906 1724 311 75 53 27 0 0 1520 2044 357 64 78 33 0 0 1015 2278 519 150 88 37 9 0
967 1795 926 164 98 50 84 12 773 1794 1042 232 100 50 87 18 338 1588 1250 607 98 74 69 72
905 2438 739 13 1 0 0 0 770 2478 830 17 1 0 0 0 308 2183 1493 111 1 0 0 0
576 2092 848 268 96 100 78 38 421 2075 964 305 114 94 81 42 106 1593 1320 614 224 65 98 76
2226 1520 205 88 53 4 0 0 1837 1862 236 87 70 4 0 0 1594 1846 422 141 67 26 0 0
3169 744 112 17 37 14 3 0 2736 1146 140 17 34 20 3 0 2798 1006 181 56 27 26 2 0
1037 2619 197 123 35 28 17 40 707 2878 252 108 68 25 22 36 515 2643 543 148 126 66 15 40
2145 1637 161 68 60 12 13 0 1713 2047 174 70 67 12 13 0 1428 2008 447 95 88 15 13 2
3471 424 133 66 2 0 0 0 3285 568 149 91 3 0 0 0 2873 895 206 99 23 0 0 0
2778 994 251 73 0 0 0 0 2330 1354 286 126 0 0 0 0 1385 2103 412 194 2 0 0 0
2494 1172 233 139 44 9 5 0 2066 1557 272 151 39 6 5 0 1152 2188 483 195 65 6 6 1
2722 824 296 130 53 43 8 20 2398 1102 336 138 55 40 14 13 1674 1507 537 233 55 49 22 19
1303 2196 415 120 57 5 0 0 1078 2343 455 145 69 6 0 0 392 2477 885 221 75 46 0 0
962 2490 473 89 38 40 4 0 824 2550 537 102 40 37 6 0 320 2400 1082 192 39 51 12 0
664 1958 1184 201 79 10 0 0 555 1923 1308 196 95 19 0 0 256 1358 1955 303 190 34 0 0
673 2077 1021 140 142 43 0 0 550 2121 1028 177 158 54 8 0 200 1655 1639 336 150 104 12 0
454 1559 1782 227 62 12 0 0 570 1510 1709 218 77 12 0 0 447 880 2216 431 101 20 1 0
506 1660 1378 292 111 58 38 53 586 1521 1371 358 113 56 38 53 279 1140 1712 602 155 94 43 71
363 1082 2498 152 1 0 0 0 318 1120 2524 133 1 0 0 0 130 816 2257 885 8 0 0 0
402 1448 1560 298 110 90 116 72 295 1509 1608 288 120 95 110 71 93 901 1804 795 183 111 115 94
1788 1666 468 99 70 5 0 0 1721 1758 456 80 81 0 0 0 1422 1760 635 166 101 12 0 0
2014 546 938 538 20 7 8 25 1879 706 1326 127 18 8 9 23 1659 870 778 716 18 17 14 24
432 2440 995 77 42 22 21 67 371 2377 1133 66 44 20 32 53 262 1587 1759 257 108 30 16 77
1113 2255 487 78 44 40 41 38 1141 2241 499 54 43 41 43 34 720 1795 1222 179 28 60 57 35
3158 797 128 13 0 0 0 0 2996 942 131 27 0 0 0 0 2735 1144 174 43 0 0 0 0
2146 1702 221 27 0 0 0 0 1816 1972 255 53 0 0 0 0 1183 2452 343 117 1 0 0 0
1632 2101 237 122 4 0 0 0 1421 2283 252 129 11 0 0 0 890 2394 636 154 22 0 0 0
1467 2147 349 100 33 0 0 0 1331 2207 408 99 51 0 0 0 917 1905 1039 151 78 6 0 0
632 2908 424 79 44 9 0 0 489 2855 571 114 59 8 0 0 139 2254 1436 179 50 38 0 0
539 2891 612 21 11 22 0 0 473 2782 779 27 19 16 0 0 97 2147 1704 100 16 21 11 0
480 2127 1174 216 75 24 0 0 339 2110 1313 227 72 35 0 0 139 1438 2034 295 144 46 0 0
441 2220 1150 153 132 0 0 0 396 2120 1269 134 168 9 0 0 162 1543 1900 265 185 41 0 0
92 2043 1774 148 39 0 0 0 311 1873 1724 141 47 0 0 0 264 1052 2501 216 62 1 0 0
444 1940 1292 173 171 65 11 0 506 1841 1255 227 180 69 18 0 244 1304 1838 377 150 138 39 6
191 1016 2801 86 0 2 0 0 178 1083 2778 55 0 2 0 0 58 615 2766 655 0 1 1 0
343 1600 1594 302 134 100 23 0 302 1553 1609 350 146 99 37 0 108 885 2112 617 177 134 63 0
1520 1919 578 67 9 0 1 2 1508 1977 544 60 4 0 1 2 1269 1855 788 166 15 0 1 2
1235 338 1983 536 0 1 1 2 1215 367 2435 74 1 1 1 2 1151 340 1812 774 15 0 1 3
127 2941 775 126 60 44 21 2 135 2887 824 120 47 58 17 8 44 2179 1422 288 72 57 22 12
87 3087 899 23 0 0 0 0 144 3086 842 24 0 0 0 0 1 2524 1488 73 9 1 0 0
433 3505 158 0 0 0 0 0 365 3394 337 0 0 0 0 0 229 3188 679 0 0 0 0 0
152 3238 706 0 0 0 0 0 113 3173 810 0 0 0 0 0 126 2868 1085 17 0 0 0 0
55 2545 1491 5 0 0 0 0 52 2497 1540 7 0 0 0 0 55 1755 2181 105 0 0 0 0
14 1564 2423 95 0 0 0 0 10 1641 2309 136 0 0 0 0 12 703 2948 424 9 0 0 0
29 1488 2231 339 9 0 0 0 27 1185 2500 376 8 0 0 0 17 704 2506 839 30 0 0 0
32 1115 2305 644 0 0 0 0 13 743 2771 569 0 0 0 0 14 315 2517 1250 0 0 0 0
5 637 2561 831 62 0 0 0 1 405 2760 862 64 4 0 0 0 110 2270 1587 110 19 0 0
4 586 2858 624 24 0 0 0 2 330 3001 736 27 0 0 0 0 79 2070 1833 114 0 0 0
1 628 2634 815 18 0 0 0 2 446 2738 890 20 0 0 0 1 111 1425 2537 22 0 0 0
14 742 2663 617 59 1 0 0 10 554 2653 799 79 1 0 0 3 146 1451 2309 171 16 0 0
59 656 2669 712 0 0 0 0 46 502 2694 854 0 0 0 0 14 200 1721 2096 65 0 0 0
84 1145 1859 880 121 7 0 0 25 917 1902 1066 168 18 0 0 2 318 1604 1548 578 44 2 0
159 759 1629 1549 0 0 0 0 141 755 1188 2012 0 0 0 0 34 649 762 2161 490 0 0 0
192 611 2099 1194 0 0 0 0 180 650 1639 1627 0 0 0 0 46 626 777 2359 288 0 0 0
100 1980 1864 104 46 2 0 0 60 1462 2372 136 56 10 0 0 9 594 2572 827 72 22 0 0
183 2127 1784 2 0 0 0 0 200 2016 1877 3 0 0 0 0 88 1340 2341 327 0 0 0 0
3 361 3732 0 0 0 0 0 2 226 3862 6 0 0 0 0 0 83 2588 1425 0 0 0 0
4 216 3870 6 0 0 0 0 3 151 3842 100 0 0 0 0 1 83 1852 2160 0 0 0 0
0 300 3556 240 0 0 0 0 1 280 3232 583 0 0 0 0 0 207 1867 2022 0 0 0 0
3 180 2784 1129 0 0 0 0 6 246 2641 1203 0 0 0 0 10 163 2164 1759 0 0 0 0
43 196 2343 1514 0 0 0 0 65 249 2420 1362 0 0 0 0 64 212 2157 1663 0 0 0 0
0 114 2336 1646 0 0 0 0 0 200 2539 1357 0 0 0 0 3 152 2158 1783 0 0 0 0
0 88 1885 2123 0 0 0 0 0 154 2131 1811 0 0 0 0 0 143 1716 2221 16 0 0 0
16 391 1164 2519 6 0 0 0 11 494 1395 2190 6 0 0 0 93 468 1093 2261 181 0 0 0
353 650 985 2078 30 0 0 0 77 923 1285 1787 24 0 0 0 599 468 988 1983 58 0 0 0
26 294 1084 2453 239 0 0 0 20 412 1389 2142 133 0 0 0 35 420 1083 2157 396 5 0 0
18 230 893 2692 263 0 0 0 16 234 1153 2429 264 0 0 0 29 194 907 2116 849 1 0 0
5 190 910 2663 326 2 0 0 4 170 1165 2435 318 4 0 0 4 121 832 1865 1253 21 0 0
1557 237 537 1653 112 0 0 0 1572 207 530 1645 142 0 0 0 1451 239 411 833 1162 0 0 0
3672 93 77 254 0 0 0 0 3682 68 87 259 0 0 0 0 3575 132 84 177 128 0 0 0
3416 250 373 57 0 0 0 0 3417 172 437 68 2 0 0 0 3222 247 337 277 13 0 0 0
2800 500 730 66 0 0 0 0 2818 576 640 62 0 0 0 0 2531 836 340 389 0 0 0 0
0 96 3615 385 0 0 0 0 0 57 3442 597 0 0 0 0 0 6 824 3266 0 0 0 0
0 21 2397 1678 0 0 0 0 0 16 1968 2112 0 0 0 0 0 5 202 3888 1 0 0 0
0 16 1109 2959 12 0 0 0 0 16 733 3334 13 0 0 0 0 8 119 3641 328 0 0 0
0 3 483 3597 13 0 0 0 0 3 414 3650 29 0 0 0 0 1 146 3123 826 0 0 0
0 2 56 3857 181 0 0 0 0 2 62 3899 133 0 0 0 0 1 22 2986 1087 0 0 0
0 9 33 2943 1110 1 0 0 0 9 38 3337 712 0 0 0 0 12 27 2675 1382 0 0 0
1 62 228 2638 1167 0 0 0 1 47 258 2793 997 0 0 0 1 72 197 2211 1614 1 0 0
2 125 329 2063 1574 3 0 0 6 136 398 2275 1281 0 0 0 8 178 329 1652 1923 6 0 0
0 100 338 1971 1687 0 0 0 0 41 457 2319 1279 0 0 0 0 185 264 1723 1923 1 0 0
0 785 597 2268 446 0 0 0 0 353 1127 2488 128 0 0 0 0 1164 289 2170 473 0 0 0
2 485 684 2609 315 1 0 0 4 417 987 2661 27 0 0 0 8 689 723 2632 44 0 0 0
15 145 516 3212 208 0 0 0 12 184 1274 2597 29 0 0 0 2 109 1203 2758 24 0 0 0
701 226 226 2848 94 1 0 0 755 204 808 2324 4 1 0 0 636 304 628 2523 4 1 0 0
1391 259 397 2047 2 0 0 0 1415 284 732 1664 1 0 0 0 1320 378 563 1834 1 0 0 0
1599 145 651 1701 0 0 0 0 1618 138 1570 770 0 0 0 0 1516 241 1190 1149 0 0 0 0
2171 974 881 70 0 0 0 0 2201 1035 846 14 0 0 0 0 2232 995 840 29 0 0 0 0
0 50 789 3257 0 0 0 0 0 60 720 3316 0 0 0 0 0 48 200 3796 52 0 0 0
0 27 106 3762 201 0 0 0 1 30 94 3694 277 0 0 0 1 24 76 2897 1098 0 0 0
0 5 48 2805 1238 0 0 0 0 16 61 2802 1217 0 0 0 0 10 69 1598 2419 0 0 0
0 0 43 1888 2156 9 0 0 0 351 486 2060 1199 0 0 0 0 24 679 1741 1652 0 0 0
0 0 16 582 3484 14 0 0 0 3 60 1371 2662 0 0 0 0 1 40 926 3124 5 0 0
0 1 94 408 3358 235 0 0 0 0 137 763 3192 4 0 0 0 25 186 761 3122 2 0 0
0 148 740 683 2312 213 0 0 0 49 904 832 2297 14 0 0 5 500 697 862 2021 11 0 0
0 1871 1662 390 173 0 0 0 0 651 2952 359 134 0 0 0 13 3063 756 192 72 0 0 0
0 1178 2611 296 11 0 0 0 0 855 3097 142 2 0 0 0 51 3517 513 15 0 0 0 0
1 137 2891 1006 61 0 0 0 1 385 3355 350 5 0 0 0 51 3000 1015 30 0 0 0 0
0 1472 2211 396 16 1 0 0 0 1125 2804 162 4 1 0 0 39 3491 551 13 2 0 0 0
5 2926 816 196 38 5 4 106 2 2455 1292 221 10 5 5 106 467 3255 217 154 3 0 0 0
18 2002 525 883 278 67 31 292 5 1927 710 986 70 70 31 297 551 2144 490 863 48 0 0 0
20 977 457 1747 233 86 130 446 2 959 592 1782 107 71 115 468 372 1348 813 1460 100 3 0 0
4 436 875 1860 115 126 100 580 2 521 1246 1450 82 107 100 588 374 1035 1387 1254 46 0 0 0
54 3824 179 1 2 7 5 24 7 3956 94 2 1 6 3 27 1397 2674 25 0 0 0 0 0
0 38 1369 2689 0 0 0 0 0 121 1713 2262 0 0 0 0 0 91 1067 2937 1 0 0 0
0 1 52 2982 1061 0 0 0 0 6 71 3745 274 0 0 0 0 5 59 3472 559 1 0 0
0 0 13 1104 2969 10 0 0 0 0 22 2691 1381 2 0 0 0 0 21 2512 1561 2 0 0
0 0 0 449 3536 111 0 0 0 0 0 1516 2580 0 0 0 0 0 0 1427 2658 11 0 0
0 16 243 815 2939 83 0 0 0 17 476 1242 2349 12 0 0 0 146 634 1131 2172 13 0 0
0 142 1180 1210 1510 54 0 0 0 102 1601 1264 1128 1 0 0 1 840 1462 986 806 1 0 0
0 78 1239 1644 1115 20 0 0 0 81 1673 1967 374 1 0 0 4 911 1771 1271 139 0 0 0
0 82 2655 1276 83 0 0 0 0 147 3246 676 27 0 0 0 9 2107 1884 95 1 0 0 0
0 112 2372 1469 136 7 0 0 1 578 2832 651 33 1 0 0 77 2143 1749 122 5 0 0 0
0 34 1868 1930 256 8 0 0 0 366 2850 852 28 0 0 0 37 1725 2170 160 4 0 0 0
0 25 912 2457 673 29 0 0 0 97 2176 1738 83 2 0 0 5 899 2624 553 15 0 0 0
0 305 1453 2143 190 5 0 0 0 312 2669 1092 23 0 0 0 3 1558 2227 306 2 0 0 0
0 705 1556 1726 105 4 0 0 0 1047 2575 465 9 0 0 0 19 2246 1680 147 4 0 0 0
0 618 2537 920 21 0 0 0 0 1041 2960 94 1 0 0 0 17 2883 1159 37 0 0 0 0
0 1293 2081 707 13 2 0 0 0 1526 2493 74 3 0 0 0 17 2772 1278 27 2 0 0 0
2 2440 1623 29 2 0 0 0 1 3275 812 8 0 0 0 0 199 3708 187 2 0 0 0 0
