11 96 3904 85 0 0 0 0 0 20 92 134 3850 0 0 0 0 9 49 67 70 214 3687 0
0 0 4096 0 0 0 0 0 0 0 0 0 4096 0 0 0 0 0 0 0 0 0 4096 0
0 0 4096 0 0 0 0 0 0 0 0 0 4096 0 0 0 0 0 0 0 0 0 4096 0
0 0 4096 0 0 0 0 0 0 0 0 0 4096 0 0 0 0 0 0 0 0 0 4096 0
0 0 4095 1 0 0 0 0 0 0 0 0 4096 0 0 0 0 0 0 0 0 0 4096 0
0 0 4086 10 0 0 0 0 0 0 0 0 4096 0 0 0 0 0 0 0 0 0 4096 0
0 0 4090 6 0 0 0 0 0 0 0 0 4096 0 0 0 0 0 0 0 0 0 4096 0
0 0 4092 4 0 0 0 0 0 0 0 0 4096 0 0 0 0 0 0 0 0 0 4096 0
0 0 4079 17 0 0 0 0 0 0 0 0 4096 0 0 0 0 0 0 0 0 0 4096 0
0 0 4058 38 0 0 0 0 0 0 0 0 4096 0 0 0 0 0 0 0 0 0 4096 0
0 0 4011 85 0 0 0 0 0 0 0 0 4096 0 0 0 0 0 0 0 0 0 4096 0
0 0 4029 67 0 0 0 0 0 0 0 0 4096 0 0 0 0 0 0 0 0 0 4096 0
0 0 3904 192 0 0 0 0 0 0 0 0 4096 0 0 0 0 0 0 0 0 0 4096 0
0 0 3963 133 0 0 0 0 0 0 0 0 4096 0 0 0 0 0 0 0 0 0 4096 0
0 0 3941 155 0 0 0 0 0 0 0 0 4096 0 0 0 0 0 0 0 0 0 4096 0
0 0 3976 120 0 0 0 0 0 0 0 0 4096 0 0 0 0 0 0 0 0 0 4096 0
0 0 3866 230 0 0 0 0 0 0 0 0 4096 0 0 0 0 0 0 0 0 0 4096 0
0 0 3938 158 0 0 0 0 0 0 0 0 4096 0 0 0 0 0 0 0 0 0 4096 0
0 0 3851 245 0 0 0 0 0 0 0 0 4096 0 0 0 0 0 0 0 0 0 4096 0
0 0 3828 268 0 0 0 0 0 0 0 0 4096 0 0 0 0 0 0 0 0 0 4096 0
0 0 3933 163 0 0 0 0 0 0 0 0 4096 0 0 0 0 0 0 0 0 0 4096 0
0 0 3898 198 0 0 0 0 0 0 0 0 4096 0 0 0 0 0 0 0 0 0 4096 0
0 0 3859 237 0 0 0 0 0 0 0 7 4089 0 0 0 0 0 0 0 0 39 4057 0
9 41 3839 204 3 0 0 0 0 7 30 56 3996 7 0 0 0 0 2 28 63 111 3892 0
5 405 3524 162 0 0 0 0 0 61 366 790 2876 3 0 0 1 124 94 209 473 739 2456 0
329 1318 2040 400 9 0 0 0 34 891 797 461 1882 31 0 0 122 897 519 318 281 442 1516 1
4 103 3693 296 0 0 0 0 0 6 135 197 3756 2 0 0 0 35 98 57 78 254 3574 0
0 0 3974 122 0 0 0 0 0 0 0 0 4096 0 0 0 0 0 0 0 0 0 4096 0
0 0 3672 424 0 0 0 0 0 0 0 0 4096 0 0 0 0 0 0 0 0 0 4096 0
0 0 3582 514 0 0 0 0 0 0 0 0 4096 0 0 0 0 0 0 0 0 0 4096 0
0 0 3408 688 0 0 0 0 0 0 0 0 4096 0 0 0 0 0 0 0 0 0 4096 0
0 0 3364 732 0 0 0 0 0 0 0 0 4096 0 0 0 0 0 0 0 0 0 4096 0
0 0 3105 991 0 0 0 0 0 0 0 0 4096 0 0 0 0 0 0 0 0 0 4096 0
0 0 2761 1335 0 0 0 0 0 0 0 0 4096 0 0 0 0 0 0 0 0 0 4096 0
0 0 2662 1434 0 0 0 0 0 0 0 0 4096 0 0 0 0 0 0 0 0 0 4096 0
0 0 2701 1395 0 0 0 0 0 0 0 0 4096 0 0 0 0 0 0 0 0 0 4096 0
0 0 2241 1855 0 0 0 0 0 0 0 0 4096 0 0 0 0 0 0 0 0 0 4096 0
0 0 2459 1637 0 0 0 0 0 0 0 0 4096 0 0 0 0 0 0 0 0 0 4096 0
0 0 2098 1998 0 0 0 0 0 0 0 0 4096 0 0 0 0 0 0 0 0 0 4096 0
0 0 1841 2255 0 0 0 0 0 0 0 0 4096 0 0 0 0 0 0 0 0 0 4096 0
0 0 2053 2043 0 0 0 0 0 0 0 0 4096 0 0 0 0 0 0 0 0 0 4096 0
0 0 1833 2263 0 0 0 0 0 0 0 0 4096 0 0 0 0 0 0 0 0 0 4096 0
0 0 1829 2267 0 0 0 0 0 0 0 0 4096 0 0 0 0 0 0 0 0 0 4096 0
0 0 1614 2482 0 0 0 0 0 0 0 0 4096 0 0 0 0 0 0 0 0 0 4096 0
0 0 1460 2636 0 0 0 0 0 0 0 0 4096 0 0 0 0 0 0 0 0 0 4096 0
0 0 1372 2724 0 0 0 0 0 0 0 0 4096 0 0 0 0 0 0 0 0 0 4096 0
0 0 1145 2951 0 0 0 0 0 0 0 7 4089 0 0 0 0 0 0 0 0 22 4074 0
56 1151 1422 1451 16 0 0 0 2 496 977 454 2143 24 0 0 36 1043 366 257 257 399 1738 0
160 1711 1459 727 39 0 0 0 10 540 1541 695 1245 65 0 0 160 1439 606 360 344 387 800 0
531 2304 949 306 6 0 0 0 158 1546 1392 402 588 10 0 0 894 1819 359 228 183 200 413 0
1080 2344 537 126 9 0 0 0 343 2102 1236 274 125 16 0 0 808 2197 612 240 130 68 40 1
534 1829 1159 539 35 0 0 0 92 1127 1420 559 795 103 0 0 277 1295 880 423 289 328 598 6
26 142 1323 2599 6 0 0 0 2 58 128 112 3773 23 0 0 0 28 86 84 62 125 3700 11
0 0 851 3245 0 0 0 0 0 0 0 0 4064 32 0 0 0 0 0 0 0 0 4091 5
0 0 520 3576 0 0 0 0 0 0 0 0 4030 66 0 0 0 0 0 0 0 0 4083 13
0 0 426 3670 0 0 0 0 0 0 0 0 4024 72 0 0 0 0 0 0 0 0 4065 31
0 0 460 3636 0 0 0 0 0 0 0 0 3956 140 0 0 0 0 0 0 0 0 4032 64
0 0 202 3894 0 0 0 0 0 0 0 0 3956 140 0 0 0 0 0 0 0 0 4074 22
0 0 272 3824 0 0 0 0 0 0 0 0 3980 116 0 0 0 0 0 0 0 0 4093 3
0 0 121 3975 0 0 0 0 0 0 0 0 3936 160 0 0 0 0 0 0 0 0 4087 9
0 0 125 3971 0 0 0 0 0 0 0 0 3737 359 0 0 0 0 0 0 0 0 4071 25
0 0 110 3986 0 0 0 0 0 0 0 0 3467 629 0 0 0 0 0 0 0 0 4034 62
0 0 28 4068 0 0 0 0 0 0 0 0 3213 883 0 0 0 0 0 0 0 0 4033 63
0 0 30 4066 0 0 0 0 0 0 0 0 3144 952 0 0 0 0 0 0 0 0 3999 97
0 0 23 4073 0 0 0 0 0 0 0 0 2886 1210 0 0 0 0 0 0 0 0 3945 151
0 0 34 4062 0 0 0 0 0 0 0 0 2749 1347 0 0 0 0 0 0 0 0 3869 227
0 0 18 4078 0 0 0 0 0 0 0 0 2738 1358 0 0 0 0 0 0 0 0 3963 133
0 0 8 4088 0 0 0 0 0 0 0 0 2799 1297 0 0 0 0 0 0 0 0 3888 208
0 0 26 4070 0 0 0 0 0 0 0 0 2974 1122 0 0 0 0 0 0 0 0 3958 138
0 1 11 4084 0 0 0 0 0 0 0 5 3159 932 0 0 0 0 0 0 1 11 4035 49
78 231 195 3551 41 0 0 0 11 108 197 138 3071 570 1 0 1 196 150 79 50 82 3504 34
108 1357 960 1616 54 1 0 0 1 547 1307 465 1624 151 1 0 85 1389 395 248 294 313 1368 4
702 2719 439 211 25 0 0 0 115 2194 1349 147 249 42 0 0 559 2871 240 95 68 99 164 0
1066 2734 248 37 11 0 0 0 270 2741 963 88 26 8 0 0 1501 2354 142 58 34 7 0 0
1124 2100 777 95 0 0 0 0 394 2245 671 155 631 0 0 0 1665 1556 90 119 664 2 0 0
1948 1975 149 20 4 0 0 0 948 2481 611 39 14 3 0 0 2409 1506 119 36 19 5 2 0
1229 2481 349 23 14 0 0 0 383 2464 1127 91 18 13 0 0 1703 2031 265 54 22 14 7 0
155 1034 593 2254 60 0 0 0 14 509 811 329 1541 892 0 0 192 633 369 247 212 316 1967 160
0 0 2 4091 3 0 0 0 0 0 0 0 1085 3011 0 0 0 0 0 0 0 1 2461 1634
0 1 13 4079 3 0 0 0 0 0 0 3 809 3283 1 0 0 0 0 0 2 14 2478 1602
0 0 0 4096 0 0 0 0 0 0 0 0 729 3367 0 0 0 0 0 0 0 0 2518 1578
0 0 0 4096 0 0 0 0 0 0 0 0 546 3550 0 0 0 0 0 0 0 0 2682 1414
0 0 0 4096 0 0 0 0 0 0 0 0 622 3474 0 0 0 0 0 0 0 0 3665 431
0 0 0 4096 0 0 0 0 0 0 0 0 755 3341 0 0 0 0 0 0 0 0 3999 97
0 0 0 4096 0 0 0 0 0 0 0 0 547 3549 0 0 0 0 0 0 0 0 3996 100
1 1 5 4085 4 0 0 0 0 0 1 2 247 3845 1 0 0 0 0 1 2 5 3901 187
25 99 106 3835 31 0 0 0 0 17 104 96 183 3689 7 0 1 36 107 66 37 25 3653 171
46 300 372 3256 107 15 0 0 0 42 290 347 265 3133 19 0 3 124 309 232 156 119 2975 178
91 405 417 3011 162 10 0 0 1 70 388 397 290 2923 27 0 7 179 353 280 178 166 2565 368
23 52 71 3921 29 0 0 0 2 17 56 65 55 3896 5 0 0 26 69 29 25 23 1754 2170
0 0 0 4096 0 0 0 0 0 0 0 0 7 4089 0 0 0 0 0 0 0 0 1202 2894
0 0 0 4096 0 0 0 0 0 0 0 0 4 4092 0 0 0 0 0 0 0 0 1506 2590
0 0 0 4096 0 0 0 0 0 0 0 0 14 4082 0 0 0 0 0 0 0 0 1643 2453
730 512 116 2553 144 19 13 9 147 980 162 115 110 2547 23 12 8 894 335 86 91 89 1475 1118
116 540 650 2607 179 4 0 0 17 221 501 458 983 1901 15 0 28 305 335 356 553 399 1779 341
152 446 479 2883 131 5 0 0 10 188 392 331 1580 1584 11 0 25 238 298 256 1366 196 1569 148
211 1375 1006 1491 12 1 0 0 20 1028 743 227 2066 12 0 0 164 1463 219 181 2062 6 1 0
617 762 1500 1206 11 0 0 0 378 776 358 106 2459 19 0 0 585 735 185 126 2459 6 0 0
957 385 1909 835 9 1 0 0 822 428 222 133 2477 14 0 0 897 386 190 138 2480 5 0 0
950 323 2624 187 12 0 0 0 902 323 870 48 1944 9 0 0 955 368 780 66 1921 6 0 0
1684 2084 279 46 3 0 0 0 709 2231 886 241 29 0 0 0 2842 1155 89 10 0 0 0 0
860 2582 552 83 18 1 0 0 105 1623 1805 469 80 14 0 0 2693 1274 108 20 1 0 0 0
648 2199 753 364 127 5 0 0 186 959 1720 745 173 303 10 0 1756 1344 382 167 82 75 177 113
150 953 829 1892 260 12 0 0 2 190 837 803 460 1764 40 0 298 719 436 326 300 283 895 839
20 118 209 3594 151 4 0 0 0 20 74 191 206 3589 16 0 0 10 90 107 134 166 692 2897
0 0 0 4096 0 0 0 0 0 0 0 0 0 4096 0 0 0 0 0 0 0 0 970 3126
0 0 0 4086 10 0 0 0 0 0 0 0 0 4096 0 0 0 0 0 0 0 0 1020 3076
0 0 0 4090 6 0 0 0 0 0 0 0 0 4096 0 0 0 0 0 0 0 0 1010 3086
0 0 0 4038 58 0 0 0 0 0 0 0 0 4096 0 0 0 0 0 0 0 0 1376 2720
0 0 0 3999 97 0 0 0 0 0 0 0 0 4096 0 0 0 0 0 0 0 0 1447 2649
216 876 535 2152 293 24 0 0 9 238 831 481 296 2190 51 0 2 249 804 413 228 199 1377 824
193 1908 770 967 241 17 0 0 7 449 1779 626 303 885 47 0 4 907 1496 409 242 183 721 134
217 2876 771 165 53 14 0 0 8 910 2415 575 122 58 8 0 58 2635 1084 196 68 36 18 1
391 2254 912 298 187 34 17 3 18 1041 1791 794 262 155 31 4 110 2168 1034 376 200 102 91 15
308 1466 919 1071 295 36 1 0 19 441 1380 832 434 908 82 0 156 1236 866 411 348 185 472 422
45 305 279 3233 225 9 0 0 1 49 265 299 992 2454 36 0 40 240 186 151 954 76 207 2242
10 63 108 3809 106 0 0 0 4 9 23 121 1756 2183 0 0 5 8 15 87 1757 56 97 2071
471 173 206 3181 64 1 0 0 180 362 78 163 2020 1292 1 0 344 212 72 124 2023 51 118 1152
741 335 688 2248 80 4 0 0 386 577 598 138 2081 314 2 0 600 471 468 138 2092 33 71 223
746 258 1393 1688 10 1 0 0 553 375 1181 149 1813 25 0 0 713 319 1105 131 1820 8 0 0
715 271 2296 803 11 0 0 0 452 512 2007 54 1062 9 0 0 664 465 1837 76 1048 6 0 0
772 239 2890 186 9 0 0 0 524 460 2591 223 285 13 0 0 696 390 2401 322 282 5 0 0
460 259 3377 0 0 0 0 0 373 300 3324 99 0 0 0 0 430 327 3046 293 0 0 0 0
4 127 3965 0 0 0 0 0 2 59 3884 151 0 0 0 0 3 111 3636 346 0 0 0 0
0 56 4039 1 0 0 0 0 0 0 3814 282 0 0 0 0 0 0 3774 322 0 0 0 0
1513 2172 381 24 6 0 0 0 550 1850 1436 236 21 3 0 0 2918 1096 73 8 1 0 0 0
1216 2283 503 76 18 0 0 0 338 1827 1369 466 77 18 1 0 2837 1130 111 17 1 0 0 0
979 2391 603 95 27 1 0 0 29 1466 1900 572 107 21 1 0 2739 1165 147 41 4 0 0 0
683 2151 714 322 212 14 0 0 41 1072 1757 668 274 245 39 0 1502 1509 402 206 126 119 171 61
19 455 708 2195 692 20 6 1 0 30 516 616 411 2475 46 2 26 424 441 255 222 278 1316 1134
0 361 854 2588 289 4 0 0 0 12 567 626 325 2557 9 0 4 195 561 346 228 215 1908 639
15 576 694 2050 727 34 0 0 0 16 561 601 381 2450 87 0 1 192 519 322 331 263 1415 1053
40 537 568 1546 1368 37 0 0 0 36 493 519 354 2573 121 0 1 150 484 291 300 274 594 2002
38 339 512 866 2294 47 0 0 0 32 281 505 316 2816 146 0 0 47 252 354 294 242 511 2396
224 539 376 662 2203 92 0 0 12 245 506 355 257 2534 187 0 2 164 454 346 236 227 496 2171
293 1963 813 679 297 44 6 1 19 951 1490 664 609 301 61 1 13 865 1641 562 530 251 161 73
144 2049 493 1359 45 6 0 0 10 646 1759 314 1324 38 5 0 7 1198 1301 220 1291 72 7 0
142 1957 397 1581 19 0 0 0 1 1317 1012 201 1547 18 0 0 6 1865 504 171 1536 14 0 0
159 1227 1039 1606 52 13 0 0 13 1104 1158 195 1582 39 5 0 22 1220 1044 186 1585 33 6 0
228 560 1653 1627 24 4 0 0 29 663 1630 118 1621 34 1 0 43 802 1506 96 1625 16 8 0
379 381 2373 944 19 0 0 0 27 690 2229 183 940 27 0 0 80 753 2153 153 947 10 0 0
489 322 3087 193 5 0 0 0 48 719 2896 228 192 13 0 0 113 782 2837 169 189 6 0 0
132 138 3822 4 0 0 0 0 11 250 3327 508 0 0 0 0 101 321 3115 559 0 0 0 0
0 5 4026 65 0 0 0 0 0 0 3400 696 0 0 0 0 0 2 3342 752 0 0 0 0
0 2 4014 80 0 0 0 0 0 0 3255 841 0 0 0 0 0 0 3241 855 0 0 0 0
0 0 4079 17 0 0 0 0 0 0 3670 425 1 0 0 0 0 0 3455 640 1 0 0 0
0 1 3797 145 71 50 32 0 0 0 3086 843 67 66 34 0 0 0 2899 1042 63 70 22 0
0 0 3664 286 66 80 0 0 0 0 2875 1054 69 98 0 0 0 0 2841 1092 71 92 0 0
0 0 3416 340 183 133 24 0 0 0 3043 654 194 171 34 0 0 0 2965 749 188 167 27 0
0 21 2787 426 515 317 30 0 0 0 2595 557 539 352 53 0 0 1 2386 801 555 339 14 0
898 2719 432 41 4 2 0 0 53 1515 2064 423 34 5 2 0 3028 982 79 6 1 0 0 0
848 2524 635 81 8 0 0 0 43 1494 1874 612 64 9 0 0 2919 1067 95 14 1 0 0 0
1189 2390 431 63 21 2 0 0 81 1803 1746 390 55 20 1 0 3125 862 79 25 5 0 0 0
651 2525 733 124 62 1 0 0 19 1069 2128 697 126 56 1 0 2483 1414 161 37 1 0 0 0
102 2088 1676 179 41 10 0 0 5 191 2108 1566 181 36 9 0 1060 2570 291 113 35 19 8 0
57 2642 1216 152 26 3 0 0 0 321 2696 928 131 18 2 0 501 3068 459 50 14 4 0 0
243 2873 554 263 159 4 0 0 12 768 2484 424 222 185 1 0 247 3043 374 60 149 222 1 0
240 2236 694 647 268 11 0 0 10 776 1881 519 497 411 2 0 132 2360 609 113 333 549 0 0
136 1099 1336 1038 419 67 1 0 9 624 1527 422 648 775 91 0 19 847 1390 281 428 848 157 126
119 523 1796 1204 451 3 0 0 6 489 1846 94 779 853 29 0 7 515 1731 167 364 958 69 285
90 491 2538 947 30 0 0 0 1 483 2339 299 893 81 0 0 0 505 2169 450 612 360 0 0
33 477 3386 184 16 0 0 0 1 457 2427 1015 183 13 0 0 1 465 1859 1577 184 10 0 0
0 74 4011 11 0 0 0 0 0 63 2604 1429 0 0 0 0 0 63 2350 1683 0 0 0 0
0 0 3880 216 0 0 0 0 0 0 2323 1773 0 0 0 0 0 0 2885 1211 0 0 0 0
0 0 3991 98 5 2 0 0 0 0 1940 2148 5 3 0 0 0 0 2290 1799 4 3 0 0
0 2 3784 240 25 34 11 0 0 0 2068 1949 33 26 20 0 0 0 2644 1379 30 33 10 0
0 0 3454 405 77 101 59 0 0 0 1775 2058 87 103 73 0 0 0 2351 1499 89 139 18 0
0 0 3025 490 278 155 148 0 0 0 1331 2134 310 162 159 0 0 0 1501 2004 305 205 81 0
0 0 1922 964 625 353 232 0 0 0 734 2115 643 327 277 0 0 2 1532 1429 679 347 107 0
0 0 1067 975 1093 555 406 0 0 0 711 1278 1099 510 498 0 0 0 1241 1011 1014 720 110 0
0 0 1193 508 1506 550 339 0 0 0 930 702 1530 545 389 0 0 0 868 924 1494 686 124 0
0 0 770 488 1531 777 530 0 0 0 653 545 1432 839 627 0 0 0 667 645 1536 1037 211 0
0 0 431 580 1767 1017 301 0 0 0 238 663 1915 966 314 0 0 0 409 773 1959 824 131 0
0 0 155 447 2548 858 88 0 0 0 151 271 2646 865 163 0 0 0 179 402 2892 583 40 0
0 0 239 588 2141 844 284 0 0 0 215 496 2183 877 325 0 0 0 260 586 2314 926 10 0
1598 2125 308 62 3 0 0 0 266 2293 1272 219 42 4 0 0 3092 879 108 17 0 0 0 0
806 2570 626 86 8 0 0 0 136 1298 1993 592 67 10 0 0 2749 1194 133 18 2 0 0 0
1850 1720 398 103 25 0 0 0 355 2188 1064 368 93 28 0 0 3231 734 105 25 1 0 0 0
2028 1797 215 39 15 2 0 0 252 2752 905 147 29 9 2 0 3221 748 93 27 7 0 0 0
405 2772 782 105 24 8 0 0 4 1098 2190 682 92 26 4 0 2190 1705 154 36 8 3 0 0
60 1788 1923 268 55 2 0 0 2 176 2504 1170 202 41 1 0 650 2521 816 96 13 0 0 0
47 563 2900 325 143 87 31 0 7 265 2704 683 224 165 48 0 75 928 2448 274 191 152 28 0
0 71 3295 205 212 175 138 0 0 50 3018 479 226 165 158 0 0 68 3025 507 217 174 105 0
0 38 2909 179 515 256 199 0 0 4 2809 295 522 256 210 0 0 2 2743 446 507 282 116 0
0 26 2546 191 680 359 294 0 0 2 2128 624 658 377 307 0 0 8 2063 736 716 360 213 0
0 25 2493 266 723 332 257 0 0 0 1769 980 727 341 279 0 0 2 1526 1385 695 378 110 0
0 0 2185 429 665 494 323 0 0 0 375 2220 663 505 333 0 0 0 248 2408 703 531 206 0
0 0 1811 592 775 591 327 0 0 0 95 2295 767 601 338 0 0 0 149 2298 870 602 177 0
0 0 1202 695 1004 755 440 0 0 0 179 1687 982 772 476 0 0 0 510 1540 1095 705 246 0
0 0 881 644 1073 653 845 0 0 0 189 1304 1064 671 868 0 0 0 321 1339 1089 939 408 0
0 0 382 432 1713 1061 508 0 0 0 88 690 1678 1072 568 0 0 0 261 848 1845 908 234 0
0 0 62 311 2049 1188 486 0 0 0 29 306 1995 1232 534 0 0 0 144 646 2140 1131 35 0
0 0 95 201 2036 885 879 0 0 0 63 208 2026 867 932 0 0 0 132 366 2023 1230 345 0
0 0 98 225 1645 1330 793 5 0 0 79 219 1588 1427 778 5 0 0 197 412 2211 881 395 0
0 0 67 357 1461 1499 712 0 0 0 68 319 1451 1487 771 0 0 0 228 441 2044 1161 222 0
0 0 104 178 2308 827 679 0 0 0 112 131 2318 846 689 0 0 0 124 324 2341 1139 168 0
0 0 254 374 1920 903 645 0 0 0 257 319 1838 989 693 0 0 0 304 491 1886 1221 194 0
0 0 76 195 1658 1369 792 6 0 0 74 179 1637 1398 804 4 0 0 147 403 2107 1050 389 0
0 8 69 426 2165 1109 315 4 0 2 77 351 2031 1248 382 5 0 2 189 456 2553 770 126 0
0 0 154 471 2027 1003 441 0 0 0 130 412 1992 1129 433 0 0 0 200 466 2243 1166 21 0
2328 1373 329 49 17 0 0 0 1093 1848 821 264 57 13 0 0 3295 662 114 24 1 0 0 0
1646 1930 433 72 15 0 0 0 788 1611 1247 370 71 9 0 0 2965 988 112 29 2 0 0 0
1993 1720 318 51 13 1 0 0 348 2443 976 270 54 5 0 0 3288 704 79 24 1 0 0 0
1863 1834 315 60 20 4 0 0 769 2097 895 254 60 19 2 0 3089 877 107 18 5 0 0 0
1371 1413 236 145 364 295 268 4 881 1531 548 188 375 301 266 6 1816 1038 184 273 317 317 147 4
12 331 521 545 1093 840 749 5 0 100 490 661 1165 867 806 7 63 482 443 857 927 837 487 0
0 54 124 255 1393 1299 957 14 0 40 93 243 1393 1317 991 19 1 59 159 600 1422 1143 712 0
41 209 264 247 1377 1193 764 1 3 176 267 230 1355 1270 793 2 3 165 280 509 1612 973 553 1
20 334 266 216 1648 954 658 0 0 164 380 228 1612 1037 674 1 1 155 381 347 1880 861 471 0
2 67 91 47 1685 1347 853 4 0 33 98 60 1601 1437 863 4 1 31 92 145 2134 997 695 1
0 31 36 105 1745 1350 824 5 0 26 41 98 1617 1476 824 14 1 35 51 240 2182 1095 492 0
105 705 504 309 1036 866 567 4 30 512 628 328 1032 961 589 16 12 454 692 384 1194 903 443 14
0 0 0 0 1598 1609 889 0 0 0 0 0 1493 1707 896 0 0 0 0 23 2044 1483 546 0
0 0 11 177 1402 1385 1108 13 0 0 9 158 1300 1478 1131 20 0 0 36 310 1847 1211 692 0
0 0 7 207 1607 1085 1190 0 0 0 6 183 1533 1163 1211 0 0 0 17 356 1859 1257 607 0
156 906 608 348 698 859 434 87 58 758 661 466 634 931 498 90 85 833 659 456 859 737 392 75
60 648 287 310 1162 974 596 59 15 518 372 358 1076 1068 613 76 19 580 341 420 1389 1001 269 77
0 0 13 243 1929 913 998 0 0 0 8 239 1899 946 1004 0 0 0 62 244 2149 1213 428 0
0 0 91 404 1642 1019 926 14 0 0 68 387 1586 1091 945 19 0 0 164 429 1892 1095 516 0
0 0 30 614 941 1695 815 1 0 0 19 604 831 1804 836 2 0 0 99 621 1643 1288 445 0
0 0 59 130 1912 1230 765 0 0 0 62 117 1831 1304 782 0 0 0 94 152 2271 1404 175 0
16 580 441 418 1250 676 681 34 9 562 428 385 1225 738 667 82 18 583 433 464 1245 981 278 94
266 1729 844 491 282 427 54 3 120 1757 645 707 303 445 113 6 136 1750 623 699 302 376 208 2
1307 923 479 470 324 571 22 0 662 1429 477 473 294 593 168 0 799 1273 461 449 314 421 379 0
0 0 186 507 2213 903 287 0 0 0 153 455 2239 957 292 0 0 0 182 525 2245 1016 128 0
3390 241 109 88 103 113 52 0 3176 449 122 83 111 110 45 0 3445 211 120 89 119 94 18 0
1422 1416 543 202 124 246 141 2 1054 1353 917 229 155 229 159 0 1851 1105 511 147 127 281 74 0
566 984 1001 588 422 272 240 23 153 1071 1129 686 480 296 258 23 707 1087 839 577 388 301 175 22
291 1122 1332 745 368 205 26 7 170 873 1400 900 481 223 41 8 301 931 1335 781 505 205 31 7
46 116 791 1949 913 254 21 6 25 91 383 1940 1286 326 39 6 44 86 323 1827 1393 353 64 6
1 28 190 1116 1939 703 100 19 0 15 140 692 2296 767 168 18 0 12 127 691 2398 665 182 21
1 34 140 539 1801 1156 420 5 0 26 129 381 1842 1232 478 8 0 17 137 389 2013 1136 396 8
0 44 488 966 1358 1016 224 0 0 14 379 849 1468 1108 277 1 0 15 299 864 1694 995 228 1
8 231 834 477 1189 1104 250 3 0 96 851 545 1082 1223 294 5 0 94 827 593 1244 1111 223 4
1 90 602 970 835 755 622 221 0 53 437 1119 803 825 616 243 0 42 393 1155 948 716 564 278
0 0 88 203 904 1943 920 38 0 0 90 204 872 1984 904 42 0 0 102 224 1485 1654 590 41
366 1273 402 386 547 631 456 35 117 1336 504 332 594 653 496 64 101 1353 499 317 648 658 440 80
0 0 0 0 1084 1917 1092 3 0 0 0 0 997 2002 1097 0 0 0 0 0 1784 1593 719 0
0 0 0 0 1187 1624 1285 0 0 0 0 0 1139 1671 1286 0 0 0 0 32 1869 1434 761 0
0 0 0 47 1399 1459 1191 0 0 0 0 39 1343 1507 1207 0 0 0 0 177 1949 1321 649 0
8 1768 731 129 382 426 619 33 0 1648 834 141 376 392 669 36 0 1512 961 149 426 351 660 37
43 880 386 193 591 1032 859 112 0 793 492 210 601 960 882 158 0 548 725 240 1047 789 582 165
0 0 12 213 1764 1123 984 0 0 0 5 213 1725 1152 1001 0 0 0 44 230 2130 1384 308 0
0 34 617 290 1487 806 671 191 0 30 587 329 1410 885 662 193 0 28 631 339 1554 1041 305 198
0 62 649 854 627 686 842 376 0 39 651 894 573 718 820 401 0 32 642 895 654 721 640 512
5 13 148 650 1344 1247 617 72 0 16 144 630 1290 1297 638 81 0 22 180 629 1626 1344 191 104
20 469 338 548 1439 678 587 17 17 411 382 502 1371 753 625 35 8 427 437 433 1424 1025 298 44
218 1494 782 463 310 528 300 1 124 1385 918 427 293 519 402 28 69 1359 962 387 294 444 523 58
543 1092 704 380 403 565 392 17 199 1222 813 363 331 546 568 54 188 1154 844 355 316 521 613 105
0 1 156 539 2069 1024 307 0 0 1 129 456 2043 1109 358 0 0 1 114 464 1968 1319 230 0
2710 512 761 62 19 20 12 0 2342 710 408 581 27 17 11 0 2896 1082 55 26 13 24 0 0
1953 1182 616 243 66 27 9 0 1422 1502 489 536 81 54 12 0 2149 1321 407 116 58 37 8 0
521 530 734 1018 993 223 71 6 251 584 593 1047 1031 507 71 12 445 655 516 871 1015 518 72 4
2 88 730 1335 1091 703 132 15 1 34 499 1122 1354 900 169 17 1 33 507 986 1468 936 148 17
0 61 377 1558 1167 826 87 20 0 29 248 1111 1521 1027 137 23 0 20 241 1079 1526 1044 162 24
1 160 337 914 2136 483 63 2 0 57 373 657 2327 617 63 2 1 62 360 661 2370 591 50 1
0 85 411 1821 1236 365 151 27 0 35 290 1513 1617 425 174 42 0 22 239 1197 1908 491 188 51
0 44 183 737 2178 715 208 31 0 21 159 432 2287 898 260 39 0 11 160 382 2303 907 272 61
0 33 121 673 1672 1098 448 51 0 9 111 498 1683 1220 490 85 0 10 101 496 1706 1184 479 120
0 15 133 1166 1417 875 459 31 0 11 109 1070 1415 904 518 69 0 8 182 1052 1408 870 483 93
0 0 59 484 1239 1556 718 40 0 0 56 434 1320 1486 757 43 0 1 67 472 1500 1330 677 49
0 10 154 809 957 1500 619 47 0 0 101 785 959 1526 658 67 0 3 153 798 1160 1400 510 72
0 0 0 94 913 2000 1054 35 0 0 0 72 877 2027 1080 40 0 0 0 96 1399 1758 811 32
0 0 0 282 1046 1697 1033 38 0 0 0 253 1132 1625 1046 40 0 0 2 296 1630 1358 772 38
0 0 18 315 1174 1681 873 35 0 0 8 257 1147 1734 908 42 0 0 12 293 1596 1510 642 43
0 547 329 1239 551 740 681 9 0 514 303 1253 570 703 739 14 0 416 439 1278 736 647 561 19
13 362 120 797 788 1198 731 87 0 351 127 729 851 1194 725 119 0 270 228 768 1300 985 414 131
0 0 3 331 1120 1623 1000 19 0 0 2 310 1165 1587 998 34 0 0 13 340 1881 1382 437 43
0 11 876 1020 1159 601 399 30 0 6 691 1251 1128 660 327 33 0 13 843 1140 1301 649 116 34
0 44 1782 1544 325 162 206 33 0 32 1413 1719 507 172 222 31 0 31 1449 1519 632 202 203 60
0 1 125 860 1203 1348 529 30 0 0 89 814 1125 1476 541 51 0 0 92 818 1343 1424 363 56
30 323 211 771 1282 1035 430 14 14 335 175 781 1269 1008 498 16 7 289 252 821 1403 1035 271 18
576 1467 529 822 398 263 41 0 333 1634 481 859 431 291 67 0 194 1687 497 891 437 294 96 0
986 935 512 628 423 484 126 2 646 1190 462 653 428 453 256 8 432 1331 481 681 410 428 298 35
0 0 32 345 2010 1260 440 9 0 0 41 280 1944 1334 486 11 0 0 19 316 1989 1430 323 19
0 17 2771 1240 67 1 0 0 0 0 155 3584 355 2 0 0 28 3357 703 8 0 0 0 0
306 1360 1484 819 119 7 1 0 48 1090 929 1498 510 20 1 0 744 2328 915 96 8 4 1 0
89 596 1390 1087 399 198 193 144 0 273 664 1756 828 234 189 152 299 1284 1286 330 373 192 187 145
0 104 250 713 904 874 986 265 39 126 97 671 953 968 982 260 74 243 476 400 714 1027 949 213
0 1 38 495 1244 1478 761 79 0 2 15 345 1229 1631 790 84 0 3 19 328 1260 1645 776 65
3 73 441 759 921 1045 771 83 0 43 427 777 938 1059 773 79 0 37 438 846 915 1092 692 76
0 7 154 996 1468 954 483 34 0 1 76 628 1815 1072 477 27 0 3 67 588 1835 1155 423 25
0 7 173 943 1255 1254 433 31 0 1 81 689 1508 1361 432 24 0 0 81 652 1601 1323 422 17
0 52 231 1008 1177 1080 512 36 0 21 183 719 1435 1183 516 39 0 21 160 655 1588 1179 455 38
0 60 369 1148 1329 785 359 46 0 23 286 1092 1436 842 364 53 0 15 298 1036 1484 844 360 59
0 36 270 804 1587 1175 217 7 0 5 231 613 1716 1250 273 8 0 2 233 652 1814 1136 255 4
0 42 287 810 960 1449 507 41 0 14 227 627 1140 1492 541 55 0 9 229 578 1272 1501 439 68
0 19 175 773 1354 1352 410 13 0 1 155 694 1338 1450 440 18 0 2 161 687 1501 1350 370 25
0 36 279 433 1014 1708 577 49 0 10 244 412 1182 1594 588 66 0 10 221 428 1485 1425 451 76
0 19 116 367 1303 1781 495 15 0 1 89 267 1258 1902 549 30 0 2 82 251 1428 1801 495 37
0 0 0 128 995 2083 863 27 0 0 0 91 946 2118 899 42 0 0 0 97 1192 2077 685 45
0 0 1 321 1174 1923 670 7 0 0 0 239 1147 1981 716 13 0 0 0 274 1509 1795 504 14
0 0 0 172 969 2145 794 16 0 0 0 151 1004 2129 793 19 0 0 0 170 1526 1911 471 18
0 13 348 1548 1031 868 265 23 0 19 373 1512 985 870 305 32 0 41 523 1425 1032 765 267 43
0 10 424 2708 645 260 45 4 0 0 251 2684 800 255 96 10 0 1 266 2620 851 226 122 10
0 0 72 630 1350 1621 421 2 0 0 38 566 1295 1724 467 6 0 0 23 583 1613 1515 351 11
0 1 65 765 1548 1292 424 1 0 0 69 781 1584 1251 406 5 0 0 109 1002 1644 1133 202 6
0 1 74 933 1376 1310 401 1 0 0 45 884 1346 1394 424 3 0 0 33 927 1515 1385 232 4
0 7 185 1034 1345 1253 271 1 0 4 107 998 1313 1355 316 3 0 0 99 1011 1496 1253 227 10
0 4 111 483 2029 1063 395 11 0 12 129 517 1948 1102 373 15 0 18 128 526 2021 1214 170 19
9 1113 2034 780 156 4 0 0 1 218 1610 2009 249 8 1 0 373 3054 600 67 2 0 0 0
283 1319 1666 671 147 10 0 0 85 989 1191 1584 240 7 0 0 679 2477 728 197 15 0 0 0
126 2180 1481 280 26 3 0 0 0 803 1910 1193 172 18 0 0 794 2890 369 33 10 0 0 0
185 1606 1501 656 132 16 0 0 0 593 1554 1514 411 18 6 0 432 2637 887 124 16 0 0 0
452 1956 580 368 361 205 107 67 84 1766 1039 523 321 206 107 50 727 2067 441 294 242 193 117 15
70 1060 1109 701 570 397 150 39 26 905 1173 845 599 381 128 39 157 1350 858 664 587 327 127 26
3 40 152 547 1368 1053 678 255 5 30 133 506 1323 1201 676 222 11 46 146 525 1405 1151 652 160
0 12 160 726 1254 780 810 354 0 7 143 526 1437 884 779 320 0 11 163 536 1452 931 755 248
0 1 58 467 615 668 1599 688 0 0 37 239 839 792 1599 590 0 0 38 217 822 1017 1551 451
1 10 112 642 583 841 1312 595 1 7 83 403 868 902 1396 436 1 11 101 433 912 1006 1387 245
0 0 22 168 666 926 1828 486 0 0 11 104 708 1165 1806 302 0 0 13 120 765 1537 1555 106
0 40 203 1065 1208 785 631 164 0 36 142 618 1686 858 631 125 0 32 145 611 1748 945 561 54
0 3 58 366 815 1097 1386 371 0 1 53 362 829 1263 1343 245 0 3 70 418 915 1397 1209 84
0 11 205 1327 1335 662 431 125 0 8 133 1006 1684 715 458 92 0 6 159 942 1806 710 424 49
1 14 167 728 1501 1223 412 50 1 10 122 626 1577 1299 434 27 0 10 128 681 1744 1215 312 6
0 155 940 1520 833 430 192 26 0 111 732 1545 985 475 214 34 0 96 676 1509 1037 506 230 42
0 50 356 738 1434 1164 331 23 0 8 305 644 1516 1238 360 25 0 6 284 643 1591 1239 295 38
0 13 256 707 1551 1226 337 6 0 0 200 635 1585 1281 383 12 0 4 182 632 1752 1187 317 22
0 8 427 1680 1276 636 69 0 0 3 417 1554 1327 723 72 0 0 8 477 1555 1322 662 72 0
0 4 641 2274 896 220 53 8 0 2 404 2164 1189 251 76 10 0 1 414 2141 1218 226 80 16
0 0 6 516 1253 1858 463 0 0 0 3 409 1259 1957 468 0 0 0 6 471 1464 1884 271 0
0 0 1 205 1223 2203 461 3 0 0 5 234 1421 2025 411 0 0 1 53 445 1670 1686 241 0
0 0 0 206 1319 1899 672 0 0 0 0 178 1211 2030 677 0 0 0 0 210 1590 1949 347 0
0 0 10 631 1429 1741 285 0 0 0 5 540 1398 1844 309 0 0 0 4 528 1700 1669 195 0
0 0 65 398 1929 1278 426 0 0 8 95 413 1827 1311 442 0 0 27 97 475 1952 1356 189 0
0 18 1348 2645 84 1 0 0 0 0 191 3420 482 3 0 0 40 2150 1863 42 1 0 0 0
1 42 1420 2425 207 1 0 0 0 2 255 3191 638 10 0 0 72 2223 1733 68 0 0 0 0
0 268 2710 1081 37 0 0 0 0 0 519 3374 194 9 0 0 298 3313 468 17 0 0 0 0
0 357 3303 421 15 0 0 0 0 0 476 3327 283 10 0 0 540 3284 262 10 0 0 0 0
16 148 1553 1787 534 57 1 0 2 41 186 1978 1618 257 14 0 233 1968 1484 361 48 2 0 0
2 81 1110 2170 599 122 12 0 0 7 263 1684 1813 287 42 0 65 1292 2230 420 86 3 0 0
1 296 970 1938 564 101 74 152 19 261 307 1647 1456 190 79 137 89 1103 1998 543 108 54 81 120
6 313 554 1160 875 456 535 197 17 292 350 1079 1127 504 553 174 82 600 1016 681 626 425 572 94
0 166 202 485 844 817 1171 411 9 214 163 464 791 873 1239 343 17 251 183 428 777 964 1225 251
88 232 467 937 935 622 517 298 69 244 456 765 1088 658 565 251 71 246 489 771 1095 688 595 141
7 79 308 549 1002 575 1097 479 5 74 308 566 922 742 1151 328 5 81 333 570 901 935 1138 133
6 109 257 658 1689 535 619 223 4 111 277 446 1845 634 640 139 3 125 294 430 1753 831 590 70
16 216 390 350 253 546 1655 670 11 222 405 331 272 698 1734 423 10 218 404 344 311 1009 1639 161
7 66 180 1204 1359 464 505 311 3 60 148 732 1801 549 564 239 3 53 180 719 1762 677 574 128
0 0 25 73 137 772 2266 823 0 0 28 78 176 996 2380 438 0 2 31 85 240 1492 2059 187
0 22 298 627 500 646 1608 395 0 18 235 588 612 925 1593 125 0 20 244 563 699 1355 1179 36
0 0 97 750 1103 983 991 172 0 0 54 575 1268 1205 899 95 0 0 62 592 1328 1454 623 37
0 1 40 358 929 1544 1155 69 0 1 32 349 1025 1765 909 15 0 1 34 450 1192 1953 464 2
0 1 188 1175 1264 842 557 69 0 0 184 1112 1292 930 556 22 0 2 213 1194 1268 971 436 12
0 3 333 2079 1269 295 105 12 0 3 243 1829 1584 314 118 5 0 3 259 1878 1535 316 104 1
0 0 9 372 1569 1799 347 0 0 0 5 336 1563 1845 347 0 0 0 11 428 1758 1705 194 0
0 0 19 184 1690 1684 519 0 0 0 12 227 2042 1399 416 0 0 0 42 512 2120 1243 179 0
0 3 207 595 1642 1101 546 2 0 1 123 617 1650 1135 568 2 0 1 113 703 1718 1164 395 2
0 0 49 838 1357 1669 183 0 0 0 28 755 1392 1713 207 1 0 0 34 784 1472 1649 155 2
0 27 89 369 1871 1343 397 0 0 35 90 328 1892 1343 408 0 0 51 100 370 1966 1462 147 0
0 1 674 2057 1122 240 2 0 0 0 165 2977 931 23 0 0 10 1157 2287 631 11 0 0 0
0 14 876 2308 864 34 0 0 0 3 337 3095 632 28 1 0 46 1693 2068 270 19 0 0 0
0 27 1264 1669 1105 31 0 0 0 1 607 2904 575 9 0 0 98 1755 1795 443 5 0 0 0
0 9 1411 1997 624 49 6 0 0 4 270 3338 461 19 4 0 46 2422 1371 239 14 4 0 0
0 16 1347 2409 295 22 7 0 0 2 192 2872 958 60 12 0 166 2658 1137 115 14 6 0 0
1 215 2210 1426 212 32 0 0 0 2 444 2543 978 118 11 0 426 2609 914 125 22 0 0 0
3 231 1798 1632 385 45 2 0 0 4 291 2012 1506 260 22 1 166 1683 1772 412 57 5 1 0
19 313 1705 1649 369 41 0 0 1 28 391 1963 1407 279 27 0 185 1407 1954 477 69 4 0 0
3 259 1077 1890 682 128 21 36 0 222 551 1576 1348 310 61 28 94 1029 2030 723 147 24 23 26
7 394 516 1162 1069 405 308 235 12 476 376 1212 1048 426 327 219 90 829 1163 789 391 300 307 227
0 371 306 539 808 730 960 382 0 534 234 690 586 773 944 335 1 560 415 556 540 817 967 240
1 24 255 674 1132 869 816 325 0 16 269 656 1040 1015 898 202 1 32 306 657 1015 1093 894 98
181 1014 854 507 413 396 535 196 144 983 902 505 422 432 565 143 139 975 937 512 422 503 546 62
145 694 723 1013 1045 439 28 9 114 647 664 756 1267 589 52 7 94 568 693 737 1163 737 101 3
6 153 444 591 442 731 1476 253 0 117 455 585 466 908 1479 86 0 92 429 609 512 1270 1153 31
0 0 81 289 430 663 2198 435 0 0 65 210 507 964 2199 151 0 0 70 209 529 1524 1739 25
0 0 8 504 1060 839 1504 181 0 0 6 249 1192 1091 1443 115 0 0 9 257 1145 1426 1220 39
0 0 0 1 97 851 2965 182 0 0 0 4 122 1140 2774 56 0 0 0 7 162 1730 2175 22
0 0 0 3 88 676 2893 436 0 0 0 4 114 936 2818 224 0 0 0 5 148 1361 2425 157
0 0 18 840 1067 492 1133 546 0 0 27 568 1344 594 1181 382 0 0 29 507 1420 743 1077 320
0 0 25 206 789 774 1373 929 0 0 33 213 840 809 1585 616 0 0 35 243 871 881 1502 564
0 13 57 225 638 629 1207 1327 0 8 60 277 695 637 1492 927 0 9 79 395 728 634 1488 763
0 18 98 314 743 1118 1165 640 0 13 93 356 751 1169 1233 481 0 18 124 431 904 1140 1208 271
1 26 123 757 1384 1104 593 108 0 19 144 749 1349 1146 605 84 0 16 152 868 1415 1030 552 63
0 22 121 676 1794 1109 355 19 1 30 122 695 1863 1048 322 15 3 57 126 802 1853 1117 127 11
0 0 721 2525 758 89 3 0 0 0 215 3257 599 23 2 0 38 1311 2122 611 14 0 0 0
0 1 586 1845 1359 295 10 0 0 1 367 2681 982 61 4 0 113 1239 2171 548 25 0 0 0
0 5 165 1888 1849 185 4 0 0 8 201 2623 1204 56 4 0 13 795 2474 780 33 1 0 0
0 0 224 2017 1619 235 1 0 0 0 142 2780 1147 27 0 0 3 907 2517 648 21 0 0 0
0 9 673 2307 1028 79 0 0 0 5 225 2823 990 53 0 0 66 2025 1762 231 12 0 0 0
0 42 1311 2002 643 98 0 0 0 4 418 2691 932 50 1 0 200 2239 1455 197 5 0 0 0
3 325 2634 997 126 11 0 0 0 14 597 2892 530 57 6 0 500 2891 616 76 13 0 0 0
14 520 2261 1149 134 18 0 0 0 28 622 2398 931 106 11 0 344 2538 1031 155 27 1 0 0
12 351 1877 1507 297 50 2 0 1 17 487 2075 1260 234 21 1 243 1933 1535 321 58 6 0 0
10 193 1246 1957 598 91 1 0 0 38 439 1962 1367 263 27 0 125 1147 2064 633 119 8 0 0
2 162 719 1854 1233 118 8 0 1 188 432 2046 1199 203 24 3 75 798 2215 896 98 13 1 0
1 604 610 1345 908 325 194 109 18 766 409 1390 945 301 209 58 90 1073 1410 843 294 187 172 27
26 672 576 677 674 590 611 270 23 793 458 782 690 503 622 225 54 912 719 623 535 441 638 174
38 283 529 545 795 889 363 654 24 285 449 568 740 973 408 649 21 279 408 608 727 990 440 623
0 63 237 417 548 907 1547 377 0 43 207 434 509 978 1624 301 0 39 181 443 488 1105 1595 245
0 0 51 367 340 507 1909 922 0 0 30 350 353 585 2028 750 0 0 34 331 363 698 1900 770
0 0 21 416 905 598 1177 979 0 0 3 192 824 904 1260 913 0 0 2 161 761 991 1262 919
0 0 0 0 37 221 1676 2162 0 0 0 0 43 244 1898 1911 0 0 0 0 25 260 1819 1992
0 0 0 0 60 140 1628 2268 0 0 0 0 66 157 1853 2020 0 0 0 0 33 167 1724 2172
0 0 2 607 1177 312 930 1068 0 0 0 261 1458 386 1007 984 0 0 0 181 1370 519 970 1056
7 279 186 164 693 532 1224 1011 0 39 230 382 738 509 1344 854 0 28 167 207 811 637 1387 859
0 850 30 38 97 343 1574 1164 0 0 0 400 614 388 1854 840 0 0 0 0 80 1012 2121 883
59 459 28 33 43 333 2258 883 0 0 51 430 122 458 2662 373 0 0 0 13 117 961 2628 377
0 0 30 103 122 651 2614 576 0 0 54 96 121 819 2737 269 0 0 17 116 161 1004 2580 218
0 28 74 162 110 744 2352 626 0 31 75 165 117 934 2362 412 1 26 63 158 155 1226 2154 313
0 106 1802 1993 189 6 0 0 0 21 988 2637 395 55 0 0 113 1619 1962 386 16 0 0 0
0 29 1022 2145 703 164 33 0 0 17 582 2575 772 118 32 0 155 1636 1646 494 134 31 0 0
0 11 309 1676 1954 145 1 0 0 9 232 2530 1252 70 3 0 37 652 2234 1103 70 0 0 0
0 51 703 2257 993 91 1 0 0 41 605 2395 956 98 1 0 142 1563 1876 462 50 3 0 0
0 104 1824 1773 343 46 6 0 0 13 574 2521 833 143 12 0 845 2407 699 124 20 1 0 0
0 82 1664 2056 289 5 0 0 0 6 417 2803 813 56 1 0 562 2761 717 55 1 0 0 0
0 37 1003 2527 484 45 0 0 0 2 326 2809 870 85 4 0 171 2096 1659 161 9 0 0 0
1 85 1724 2048 224 14 0 0 0 7 421 2863 766 38 1 0 240 2500 1239 105 12 0 0 0
2 130 2137 1658 156 13 0 0 0 2 315 2787 904 86 2 0 260 2840 898 92 6 0 0 0
6 198 2070 1486 291 44 1 0 0 7 283 2425 1157 208 16 0 252 2341 1226 228 49 0 0 0
17 912 2101 869 178 19 0 0 0 30 1049 2056 795 157 9 0 493 2292 1048 233 30 0 0 0
23 788 2025 970 245 30 15 0 1 42 1076 1993 802 153 19 10 360 2171 1205 291 48 16 5 0
8 388 1826 1297 487 87 3 0 0 24 654 2235 966 199 18 0 129 1633 1700 523 105 6 0 0
3 350 1317 1471 652 155 46 102 0 372 564 1669 1093 244 67 87 43 1222 1669 759 226 47 38 92
1 216 871 1009 566 304 354 775 0 111 537 1091 833 381 414 729 13 582 1106 698 339 226 376 756
0 54 283 1000 846 500 603 810 0 35 211 1061 820 517 681 771 1 94 310 1057 680 440 699 815
0 0 87 550 792 1169 1032 466 0 0 43 484 758 1259 1073 479 0 0 39 440 722 1254 1110 531
0 0 2 152 212 439 1952 1339 0 0 0 128 207 458 2040 1263 0 0 3 119 212 437 2004 1321
0 0 0 0 6 124 1475 2491 0 0 0 0 8 150 1815 2123 0 0 0 0 13 150 1950 1983
0 4 35 525 1089 325 596 1522 0 5 26 382 1204 378 742 1359 0 5 29 349 1165 458 865 1225
734 1658 443 115 118 155 245 628 0 39 1454 1388 150 183 320 562 0 0 118 1018 1249 752 427 532
481 3464 86 56 9 0 0 0 0 0 46 3020 975 55 0 0 0 0 0 15 619 2607 854 1
856 2093 1074 67 6 0 0 0 0 0 128 2436 1468 64 0 0 0 0 0 11 439 3465 180 1
120 134 499 89 99 420 1927 808 0 6 122 511 228 454 2024 751 0 0 8 57 490 642 1903 996
1 6 20 30 250 850 2391 548 0 4 8 36 247 889 2451 461 2 15 23 68 244 678 2236 830
1 130 1620 1584 445 176 111 29 0 32 899 2067 706 235 133 24 187 1147 1719 691 189 124 39 0
2 168 1652 1882 338 53 1 0 0 46 789 2362 777 118 4 0 238 2102 1447 263 43 3 0 0
0 58 947 2360 672 57 2 0 0 4 376 2444 1179 90 3 0 165 1706 1726 456 42 1 0 0
5 151 918 1925 984 105 8 0 0 21 408 2150 1319 176 22 0 303 1372 1769 568 73 9 2 0
5 128 1021 1948 901 93 0 0 2 68 703 2337 856 127 3 0 229 1377 1873 564 53 0 0 0
4 124 1883 1815 244 26 0 0 0 32 578 2665 718 99 4 0 527 2683 736 133 16 1 0 0
0 70 1452 2137 380 55 2 0 0 17 394 2492 1059 125 9 0 546 2543 878 110 19 0 0 0
0 49 811 2342 841 53 0 0 0 10 279 2617 1120 70 0 0 150 1693 1875 368 10 0 0 0
1 61 1011 2300 687 35 1 0 0 16 387 2714 900 76 3 0 184 1712 1880 305 15 0 0 0
0 88 1532 1993 425 58 0 0 0 11 367 2396 1150 157 15 0 273 2314 1256 228 25 0 0 0
33 631 2316 917 165 33 1 0 0 78 1009 2243 630 120 16 0 809 2482 653 118 27 7 0 0
40 714 2452 709 165 16 0 0 1 75 1028 2394 490 99 9 0 649 2674 618 137 17 1 0 0
29 994 2297 634 132 10 0 0 0 51 1207 2197 523 115 3 0 629 2600 705 141 21 0 0 0
60 951 2083 762 200 37 3 0 1 111 1096 2046 644 171 27 0 557 2141 1053 256 77 12 0 0
51 880 1928 934 255 46 2 0 0 83 1141 1892 762 202 16 0 352 1899 1359 390 88 8 0 0
50 705 1317 1051 704 232 37 0 2 221 989 1402 1084 338 57 3 276 1449 1361 778 190 42 0 0
50 606 920 1029 654 317 168 352 10 359 788 1114 895 408 172 350 249 980 1074 743 391 194 131 334
36 395 1050 1086 619 420 331 159 5 147 734 1207 861 539 419 184 149 703 1010 847 547 349 346 145
0 26 246 500 557 710 998 1059 0 3 124 504 555 759 1054 1097 7 76 212 485 492 675 1006 1143
0 101 756 647 1121 659 456 356 0 53 585 805 1071 712 520 350 0 40 442 910 1125 664 535 380
939 1374 762 170 137 146 277 291 0 10 1242 1988 138 149 281 288 0 0 117 1240 1976 173 266 324
241 2381 330 185 230 420 286 23 0 0 21 2617 637 430 356 35 0 0 0 43 904 2587 469 93
0 2660 1436 0 0 0 0 0 0 0 0 687 3409 0 0 0 0 0 0 0 0 4087 9 0
0 143 881 403 1037 955 428 249 0 4 110 1676 1331 382 416 177 5 40 396 1167 975 929 318 266
28 257 513 973 1023 1143 154 5 3 113 524 1082 1723 532 113 6 175 593 1138 1583 466 108 22 11
