4 373 610 443 430 421 477 1338 0 10 435 550 469 479 553 1600 5 190 507 438 425 410 503 1618
9 734 1293 643 373 318 368 358 0 50 878 1243 688 367 387 483 103 906 1057 546 358 287 358 481
8 882 1187 636 379 302 364 338 0 128 1049 1056 707 359 382 415 80 1220 944 486 338 299 349 380
10 1034 1258 672 317 283 255 267 2 460 1290 932 496 339 290 287 102 1460 1061 448 249 250 253 273
5 1113 1299 464 302 299 231 383 0 406 1563 722 382 370 245 408 136 1570 967 311 278 222 214 398
1 795 1309 592 408 366 313 312 0 268 1334 922 510 414 288 360 87 1398 909 409 368 332 278 315
2 504 1363 658 252 236 267 814 3 334 926 956 429 267 283 898 135 1368 842 246 219 190 223 873
0 769 1762 464 271 285 267 278 21 1131 1406 453 264 273 262 286 31 1631 1066 319 263 275 241 270
6 943 1227 696 339 272 285 328 0 169 1089 1106 694 337 298 403 174 1406 937 448 292 276 268 295
14 1226 1404 388 210 250 303 301 0 391 1607 829 314 272 332 351 243 1977 688 204 215 235 259 275
82 1836 883 306 243 226 247 273 10 774 1513 686 305 248 270 290 1040 1487 400 237 225 219 239 249
57 1636 1043 338 259 237 261 265 6 653 1623 672 355 250 260 277 793 1627 463 250 242 237 233 251
168 2296 475 211 213 247 230 256 43 1716 1117 232 230 251 251 256 978 1727 272 202 214 240 215 248
85 2258 477 248 258 239 274 257 12 1388 1255 308 313 288 274 258 1019 1613 278 219 230 242 241 254
50 2076 636 312 253 225 253 291 1 931 1419 525 351 261 291 317 915 1679 317 243 219 217 220 286
9 1329 1336 387 269 250 226 290 10 1090 1496 443 264 260 234 299 314 1652 929 241 257 216 222 265
206 1704 844 308 239 261 251 283 12 1693 939 368 244 268 285 287 631 1687 516 272 230 264 227 269
140 2199 470 239 251 286 247 264 5 1640 1025 323 252 328 257 266 674 1854 328 235 258 268 216 263
259 2093 490 259 236 253 238 268 1 1290 1330 365 267 249 302 292 897 1607 378 273 214 237 223 267
58 1296 1089 503 311 269 276 294 0 210 1306 1099 450 347 312 372 249 1517 838 390 285 255 264 298
163 1892 675 307 287 264 243 265 3 880 1427 584 322 289 303 288 810 1662 379 243 262 247 234 259
34 1494 998 467 264 298 276 265 0 496 1514 726 398 329 328 305 463 1903 462 286 223 272 228 259
28 928 1449 529 308 262 309 283 0 111 1268 1219 466 361 375 296 506 1531 713 330 241 236 263 276
612 1671 498 248 210 259 306 292 91 1356 861 518 321 285 313 351 1416 1150 284 200 178 235 316 317
1 215 801 596 438 395 504 1146 0 2 179 725 691 504 467 1528 0 162 613 575 369 407 409 1561
8 480 1380 649 306 296 381 596 0 26 693 1196 621 351 304 905 5 366 1158 712 337 280 293 945
5 289 555 1466 785 231 179 586 2 25 445 1474 983 316 177 674 14 360 471 1562 606 235 163 685
141 415 277 581 758 545 322 1057 7 379 394 545 642 584 400 1145 5 344 425 629 560 503 433 1197
43 396 1100 164 76 433 51 1833 0 227 677 758 87 306 200 1841 0 315 536 635 255 234 275 1846
3 242 711 192 97 64 60 2727 0 95 465 506 141 82 66 2741 12 340 446 307 116 67 59 2749
0 75 914 665 200 55 28 2159 0 73 546 875 324 85 33 2160 80 798 677 144 154 53 30 2160
0 230 1382 718 507 52 43 1164 3 382 1257 558 600 89 42 1165 37 780 1286 234 470 83 39 1167
2 708 1387 578 188 78 52 1103 0 183 1157 1014 433 123 71 1115 127 1585 760 201 163 86 61 1113
112 1235 1420 526 115 22 17 649 4 177 1074 1285 714 162 25 655 809 1841 630 116 23 15 21 641
90 2296 1224 293 43 14 14 122 16 1084 1947 760 127 28 13 121 1065 2241 560 69 20 11 12 118
409 3299 332 43 11 0 2 0 174 3072 693 122 27 6 1 1 1910 2032 113 30 7 2 1 1
269 3284 416 89 19 8 4 7 90 2844 975 138 29 7 5 8 1724 2144 151 38 17 8 5 9
553 3374 153 16 0 0 0 0 237 3476 365 18 0 0 0 0 2176 1851 68 1 0 0 0 0
261 3521 230 47 19 9 5 4 44 3254 659 79 34 15 6 5 1715 2155 138 42 28 7 7 4
39 1948 1665 406 35 3 0 0 5 1678 1960 415 31 7 0 0 606 2258 970 239 18 5 0 0
375 2873 760 87 1 0 0 0 51 2906 1064 74 1 0 0 0 1415 2243 418 20 0 0 0 0
393 2681 851 117 20 11 11 12 59 2531 1208 218 41 13 11 15 1198 2269 497 73 25 11 11 12
443 2839 670 125 10 5 4 0 18 2124 1612 297 32 6 4 3 1135 2365 477 102 7 5 3 2
278 3294 478 41 4 1 0 0 0 1602 2280 192 19 2 1 0 928 2887 248 24 8 1 0 0
166 2994 848 71 9 4 4 0 6 1103 2444 488 41 10 3 1 1470 2430 160 15 8 9 2 2
179 3122 577 91 56 22 22 27 4 1950 1742 257 49 34 23 37 1418 2275 221 61 29 31 20 41
105 1990 1551 369 68 9 4 0 23 1052 2168 699 117 31 5 1 708 2370 803 174 27 8 5 1
101 2985 903 100 7 0 0 0 0 812 2438 707 129 10 0 0 1585 2201 288 21 1 0 0 0
3 189 665 599 492 524 616 1008 0 4 148 613 682 588 619 1442 3 152 498 550 468 477 541 1407
22 761 1448 1437 258 60 59 51 11 74 1272 2123 366 90 62 98 29 832 1817 1037 152 69 63 97
332 1539 619 1053 472 46 30 5 58 390 1120 1913 509 48 43 15 112 383 1331 1778 379 55 43 15
6 955 366 424 390 403 1096 456 0 44 820 749 346 413 868 856 0 43 986 588 326 407 646 1100
69 1603 2410 14 0 0 0 0 0 215 801 2724 356 0 0 0 0 170 881 2238 807 0 0 0
275 1571 1987 82 21 16 8 136 7 624 1473 1722 108 14 9 139 4 562 981 2088 296 16 9 140
155 531 969 284 530 505 397 725 26 404 999 431 483 451 496 806 10 399 583 864 415 383 531 911
1687 389 86 787 493 61 216 377 124 1520 399 420 955 55 106 517 176 1553 337 561 778 70 84 537
2260 283 45 585 864 17 6 36 337 1893 282 383 1104 50 9 38 404 1868 269 515 955 39 8 38
1868 193 43 625 870 40 23 434 477 1388 220 327 1146 76 23 439 622 1278 188 547 947 54 23 437
1411 158 61 612 842 47 31 934 504 931 172 348 1095 74 30 942 558 899 154 507 939 65 35 939
976 345 208 654 773 59 33 1048 521 756 231 364 1060 79 37 1048 632 745 138 592 843 64 38 1044
516 621 334 798 716 63 39 1009 424 667 379 491 1003 82 44 1006 495 767 267 750 706 66 40 1005
116 1175 380 745 604 47 40 989 75 1032 500 551 844 65 39 990 331 1174 172 803 530 58 44 984
161 1712 176 458 458 50 32 1049 27 1713 317 338 554 63 33 1051 698 1310 55 471 428 53 35 1046
136 1189 837 479 301 39 49 1066 21 1235 968 389 320 48 51 1064 543 1100 720 293 283 43 52 1062
178 1958 852 147 40 15 21 885 46 1955 984 150 37 24 21 879 789 1733 511 103 39 21 21 879
209 2149 894 276 93 50 43 382 28 1656 1431 387 99 66 42 387 931 1740 670 195 66 61 44 389
202 2246 1151 317 124 38 8 10 7 1158 2201 488 175 46 7 14 721 2303 696 240 92 26 4 14
200 2484 1220 170 22 0 0 0 18 1208 2122 634 103 11 0 0 611 2808 609 64 4 0 0 0
153 3468 402 29 11 15 6 12 9 2489 1453 90 16 14 8 17 1214 2649 144 38 15 10 9 17
284 3212 495 87 16 2 0 0 11 2373 1525 154 28 4 1 0 1817 1988 213 61 13 3 1 0
394 2038 1360 289 15 0 0 0 270 2056 1480 271 19 0 0 0 1251 1849 849 145 2 0 0 0
531 2708 803 54 0 0 0 0 76 2631 1275 105 9 0 0 0 1571 2136 381 8 0 0 0 0
4 344 1152 735 470 439 453 499 0 6 586 969 667 562 547 759 34 543 965 678 437 388 414 637
463 1687 688 1091 148 15 4 0 87 458 1499 1844 180 19 9 0 103 547 1818 1499 109 13 7 0
16 2036 1602 111 96 177 58 0 4 89 1082 2355 296 118 147 5 0 104 1218 2101 382 91 180 20
107 1582 841 248 310 411 237 360 62 885 825 891 324 300 375 434 36 900 937 728 327 276 402 490
60 2257 1044 128 137 326 144 0 301 1608 564 885 231 174 325 8 151 1809 555 756 291 128 309 97
271 2559 417 162 136 209 320 22 738 2046 380 230 140 129 306 127 311 2447 372 238 132 120 216 260
49 1787 447 51 17 64 81 1600 333 1679 274 44 12 69 66 1619 170 1799 306 53 13 50 59 1646
2378 498 10 46 12 5 66 1081 3 1846 872 172 44 7 20 1132 38 2221 536 98 45 6 21 1131
3660 431 5 0 0 0 0 0 13 3341 592 150 0 0 0 0 87 3475 496 38 0 0 0 0
3720 376 0 0 0 0 0 0 9 3373 661 53 0 0 0 0 90 3503 494 9 0 0 0 0
3673 423 0 0 0 0 0 0 7 3333 683 73 0 0 0 0 87 3486 503 20 0 0 0 0
3704 388 4 0 0 0 0 0 1 3423 490 182 0 0 0 0 73 3535 382 106 0 0 0 0
3683 409 4 0 0 0 0 0 152 3341 394 209 0 0 0 0 258 3362 373 103 0 0 0 0
3462 591 24 18 1 0 0 0 481 2791 603 218 3 0 0 0 636 2804 541 109 6 0 0 0
3190 456 68 321 61 0 0 0 467 2560 551 351 167 0 0 0 594 2598 473 306 125 0 0 0
2840 311 61 676 206 2 0 0 539 2229 335 626 365 2 0 0 626 2235 276 793 164 2 0 0
2187 432 76 757 410 31 23 180 508 1630 458 675 579 36 25 185 552 1694 389 861 357 34 27 182
1102 294 105 766 509 67 104 1149 252 877 328 602 687 81 80 1189 349 863 288 846 419 71 88 1172
0 27 114 799 786 104 179 2087 0 3 117 510 1069 124 147 2126 6 84 75 896 678 102 163 2092
27 409 289 977 571 110 179 1534 3 256 392 704 909 112 159 1561 45 498 195 1041 509 106 174 1528
595 1199 387 844 177 41 35 818 493 717 885 811 284 56 33 817 764 1174 271 850 143 47 34 813
648 1631 233 817 88 35 32 612 147 1788 521 808 143 43 27 619 1127 1216 233 758 80 39 29 614
460 1024 739 1152 119 33 35 534 74 1401 878 968 161 41 32 541 749 1055 832 774 83 34 34 535
954 2460 109 103 25 26 34 385 187 2901 427 99 32 29 32 389 2041 1425 58 101 27 26 32 386
24 975 1107 457 339 269 335 590 0 315 944 880 599 338 366 654 147 1260 824 384 325 265 285 606
103 1993 403 159 150 205 322 761 124 1758 361 337 165 169 227 955 39 1863 362 305 162 145 237 983
198 3452 182 86 48 110 20 0 475 3169 184 77 43 53 89 6 166 3423 203 102 48 43 95 16
317 3503 160 82 26 5 3 0 681 3149 147 88 22 4 3 2 183 3579 180 91 52 4 4 3
159 3919 15 3 0 0 0 0 684 3401 9 2 0 0 0 0 257 3822 14 3 0 0 0 0
399 3422 147 65 50 12 1 0 767 3063 135 73 48 10 0 0 251 3525 158 75 53 31 3 0
59 2200 172 12 36 17 6 1594 257 2130 45 29 30 5 11 1589 64 2231 136 14 32 19 6 1594
2422 459 2 32 37 5 69 1070 1 1811 1002 70 48 22 12 1130 35 2200 642 8 50 19 11 1131
3728 368 0 0 0 0 0 0 4 3314 740 38 0 0 0 0 72 3498 524 2 0 0 0 0
3784 312 0 0 0 0 0 0 4 3318 718 56 0 0 0 0 87 3516 493 0 0 0 0 0
3739 357 0 0 0 0 0 0 2 3257 767 70 0 0 0 0 88 3473 528 7 0 0 0 0
3732 363 1 0 0 0 0 0 0 3281 673 142 0 0 0 0 27 3557 482 30 0 0 0 0
3734 361 1 0 0 0 0 0 0 3275 654 167 0 0 0 0 23 3570 462 41 0 0 0 0
3590 506 0 0 0 0 0 0 0 2983 894 219 0 0 0 0 31 3378 634 53 0 0 0 0
3526 568 2 0 0 0 0 0 0 2913 930 253 0 0 0 0 34 3319 689 54 0 0 0 0
3736 357 3 0 0 0 0 0 0 3118 784 194 0 0 0 0 8 3628 407 53 0 0 0 0
3431 663 2 0 0 0 0 0 1 2688 1174 233 0 0 0 0 4 3212 826 54 0 0 0 0
2210 512 219 98 60 44 108 845 7 1817 1018 175 56 54 89 880 34 2236 672 82 57 52 97 866
89 666 1379 334 170 146 275 1037 77 653 1362 345 181 129 212 1137 226 544 1368 319 173 153 243 1070
11 191 655 388 167 152 574 1958 0 183 581 419 197 139 412 2165 13 212 601 383 178 148 410 2151
3652 444 0 0 0 0 0 0 82 3139 869 6 0 0 0 0 161 3430 504 1 0 0 0 0
4001 90 5 0 0 0 0 0 522 3095 479 0 0 0 0 0 578 3286 231 1 0 0 0 0
3627 140 117 212 0 0 0 0 606 2789 444 257 0 0 0 0 740 2869 329 158 0 0 0 0
3153 107 244 539 7 7 11 28 558 2379 423 675 12 6 13 30 697 2426 453 466 7 7 10 30
56 1058 1036 449 269 311 267 650 0 524 743 903 541 391 279 715 206 1511 650 264 284 304 233 644
168 2417 71 69 72 56 136 1107 165 2367 90 62 68 74 86 1184 28 2476 119 63 70 74 84 1182
338 3509 149 73 24 2 1 0 617 3239 146 71 20 2 1 0 99 3714 152 90 31 8 2 0
266 3561 180 70 12 6 1 0 443 3388 177 73 8 5 1 1 81 3683 191 111 23 3 3 1
67 4004 22 3 0 0 0 0 349 3733 14 0 0 0 0 0 65 4010 19 2 0 0 0 0
281 3527 148 73 49 13 4 1 604 3209 143 66 55 14 4 1 192 3571 160 77 64 19 9 4
6 2230 212 48 0 26 37 1537 75 2288 111 22 0 33 31 1536 4 2234 217 41 0 30 32 1538
2481 367 31 2 21 39 23 1132 1 1849 981 48 2 32 31 1152 40 2238 579 23 1 33 30 1152
3823 273 0 0 0 0 0 0 5 3349 725 17 0 0 0 0 101 3529 466 0 0 0 0 0
3826 270 0 0 0 0 0 0 11 3300 758 27 0 0 0 0 112 3476 507 1 0 0 0 0
3855 241 0 0 0 0 0 0 1 3333 744 18 0 0 0 0 53 3546 497 0 0 0 0 0
3797 299 0 0 0 0 0 0 0 3237 792 67 0 0 0 0 21 3602 471 2 0 0 0 0
3835 261 0 0 0 0 0 0 1 3204 813 78 0 0 0 0 36 3585 473 2 0 0 0 0
3721 375 0 0 0 0 0 0 0 3048 942 106 0 0 0 0 44 3420 611 21 0 0 0 0
3608 487 1 0 0 0 0 0 0 2855 1109 132 0 0 0 0 21 3305 747 23 0 0 0 0
3766 330 0 0 0 0 0 0 0 3110 879 107 0 0 0 0 2 3637 438 19 0 0 0 0
3528 568 0 0 0 0 0 0 0 2704 1236 156 0 0 0 0 8 3194 886 8 0 0 0 0
2324 546 30 30 43 35 72 1016 33 1691 1084 113 34 22 51 1068 78 2239 546 64 29 18 63 1059
140 1730 197 188 147 164 302 1228 256 1601 195 143 168 137 240 1356 577 1306 185 134 157 176 257 1304
0 239 109 87 130 96 938 2497 0 201 108 86 90 162 237 3212 3 237 92 75 84 156 243 3206
3701 395 0 0 0 0 0 0 0 2833 1258 5 0 0 0 0 7 3396 693 0 0 0 0 0
3948 148 0 0 0 0 0 0 0 3352 742 2 0 0 0 0 4 3723 369 0 0 0 0 0
4039 57 0 0 0 0 0 0 0 3392 704 0 0 0 0 0 12 3703 381 0 0 0 0 0
4043 53 0 0 0 0 0 0 0 3220 876 0 0 0 0 0 7 3764 325 0 0 0 0 0
31 758 1313 481 256 340 256 661 2 181 690 1102 671 355 350 745 248 1445 691 305 229 309 230 639
115 1735 104 348 180 102 126 1386 94 1724 110 231 281 92 120 1444 11 1766 152 214 301 90 118 1444
115 2308 293 788 589 3 0 0 250 2219 240 551 815 21 0 0 63 2321 283 482 900 47 0 0
44 1994 211 625 981 212 23 6 174 1921 154 473 1030 319 20 5 66 1986 174 343 1086 417 19 5
20 1712 156 636 865 220 123 364 162 1627 102 621 875 283 97 329 71 1692 176 604 846 310 95 302
53 1166 175 843 966 86 90 717 205 1068 153 727 990 151 63 739 121 1113 194 638 969 260 78 723
7 544 140 502 576 105 98 2124 40 565 116 438 565 156 49 2167 42 522 159 361 539 251 88 2134
2433 383 8 52 4 1 62 1153 0 1918 882 29 51 0 29 1187 28 2287 500 23 42 0 46 1170
3873 223 0 0 0 0 0 0 12 3411 664 9 0 0 0 0 86 3560 450 0 0 0 0 0
3881 215 0 0 0 0 0 0 12 3336 730 18 0 0 0 0 161 3470 462 3 0 0 0 0
3900 196 0 0 0 0 0 0 2 3330 760 4 0 0 0 0 35 3631 430 0 0 0 0 0
3883 213 0 0 0 0 0 0 0 3250 804 42 0 0 0 0 52 3609 431 4 0 0 0 0
3841 255 0 0 0 0 0 0 2 3304 735 55 0 0 0 0 42 3620 434 0 0 0 0 0
3853 243 0 0 0 0 0 0 0 3151 876 69 0 0 0 0 30 3597 467 2 0 0 0 0
3748 348 0 0 0 0 0 0 0 2941 1112 43 0 0 0 0 17 3357 722 0 0 0 0 0
3886 210 0 0 0 0 0 0 0 3384 680 32 0 0 0 0 7 3670 418 1 0 0 0 0
3753 343 0 0 0 0 0 0 0 2891 1146 59 0 0 0 0 7 3343 746 0 0 0 0 0
2421 417 41 42 42 22 54 1057 18 1774 1061 52 34 29 41 1087 64 2276 533 35 37 26 40 1085
111 2012 247 95 88 123 130 1290 199 1945 185 109 95 101 125 1337 415 1733 202 97 95 106 125 1323
0 516 96 60 40 47 775 2562 3 481 108 57 43 45 135 3224 22 483 94 55 43 41 115 3243
3624 471 1 0 0 0 0 0 0 2773 1322 1 0 0 0 0 9 3408 679 0 0 0 0 0
4027 69 0 0 0 0 0 0 0 3339 757 0 0 0 0 0 5 3704 387 0 0 0 0 0
4054 42 0 0 0 0 0 0 0 3388 708 0 0 0 0 0 10 3723 363 0 0 0 0 0
4066 30 0 0 0 0 0 0 0 3222 874 0 0 0 0 0 12 3749 335 0 0 0 0 0
167 1507 705 305 296 258 217 641 26 1000 1050 524 330 264 261 641 449 1557 412 299 293 234 213 639
0 0 0 16 107 356 321 3296 0 0 0 4 102 335 307 3348 0 0 0 7 127 354 263 3345
0 0 14 27 283 1262 1436 1074 0 0 13 12 206 901 1654 1310 0 1 10 13 152 725 1746 1449
0 117 32 36 58 1397 1853 603 1 115 32 35 30 910 2204 769 1 111 34 36 20 712 2301 881
8 256 40 148 752 1338 1047 507 54 209 44 235 876 970 1178 530 43 222 220 295 750 735 1312 519
46 326 55 181 804 1298 894 492 201 182 49 156 925 1439 502 642 166 214 55 141 1060 1293 594 573
4 288 36 355 807 314 609 1683 67 238 29 407 777 523 323 1732 81 217 33 366 831 535 308 1725
2485 331 0 26 38 1 56 1159 0 1878 931 7 50 14 8 1208 16 2298 502 0 57 7 10 1206
3889 207 0 0 0 0 0 0 11 3368 713 4 0 0 0 0 83 3570 443 0 0 0 0 0
3896 200 0 0 0 0 0 0 12 3366 712 6 0 0 0 0 194 3453 449 0 0 0 0 0
3945 151 0 0 0 0 0 0 0 3334 759 3 0 0 0 0 22 3652 422 0 0 0 0 0
3864 232 0 0 0 0 0 0 0 3284 787 25 0 0 0 0 21 3633 442 0 0 0 0 0
3890 206 0 0 0 0 0 0 0 3362 711 23 0 0 0 0 20 3656 419 1 0 0 0 0
3899 196 1 0 0 0 0 0 0 3220 862 14 0 0 0 0 26 3640 429 1 0 0 0 0
3857 239 0 0 0 0 0 0 0 2930 1157 9 0 0 0 0 16 3314 765 1 0 0 0 0
3950 145 1 0 0 0 0 0 0 3367 718 11 0 0 0 0 5 3701 389 1 0 0 0 0
3775 305 2 3 7 0 2 2 0 2845 1219 19 3 6 1 3 11 3329 740 2 3 7 0 4
2335 413 63 49 52 28 78 1078 1 1697 1092 45 37 60 28 1136 13 2183 604 42 34 57 25 1138
95 2125 490 130 72 99 110 975 153 2206 333 115 75 107 89 1018 386 2021 292 116 77 101 91 1012
2 551 131 80 57 55 760 2460 7 500 118 113 65 54 116 3123 11 468 167 95 65 50 76 3164
3567 482 23 14 10 0 0 0 0 2617 1457 13 9 0 0 0 3 3394 679 13 7 0 0 0
4028 68 0 0 0 0 0 0 0 3254 842 0 0 0 0 0 1 3718 377 0 0 0 0 0
4046 50 0 0 0 0 0 0 0 3316 780 0 0 0 0 0 0 3783 313 0 0 0 0 0
3999 97 0 0 0 0 0 0 0 3180 916 0 0 0 0 0 0 3804 292 0 0 0 0 0
37 577 751 723 652 351 342 663 2 280 323 868 831 639 429 724 156 1237 669 528 347 260 294 605
406 1998 134 69 71 168 133 1117 663 1696 139 78 74 139 129 1178 309 2031 164 81 84 131 123 1173
623 3230 191 18 18 15 1 0 1056 2825 162 11 23 15 4 0 572 3209 232 43 21 16 3 0
627 3228 129 90 22 0 0 0 1039 2833 121 81 22 0 0 0 578 3235 141 108 33 1 0 0
635 3444 17 0 0 0 0 0 1749 2341 6 0 0 0 0 0 1155 2921 20 0 0 0 0 0
958 2903 147 72 16 0 0 0 1917 1956 145 67 11 0 0 0 1307 2547 138 87 17 0 0 0
246 2225 83 12 56 2 0 1472 911 1629 15 27 42 0 0 1472 689 1826 40 13 54 2 0 1472
2479 289 33 14 7 39 43 1192 0 1773 1004 29 10 21 47 1212 6 2234 542 25 9 24 46 1210
3946 147 3 0 0 0 0 0 4 3325 762 5 0 0 0 0 92 3569 432 3 0 0 0 0
3925 168 2 1 0 0 0 0 8 3309 777 2 0 0 0 0 91 3566 436 2 1 0 0 0
3898 198 0 0 0 0 0 0 1 3317 746 32 0 0 0 0 26 3628 442 0 0 0 0 0
3937 159 0 0 0 0 0 0 0 3194 899 3 0 0 0 0 7 3653 436 0 0 0 0 0
3952 144 0 0 0 0 0 0 0 3323 763 10 0 0 0 0 6 3712 375 3 0 0 0 0
3977 119 0 0 0 0 0 0 0 3198 897 1 0 0 0 0 16 3639 441 0 0 0 0 0
3944 152 0 0 0 0 0 0 0 2795 1298 3 0 0 0 0 13 3349 733 1 0 0 0 0
3990 106 0 0 0 0 0 0 0 3344 746 6 0 0 0 0 1 3727 368 0 0 0 0 0
3636 337 18 10 6 13 20 56 0 2647 1323 16 16 9 19 66 2 3243 729 14 16 6 18 68
1541 655 42 114 103 111 90 1440 0 970 1242 87 125 118 86 1468 2 1570 660 82 126 104 101 1451
0 50 35 32 77 932 2309 661 0 57 30 23 35 208 3027 716 1 59 28 24 26 162 2723 1073
0 11 3 3 7 219 1992 1861 0 11 4 3 6 42 1301 2729 0 11 4 5 4 15 768 3289
3425 529 40 18 14 22 20 28 0 2328 1664 21 13 18 25 27 0 3279 720 15 16 17 23 26
4032 64 0 0 0 0 0 0 0 3144 951 1 0 0 0 0 0 3782 314 0 0 0 0 0
3996 100 0 0 0 0 0 0 0 3225 871 0 0 0 0 0 0 3752 344 0 0 0 0 0
3952 144 0 0 0 0 0 0 0 3077 1019 0 0 0 0 0 1 3813 282 0 0 0 0 0
0 0 4 237 782 605 898 1570 0 0 0 5 445 1203 1254 1189 0 8 467 621 599 855 743 803
193 2364 52 43 54 72 86 1232 217 2287 76 51 34 60 88 1283 57 2434 90 49 36 64 82 1284
496 3400 164 35 1 0 0 0 560 3347 151 37 1 0 0 0 155 3652 239 42 7 1 0 0
385 3456 169 66 11 6 2 1 391 3443 175 69 9 5 3 1 75 3573 326 99 6 10 4 3
245 3826 22 1 2 0 0 0 416 3663 15 1 1 0 0 0 125 3874 91 4 2 0 0 0
660 3094 194 94 43 6 4 1 1343 2439 173 89 40 4 7 1 674 3035 218 109 46 6 4 4
24 2329 198 58 15 0 18 1454 234 2276 43 67 4 0 30 1442 117 2330 106 60 11 0 17 1455
2472 261 19 13 26 25 19 1261 0 1762 981 9 23 23 18 1280 3 2275 470 5 19 31 13 1280
3984 112 0 0 0 0 0 0 3 3364 729 0 0 0 0 0 40 3692 364 0 0 0 0 0
3992 104 0 0 0 0 0 0 2 3318 773 3 0 0 0 0 61 3652 383 0 0 0 0 0
3978 118 0 0 0 0 0 0 0 3220 867 9 0 0 0 0 22 3721 353 0 0 0 0 0
3958 138 0 0 0 0 0 0 0 3079 1017 0 0 0 0 0 20 3665 411 0 0 0 0 0
3994 102 0 0 0 0 0 0 0 3309 785 2 0 0 0 0 2 3710 384 0 0 0 0 0
3975 121 0 0 0 0 0 0 1 3170 923 2 0 0 0 0 7 3709 380 0 0 0 0 0
3980 116 0 0 0 0 0 0 0 2821 1275 0 0 0 0 0 3 3414 679 0 0 0 0 0
4002 94 0 0 0 0 0 0 0 3258 837 1 0 0 0 0 4 3732 360 0 0 0 0 0
3901 195 0 0 0 0 0 0 0 2714 1380 2 0 0 0 0 0 3430 666 0 0 0 0 0
2489 465 20 16 116 157 70 763 0 1576 1366 29 103 135 92 795 0 2299 643 31 102 143 84 794
0 0 0 0 0 1090 3003 3 0 0 0 0 0 2 3746 348 0 0 0 0 0 0 2971 1125
0 0 0 0 0 135 2524 1437 0 0 0 0 0 0 1621 2475 0 0 0 0 0 0 1160 2936
3220 658 34 21 15 15 25 108 0 2314 1594 28 12 17 29 102 0 3139 783 14 12 23 26 99
3994 102 0 0 0 0 0 0 0 3134 962 0 0 0 0 0 0 3638 458 0 0 0 0 0
4043 53 0 0 0 0 0 0 0 3237 859 0 0 0 0 0 1 3715 380 0 0 0 0 0
3945 151 0 0 0 0 0 0 0 3263 833 0 0 0 0 0 4 3819 273 0 0 0 0 0
0 0 1 131 449 1019 739 1757 0 0 3 128 421 1183 1136 1225 0 22 189 396 471 932 1119 967
53 2025 158 139 131 87 121 1382 112 1924 170 82 179 70 103 1456 25 2017 168 72 192 74 97 1451
263 3424 284 65 58 2 0 0 360 3369 241 47 73 6 0 0 160 3415 371 66 67 17 0 0
227 3492 278 79 10 5 4 1 381 3391 234 68 10 4 6 2 161 3428 375 107 8 8 5 4
190 3873 29 4 0 0 0 0 183 3890 20 3 0 0 0 0 30 3949 114 2 1 0 0 0
304 3389 245 100 46 6 4 2 847 2896 216 86 37 7 4 3 304 3319 320 99 37 7 4 6
37 2327 215 43 0 24 42 1408 165 2332 106 19 1 37 28 1408 56 2365 165 36 0 30 36 1408
2253 435 47 17 0 38 95 1211 0 1694 996 52 10 0 52 1292 0 2217 478 51 6 2 48 1294
3973 123 0 0 0 0 0 0 7 3292 796 1 0 0 0 0 74 3730 292 0 0 0 0 0
3909 187 0 0 0 0 0 0 7 3272 817 0 0 0 0 0 45 3626 425 0 0 0 0 0
3897 198 1 0 0 0 0 0 1 3079 1015 1 0 0 0 0 22 3658 416 0 0 0 0 0
3868 222 6 0 0 0 0 0 0 2970 1122 4 0 0 0 0 11 3699 383 3 0 0 0 0
3872 219 5 0 0 0 0 0 0 3232 858 6 0 0 0 0 3 3734 357 2 0 0 0 0
3912 181 3 0 0 0 0 0 0 3101 994 1 0 0 0 0 10 3669 415 2 0 0 0 0
3956 139 1 0 0 0 0 0 1 2772 1319 4 0 0 0 0 2 3427 667 0 0 0 0 0
3968 126 2 0 0 0 0 0 0 3213 883 0 0 0 0 0 4 3750 342 0 0 0 0 0
3835 259 2 0 0 0 0 0 0 2712 1378 6 0 0 0 0 7 3365 722 2 0 0 0 0
2418 628 12 41 135 71 53 738 0 1693 1340 29 103 121 49 761 0 2376 666 16 100 123 57 758
0 0 0 0 0 1339 2753 4 0 0 0 0 0 80 3679 337 0 0 0 0 0 9 3104 983
0 0 0 0 0 236 2473 1387 0 0 0 0 0 8 1614 2474 0 0 0 0 0 0 1112 2984
1952 1109 157 110 90 131 144 403 0 1585 1691 128 80 70 127 415 21 2440 850 113 72 68 124 408
3837 259 0 0 0 0 0 0 0 3007 1089 0 0 0 0 0 1 3630 465 0 0 0 0 0
3880 216 0 0 0 0 0 0 0 3247 849 0 0 0 0 0 2 3784 310 0 0 0 0 0
3927 169 0 0 0 0 0 0 0 3349 747 0 0 0 0 0 1 3858 237 0 0 0 0 0
0 0 9 78 102 704 1327 1876 0 0 19 69 135 683 1672 1518 0 37 91 178 417 726 1475 1172
0 0 0 13 199 280 300 3304 0 0 0 0 181 245 258 3412 0 0 0 4 215 211 249 3417
1 28 15 27 226 660 1756 1383 1 25 16 12 135 512 1538 1857 1 23 18 15 135 470 1543 1891
39 329 115 135 209 899 2163 207 76 305 98 108 185 662 2180 482 54 300 129 145 180 639 2061 588
222 667 195 328 585 1416 590 93 357 594 300 421 303 1267 758 96 309 756 476 276 248 1226 724 81
122 1179 247 61 36 438 1216 797 215 1142 190 59 33 215 1174 1068 175 1146 223 60 36 179 1211 1066
193 912 185 34 25 489 815 1443 289 882 116 32 27 251 1041 1458 205 905 172 36 23 161 1133 1461
1990 641 45 12 7 30 292 1079 0 1324 1321 37 10 14 44 1346 0 2074 584 24 10 12 46 1346
3898 197 1 0 0 0 0 0 11 3113 969 3 0 0 0 0 38 3661 397 0 0 0 0 0
3921 170 5 0 0 0 0 0 0 3198 894 4 0 0 0 0 40 3615 437 4 0 0 0 0
3814 280 2 0 0 0 0 0 4 2985 1105 2 0 0 0 0 22 3656 416 2 0 0 0 0
3484 612 0 0 0 0 0 0 0 2700 1396 0 0 0 0 0 7 3610 479 0 0 0 0 0
3599 497 0 0 0 0 0 0 0 3025 1070 1 0 0 0 0 7 3726 363 0 0 0 0 0
3612 484 0 0 0 0 0 0 0 2970 1123 3 0 0 0 0 4 3721 371 0 0 0 0 0
3368 728 0 0 0 0 0 0 0 2568 1527 1 0 0 0 0 5 3337 754 0 0 0 0 0
3232 864 0 0 0 0 0 0 0 2636 1459 1 0 0 0 0 0 3652 444 0 0 0 0 0
2798 1298 0 0 0 0 0 0 0 2214 1882 0 0 0 0 0 0 3353 743 0 0 0 0 0
1312 1794 23 29 107 53 72 706 0 1236 1865 26 99 73 48 749 0 2367 737 24 99 75 59 735
0 1 110 102 93 576 3114 100 0 0 76 110 77 153 3150 530 0 0 81 99 78 133 2024 1681
0 0 16 72 61 178 2009 1760 0 0 10 57 64 136 1219 2610 0 0 8 45 73 128 543 3299
1262 2378 75 17 26 17 14 307 2 1493 2218 20 25 17 15 306 4 2949 767 24 15 19 17 301
2260 1836 0 0 0 0 0 0 0 2315 1781 0 0 0 0 0 0 3703 393 0 0 0 0 0
2292 1802 2 0 0 0 0 0 0 2665 1431 0 0 0 0 0 0 3856 240 0 0 0 0 0
1811 2153 75 17 18 12 9 1 0 2479 1555 22 16 18 5 1 0 3741 304 17 19 12 3 0
0 0 5 51 175 981 1505 1379 0 0 1 34 387 1472 1285 917 0 25 88 693 1211 919 513 647
0 0 0 15 234 197 155 3495 0 0 0 8 267 252 76 3493 0 0 0 108 367 90 47 3484
0 0 0 76 475 165 568 2812 0 0 0 25 567 100 510 2894 0 0 0 271 363 75 474 2913
0 0 0 411 303 838 710 1834 0 0 0 203 492 675 862 1864 0 0 1 499 249 802 680 1865
0 0 1 233 1054 1499 416 893 0 0 6 245 1077 1352 507 909 0 0 45 515 1031 1172 405 928
0 0 2 126 1048 1643 1084 193 0 0 4 183 1160 1239 1251 259 0 0 10 394 1098 1273 1043 278
0 0 0 68 445 1518 537 1528 0 0 2 87 468 1334 634 1571 0 0 25 90 559 1279 568 1575
1820 759 32 15 19 23 138 1290 0 1309 1279 28 13 23 31 1413 0 2000 594 24 10 24 30 1414
3815 281 0 0 0 0 0 0 8 3066 1022 0 0 0 0 0 35 3685 376 0 0 0 0 0
3903 193 0 0 0 0 0 0 1 3206 889 0 0 0 0 0 18 3689 389 0 0 0 0 0
3784 312 0 0 0 0 0 0 0 3063 1033 0 0 0 0 0 23 3670 403 0 0 0 0 0
3726 370 0 0 0 0 0 0 1 2822 1273 0 0 0 0 0 6 3647 443 0 0 0 0 0
3757 339 0 0 0 0 0 0 0 3060 1036 0 0 0 0 0 0 3752 344 0 0 0 0 0
3494 602 0 0 0 0 0 0 1 2962 1133 0 0 0 0 0 9 3741 346 0 0 0 0 0
3151 945 0 0 0 0 0 0 0 2428 1668 0 0 0 0 0 2 3441 653 0 0 0 0 0
2242 1852 2 0 0 0 0 0 0 2369 1727 0 0 0 0 0 0 3710 386 0 0 0 0 0
1768 2326 2 0 0 0 0 0 0 1690 2404 2 0 0 0 0 0 3331 765 0 0 0 0 0
1038 2206 36 39 29 22 76 650 162 1099 1979 43 47 37 33 696 201 2323 726 35 48 34 33 696
828 565 38 21 56 148 279 2161 786 376 266 22 32 138 208 2268 830 481 122 18 33 142 199 2271
1128 807 124 46 29 32 81 1849 1030 542 431 75 46 37 61 1874 1274 673 125 37 22 34 55 1876
1802 1552 303 112 40 11 19 257 1301 840 1297 185 147 48 20 258 1637 1733 388 30 23 9 21 255
2299 1097 129 115 181 162 73 40 1873 885 735 157 226 167 49 4 2044 1368 315 227 111 31 0 0
1255 1238 297 188 324 469 302 23 1247 1137 405 263 531 431 82 0 1605 1126 445 557 297 66 0 0
94 593 922 668 577 697 487 58 108 550 1045 693 758 750 187 5 330 1114 1169 796 562 121 4 0
0 0 36 184 523 1123 1375 855 0 0 80 285 847 1378 932 574 8 133 443 872 1157 726 359 398
2 122 269 676 990 963 764 310 24 160 485 818 1059 1085 351 114 124 559 1116 1064 882 239 25 87
47 1319 913 429 208 107 52 1021 178 1523 766 360 181 65 13 1010 673 1714 483 145 47 11 12 1011
19 654 596 332 192 89 43 2171 86 800 586 234 180 28 15 2167 282 1026 372 157 61 17 12 2169
4 606 141 14 13 10 12 3296 48 666 40 15 10 15 10 3292 169 562 21 14 12 14 10 3294
0 9 6 3 74 65 20 3919 2 11 4 1 75 61 24 3918 0 12 3 3 114 26 20 3918
0 0 0 4 321 136 45 3590 0 0 0 2 353 103 48 3590 0 0 0 47 377 41 45 3586
1984 569 7 10 42 15 689 780 0 1438 1118 5 13 51 20 1451 1 2188 368 9 16 43 13 1458
3935 159 2 0 0 0 0 0 11 3279 805 1 0 0 0 0 88 3669 338 1 0 0 0 0
3860 234 2 0 0 0 0 0 4 3319 771 2 0 0 0 0 33 3699 364 0 0 0 0 0
3688 407 1 0 0 0 0 0 41 3250 804 1 0 0 0 0 109 3641 346 0 0 0 0 0
3717 377 2 0 0 0 0 0 521 2724 849 2 0 0 0 0 579 3238 279 0 0 0 0 0
3772 322 2 0 0 0 0 0 1137 2362 595 2 0 0 0 0 1187 2722 187 0 0 0 0 0
3487 516 73 20 0 0 0 0 1469 1891 660 47 25 4 0 0 1659 2216 218 3 0 0 0 0
3437 622 32 5 0 0 0 0 2026 1309 741 18 2 0 0 0 2311 1537 248 0 0 0 0 0
3040 826 206 24 0 0 0 0 2203 1104 607 137 43 2 0 0 2711 1256 128 1 0 0 0 0
2231 1025 411 272 87 20 11 39 1846 1127 545 356 140 43 16 23 2578 1159 301 19 10 11 18 0
1897 520 411 546 313 215 161 33 1899 384 419 658 406 266 61 3 2281 751 595 285 143 41 0 0
1229 333 416 730 841 389 114 44 1191 266 296 587 929 628 179 20 1530 639 1066 673 135 33 20 0
579 398 365 504 667 898 528 157 459 405 365 549 956 989 330 43 881 676 812 919 594 176 32 6
12 100 378 696 1116 1071 590 133 0 37 264 807 1598 1122 234 34 163 647 1277 1177 664 142 26 0
0 1 71 373 1217 1546 775 113 0 2 96 513 1768 1470 239 8 14 238 1042 1686 914 198 4 0
0 2 101 432 1077 1220 1010 254 0 0 1 164 1037 1936 916 42 1 211 889 1356 1103 519 17 0
0 8 258 936 691 544 744 915 0 0 61 357 1150 1009 782 737 15 488 1022 621 631 547 726 46
