314 724 1374 1505 171 8 0 0 366 845 1319 1518 48 0 0 0 1297 2712 86 1 0 0 0 0
31 560 998 1254 566 379 273 35 68 728 1249 1346 405 273 27 0 871 2592 491 128 14 0 0 0
6 233 989 1683 748 331 105 1 9 276 1444 1686 495 185 1 0 929 2706 438 23 0 0 0 0
3 610 892 901 834 555 269 32 1 200 1100 1026 1126 583 60 0 637 2752 586 71 50 0 0 0
452 174 289 1306 1555 307 13 0 294 304 354 1524 1421 195 4 0 453 2939 605 96 3 0 0 0
723 293 472 988 1215 376 29 0 368 636 426 1110 1146 378 32 0 789 1622 408 119 159 913 86 0
0 47 467 1687 1485 336 74 0 0 61 257 1321 1839 585 33 0 202 1670 319 40 697 1112 56 0
0 5 157 908 1922 642 239 223 0 13 165 337 2181 1064 217 119 95 1382 334 202 992 823 187 81
1787 464 364 274 391 539 232 45 1625 392 434 346 603 601 84 11 1647 982 938 296 154 64 11 4
1681 436 558 466 348 268 278 61 1302 670 519 459 506 366 225 49 1199 757 647 429 372 521 140 31
103 216 416 730 703 547 716 665 75 175 373 506 932 759 950 326 247 415 481 472 716 999 735 31
10 86 233 467 700 816 914 870 2 32 191 370 723 1138 1244 396 64 288 431 518 648 1113 879 155
0 32 36 248 1644 1663 427 46 0 0 53 88 972 2649 314 20 0 238 1215 1775 684 120 59 5
227 247 558 760 1137 810 269 88 212 98 306 607 1184 1310 292 87 230 210 780 1419 904 300 158 95
263 189 298 372 894 1569 483 28 355 203 404 482 787 1526 333 6 488 435 858 1203 791 239 75 7
1 33 72 303 1195 1860 500 132 0 4 66 124 898 2290 614 100 3 138 865 1381 1220 287 112 90
