4 325 719 48 28 46 828 2098 0 155 608 313 32 26 24 2938 0 146 458 471 32 25 22 2942
0 321 924 136 28 21 21 2645 0 35 675 644 39 30 20 2653 0 18 630 576 164 34 18 2656
0 163 1009 270 32 21 30 2571 0 4 493 822 143 25 30 2579 0 1 418 477 559 28 30 2583
0 110 812 174 18 29 26 2927 0 0 216 766 122 29 22 2941 0 3 178 362 552 33 24 2944
0 55 571 538 71 27 37 2797 0 0 136 571 482 57 27 2823 0 0 85 267 520 354 41 2829
0 137 300 668 918 830 1200 43 0 44 287 383 1238 1103 1008 33 0 121 908 723 1416 845 82 1
0 132 966 1686 1309 3 0 0 0 9 801 1273 1626 387 0 0 0 87 2155 1721 133 0 0 0
0 742 790 1500 1054 10 0 0 0 68 1126 1270 1295 337 0 0 0 355 1783 1718 238 2 0 0
0 803 1713 1035 304 60 181 0 0 117 1519 1667 487 83 193 30 7 539 1852 1279 182 153 84 0
0 253 3390 39 24 83 307 0 0 6 591 3067 28 28 348 28 0 4 544 3121 32 245 150 0
7 314 1668 1740 347 20 0 0 0 109 1048 1825 1067 47 0 0 60 1105 2520 375 35 1 0 0
71 445 1065 1443 861 133 42 36 104 321 724 1550 994 355 35 13 236 894 2130 653 120 44 16 3
5 188 886 1867 1068 57 24 1 1 63 538 1706 1258 513 14 3 30 853 2658 458 71 23 3 0
62 1665 573 1328 459 9 0 0 0 1202 814 1054 959 67 0 0 30 1870 1833 353 10 0 0 0
532 1277 736 1095 442 14 0 0 1 1537 695 963 825 75 0 0 29 1967 1811 286 3 0 0 0
