142 483 881 887 1493 71 139 0 538 980 294 1186 893 47 158 0 434 1054 345 1355 695 39 139 35
355 1155 844 624 752 91 156 119 470 1523 706 381 626 106 159 125 781 1463 476 397 606 93 158 122
60 986 779 306 74 55 75 1761 204 901 794 224 78 47 72 1776 363 1149 455 175 66 50 74 1764
54 510 390 234 116 84 94 2614 49 392 525 214 107 85 77 2647 167 509 332 181 106 80 73 2648
168 161 526 844 2168 229 0 0 155 757 391 1249 1539 5 0 0 254 639 476 1472 1255 0 0 0
24 518 907 456 1584 607 0 0 35 583 856 637 1856 129 0 0 41 583 787 804 1825 56 0 0
109 439 869 1325 575 673 106 0 120 620 931 1016 951 368 90 0 95 692 821 952 1231 196 109 0
57 475 789 1359 710 573 133 0 113 601 815 1051 1060 308 148 0 103 641 744 962 1270 209 167 0
15 747 1312 963 858 177 24 0 954 1496 698 583 365 0 0 0 1210 1381 627 585 293 0 0 0
78 235 367 780 1408 1052 133 43 143 566 577 904 1669 215 22 0 341 459 507 993 1628 149 19 0
199 392 254 510 1689 942 110 0 171 370 279 531 2027 622 96 0 145 378 309 558 2184 423 98 1
35 162 227 879 2025 657 111 0 19 144 238 1135 1953 539 68 0 19 147 263 1658 1589 360 60 0
