858 1443 1039 443 193 84 28 8 844 1570 1020 386 169 77 23 7 1148 1650 751 305 149 69 17 7
719 1726 1287 283 62 11 8 0 632 2142 1084 188 33 9 8 0 1082 2200 676 101 21 9 7 0
209 1156 1793 843 94 1 0 0 171 1231 1816 825 53 0 0 0 535 2060 1306 187 8 0 0 0
77 519 1207 1369 641 184 92 7 73 517 1222 1438 594 173 75 4 230 970 1532 890 308 125 41 0
12 99 728 1520 709 380 440 208 11 129 926 1473 600 387 403 167 42 394 1376 999 423 395 359 108
35 93 370 697 804 850 947 300 38 112 465 776 766 859 875 205 49 169 632 722 748 912 728 136
880 1680 922 442 125 39 8 0 850 1806 927 367 99 42 5 0 1159 1765 780 265 90 35 2 0
1082 2045 746 157 50 12 4 0 1042 2186 653 153 47 14 1 0 1562 1898 461 130 34 11 0 0
287 1065 748 538 346 241 283 588 254 1113 838 549 274 221 279 568 496 1142 799 421 231 175 278 554
135 541 872 905 1053 243 198 149 111 552 985 1485 493 227 182 61 204 781 1723 835 255 155 136 7
172 291 534 1133 1130 250 179 407 193 353 714 1162 933 242 275 224 258 564 1116 1195 396 181 315 71
58 370 782 1272 817 423 219 155 83 374 865 1334 679 398 212 151 107 467 1010 1260 604 341 166 141
421 1244 751 125 51 58 215 1231 531 1369 575 89 37 55 209 1231 850 1361 296 68 28 59 217 1217
106 535 1200 1392 607 91 59 106 199 944 1765 818 156 54 56 104 536 1888 1191 208 81 31 59 102
166 468 442 715 2053 96 60 96 277 562 766 2187 113 44 64 83 499 870 2367 143 59 31 62 65
348 194 92 351 853 109 160 1989 378 186 227 983 124 82 139 1977 415 240 957 245 83 47 142 1967
249 342 548 948 926 450 228 405 394 505 987 1138 382 222 109 359 673 1002 1268 424 211 123 56 339
97 344 786 1759 780 245 82 3 168 511 1291 1603 314 186 23 0 325 894 1790 782 220 83 2 0
