0 0 0 0 0 0 0 4096 0 0 0 0 0 0 0 4096 0 0 0 0 0 0 0 4096
0 0 0 0 0 0 0 4096 0 0 0 0 0 0 0 4096 0 0 0 0 0 0 0 4096
0 0 0 0 0 0 0 4096 0 0 0 0 0 0 0 4096 0 0 0 0 0 0 0 4096
0 0 0 0 0 0 0 4096 0 0 0 0 0 0 0 4096 0 0 0 0 0 0 0 4096
0 44 187 307 19 11 17 3511 0 3 191 293 55 15 12 3527 0 0 189 240 112 16 12 3527
0 951 1025 1396 311 16 11 386 0 535 1425 1332 360 37 11 396 0 38 1902 1249 453 47 11 396
0 0 479 2332 1276 9 0 0 0 1 488 2056 1519 32 0 0 0 3 481 1908 1642 62 0 0
0 4 277 2866 941 8 0 0 0 4 170 2610 1268 44 0 0 0 4 98 2504 1411 79 0 0
0 3 657 2786 650 0 0 0 0 0 356 2602 1137 1 0 0 0 0 254 2473 1359 10 0 0
1 21 605 2311 985 159 12 2 0 0 213 1831 1597 425 28 2 9 297 1196 1937 639 14 4 0
1 97 947 2425 554 70 2 0 0 5 323 2155 1356 242 15 0 31 481 1491 1860 231 2 0 0
5 615 2140 1141 167 26 2 0 0 51 1149 2151 659 84 2 0 171 1639 1680 570 35 1 0 0
25 1170 1965 858 72 6 0 0 0 340 1532 1853 350 17 4 0 310 1969 1289 491 34 3 0 0
370 2457 980 175 36 19 31 28 61 1180 1912 721 126 22 21 53 966 2419 512 83 26 18 14 58
438 1694 780 348 181 153 195 307 46 1092 1448 575 199 163 144 429 368 1509 767 445 226 154 153 474
571 2334 844 204 61 37 32 13 28 1716 1652 475 123 48 24 30 1095 2031 633 184 58 35 33 27
0 0 0 0 0 0 0 4096 0 0 0 0 0 0 0 4096 0 0 0 0 0 0 0 4096
0 0 0 0 0 0 0 4096 0 0 0 0 0 0 0 4096 0 0 0 0 0 0 0 4096
0 0 0 0 0 0 0 4096 0 0 0 0 0 0 0 4096 0 0 0 0 0 0 0 4096
0 0 0 0 0 0 0 4096 0 0 0 0 0 0 0 4096 0 0 0 0 0 0 0 4096
0 130 575 448 191 37 23 2692 0 10 666 425 233 40 23 2699 0 0 605 450 267 46 17 2711
13 181 776 2407 692 26 1 0 0 212 630 2277 922 54 1 0 0 182 644 2303 918 49 0 0
65 347 1019 2205 457 3 0 0 30 417 762 2144 733 10 0 0 13 434 833 2045 765 6 0 0
94 407 657 2457 463 18 0 0 50 481 488 2285 761 31 0 0 39 511 523 2240 753 30 0 0
82 547 1137 2099 230 1 0 0 62 559 783 2217 469 6 0 0 57 584 839 2092 517 7 0 0
164 679 896 1970 380 7 0 0 162 678 658 1917 653 28 0 0 178 682 694 1900 611 31 0 0
110 445 1300 1942 294 5 0 0 102 365 702 2055 813 53 6 0 185 655 1154 1633 466 3 0 0
158 857 1759 1178 144 0 0 0 115 419 1408 1757 382 15 0 0 293 1104 1501 1024 174 0 0 0
172 1657 1706 513 47 1 0 0 9 554 1790 1512 227 4 0 0 707 1869 1118 367 35 0 0 0
370 2452 1077 180 14 3 0 0 11 946 2186 848 98 6 1 0 1145 2275 578 93 5 0 0 0
613 2282 886 239 35 15 13 13 82 1077 1929 758 187 30 10 23 1126 2093 617 185 26 16 12 21
1411 2287 352 43 3 0 0 0 65 2681 1097 229 23 1 0 0 2297 1497 253 47 2 0 0 0
0 0 0 7 579 466 112 2932 0 0 0 0 23 796 252 3025 0 0 0 0 111 731 219 3035
0 0 0 0 136 56 42 3862 0 0 0 0 0 148 55 3893 0 0 0 0 7 147 57 3885
0 0 0 0 0 0 0 4096 0 0 0 0 0 0 0 4096 0 0 0 0 0 0 0 4096
0 0 0 0 0 0 0 4096 0 0 0 0 0 0 0 4096 0 0 0 0 0 0 0 4096
0 0 86 821 112 15 16 3046 0 0 21 775 209 17 24 3050 0 0 32 739 209 40 22 3054
0 11 1501 2401 166 13 4 0 0 14 1158 2658 250 13 3 0 0 18 1285 2573 209 10 1 0
0 69 2007 1779 236 5 0 0 0 49 1607 2121 303 16 0 0 0 70 1807 1929 274 16 0 0
0 31 1407 2472 186 0 0 0 0 32 1005 2754 302 3 0 0 0 38 1220 2586 249 3 0 0
1 276 2669 1132 18 0 0 0 1 265 2420 1382 28 0 0 0 1 324 2705 1049 17 0 0 0
1 1214 2555 323 3 0 0 0 0 1205 2378 509 4 0 0 0 3 1377 2271 443 2 0 0 0
2 319 2797 929 43 6 0 0 1 169 2510 1314 88 13 1 0 3 275 2581 1165 63 7 2 0
0 212 2768 1076 40 0 0 0 0 71 1785 2054 171 15 0 0 31 390 2073 1553 49 0 0 0
162 1103 2154 656 21 0 0 0 2 510 1773 1711 100 0 0 0 299 1256 1840 681 20 0 0 0
483 2245 1105 227 33 3 0 0 20 1146 1909 867 138 14 2 0 1220 2068 647 140 20 1 0 0
1420 2212 412 49 3 0 0 0 61 2373 1354 272 33 3 0 0 2061 1705 291 34 5 0 0 0
1892 1878 283 43 0 0 0 0 278 2658 950 190 20 0 0 0 2491 1373 206 26 0 0 0 0
0 0 0 880 3055 161 0 0 0 0 0 3 1530 2552 11 0 0 0 0 94 3591 411 0 0
0 172 606 1171 1462 273 85 327 0 127 508 416 1024 1541 126 354 0 181 537 552 2082 340 58 346
0 672 834 790 574 210 87 929 0 563 835 561 490 555 129 963 0 609 825 638 817 186 71 950
0 417 1053 983 353 53 21 1216 0 462 1119 882 334 49 23 1227 0 544 1278 661 342 27 21 1223
0 401 1215 1730 273 13 12 452 0 363 1135 1706 406 16 14 456 0 324 1347 1529 411 17 12 456
0 487 2859 686 58 6 0 0 0 509 2875 672 37 3 0 0 0 528 3041 509 18 0 0 0
3 778 2771 531 13 0 0 0 3 784 2682 613 14 0 0 0 2 868 2738 478 10 0 0 0
0 830 2697 560 9 0 0 0 0 839 2557 690 10 0 0 0 1 929 2541 617 7 1 0 0
0 834 2654 601 7 0 0 0 0 718 2545 823 10 0 0 0 0 745 2667 678 6 0 0 0
3 760 2903 428 2 0 0 0 2 677 2842 572 3 0 0 0 6 843 2827 418 2 0 0 0
0 600 3081 411 4 0 0 0 0 280 3099 703 14 0 0 0 0 348 3112 623 13 0 0 0
1 367 3126 574 26 2 0 0 0 86 2129 1580 274 27 0 0 26 563 2754 710 43 0 0 0
106 1217 2104 619 50 0 0 0 0 177 1185 2014 657 63 0 0 414 1991 1361 319 11 0 0 0
305 2179 1341 245 26 0 0 0 2 662 2003 1206 205 18 0 0 824 2235 898 124 15 0 0 0
2333 1583 155 24 1 0 0 0 149 3030 805 100 12 0 0 0 2914 1054 116 12 0 0 0 0
3505 507 77 7 0 0 0 0 2255 1563 219 59 0 0 0 0 3652 383 57 4 0 0 0 0
0 0 132 2660 1166 65 8 65 0 0 0 399 2779 803 48 67 0 0 1 2189 1716 93 31 66
0 1525 261 1108 1050 98 22 32 0 1542 163 516 1398 409 19 49 0 1614 322 1523 543 33 14 47
2090 1978 28 0 0 0 0 0 403 3663 30 0 0 0 0 0 396 3685 15 0 0 0 0 0
1082 1709 550 427 170 79 48 31 733 2039 397 458 276 125 46 22 524 2362 516 426 162 62 40 4
579 1536 664 466 300 73 478 0 344 1543 522 523 507 138 518 1 376 1580 684 770 152 48 486 0
0 684 1051 346 879 386 750 0 0 742 1066 848 474 115 851 0 0 728 1363 907 216 104 778 0
0 282 1203 1016 1394 201 0 0 0 351 1209 1699 826 11 0 0 6 465 1337 2036 252 0 0 0
0 553 1320 738 893 549 33 10 3 631 1261 1135 482 212 357 15 7 733 1337 1256 210 438 100 15
0 415 1391 906 527 753 104 0 6 436 1396 1273 156 758 71 0 32 548 1532 1122 186 676 0 0
29 741 1539 1497 269 6 4 11 37 692 1806 1492 46 7 2 14 68 838 2163 992 14 4 4 13
48 794 1954 624 675 1 0 0 48 569 2293 699 343 144 0 0 93 729 2425 435 414 0 0 0
44 683 1639 619 1098 11 2 0 27 454 1565 715 1272 57 6 0 70 818 1562 644 1000 2 0 0
104 1465 1579 846 102 0 0 0 20 512 1488 1362 683 31 0 0 284 1899 1129 706 78 0 0 0
1436 2284 359 15 2 0 0 0 111 2310 1428 240 7 0 0 0 2132 1739 213 12 0 0 0 0
2162 1598 230 48 29 6 8 15 888 2287 710 136 35 13 9 18 2818 993 175 32 35 17 6 20
3356 668 31 19 8 4 5 5 1450 2410 188 18 16 3 4 7 3657 370 25 14 15 4 5 6
0 0 129 1040 1865 830 198 34 0 0 2 378 1256 1856 493 111 0 0 4 818 1050 1686 406 132
6 1024 264 902 1297 335 155 113 5 1002 196 616 1097 751 217 212 14 1064 329 795 881 610 179 224
930 568 243 760 979 367 174 75 333 1146 132 424 930 767 213 151 434 1037 140 389 914 775 239 168
111 45 178 1681 1532 363 93 93 73 78 38 708 2120 778 163 138 23 123 36 517 2066 993 196 142
123 40 48 1061 1448 1041 251 84 60 96 26 379 1565 1188 660 122 21 133 24 251 1600 1310 634 123
0 0 37 547 1221 1343 854 94 0 0 20 514 848 1224 1309 181 0 3 149 563 666 1163 1332 220
0 1 91 878 1452 1203 372 99 0 2 84 1008 964 970 864 204 0 10 161 1238 662 798 936 291
112 40 55 835 1723 1190 81 60 82 51 45 770 1599 1074 395 80 81 53 61 1274 1214 1121 212 80
0 2 116 839 1332 1582 121 104 0 0 20 408 1173 2075 286 134 0 1 32 448 1120 2113 242 140
0 1 154 1842 1590 399 58 52 0 1 139 1525 1382 813 151 85 0 2 401 1538 1146 758 159 92
0 1 232 1374 1973 379 55 82 0 0 338 1405 1376 804 63 110 0 6 700 1316 1447 463 52 112
0 144 497 1008 2066 274 51 56 0 2 192 768 2386 574 99 75 0 94 488 761 2181 401 85 86
31 374 1180 1561 727 124 61 38 0 86 664 1532 1354 327 47 86 19 215 764 1489 1150 316 55 88
368 1061 1368 719 404 108 64 4 36 800 1121 1197 552 272 64 54 386 618 1224 1001 485 267 55 60
324 902 1216 1141 447 54 11 1 105 662 1037 1141 900 218 29 4 164 656 1044 1156 828 213 31 4
387 1142 1294 1008 255 10 0 0 161 723 1221 1249 672 70 0 0 300 901 1179 1103 536 75 2 0
0 0 12 999 2545 490 49 1 0 0 2 56 1857 1950 228 3 0 1 168 1581 1667 637 41 1
1 11 75 680 1925 1330 74 0 0 3 31 182 1119 2026 722 13 0 3 42 447 1774 1537 280 13
0 9 186 1361 1877 656 7 0 0 0 32 382 1795 1639 248 0 0 0 46 484 1817 1517 231 1
4 109 487 1414 1716 364 2 0 0 13 182 822 1856 1174 49 0 1 84 390 923 1756 909 33 0
0 17 225 1037 1875 811 58 73 0 9 30 368 1864 1654 88 83 0 20 237 977 1885 846 70 61
0 2 71 529 1086 1940 468 0 0 0 6 126 763 1663 1510 28 0 3 37 352 598 1608 1466 32
0 14 409 1287 1367 846 173 0 0 0 33 686 1752 1091 490 44 0 51 653 1264 1063 487 501 77
64 28 218 1261 1567 896 38 24 46 39 49 347 2155 1356 73 31 47 64 416 1458 1565 480 34 32
0 3 357 1456 1446 689 48 97 0 0 7 479 1756 1582 135 137 0 22 440 1077 1312 1007 107 131
1 67 310 1329 1570 689 99 31 0 35 219 873 1672 1027 212 58 1 80 442 1322 1210 823 167 51
23 270 885 1558 1082 269 9 0 16 165 412 1537 1473 470 23 0 35 466 1277 1395 773 145 5 0
12 812 1683 1012 525 52 0 0 0 30 841 1629 1179 396 21 0 20 847 1726 886 530 86 1 0
0 173 1756 1562 534 71 0 0 0 8 499 2223 975 377 14 0 2 205 1449 1706 570 159 5 0
9 365 1642 1562 459 58 1 0 0 63 597 1986 1164 280 6 0 10 287 1597 1529 492 179 2 0
17 395 1512 1580 499 76 16 1 1 107 824 1674 1215 221 45 9 2 231 1223 1623 797 166 41 13
76 777 1531 1367 310 34 1 0 48 504 1052 1608 762 108 14 0 230 602 1231 1405 527 85 15 1
0 6 149 2788 1012 110 17 14 0 0 29 209 2592 1161 79 26 0 15 1298 1888 673 173 22 27
3 170 556 1183 1447 570 56 111 0 13 250 615 1285 1328 448 157 1 147 491 1036 1466 719 79 157
7 240 830 1906 966 128 11 8 0 5 231 886 1863 1017 78 16 8 215 785 1647 1115 292 19 15
0 81 795 2166 1033 21 0 0 0 1 75 503 1915 1520 82 0 1 188 1108 1815 928 56 0 0
0 70 650 1290 900 382 382 422 0 17 138 755 1397 871 354 564 4 224 948 1030 742 371 336 441
0 143 1201 1455 852 421 24 0 0 2 266 1382 1436 773 237 0 24 570 1210 989 678 501 124 0
12 243 1004 1871 766 93 46 61 0 35 241 929 1919 814 92 66 84 588 1316 1382 545 85 57 39
2 148 828 2237 799 45 10 27 0 6 61 637 2264 1029 62 37 15 247 1036 1847 832 73 14 32
0 82 675 1999 1082 137 48 73 0 0 55 570 2029 1177 152 113 4 169 1110 1740 801 129 37 106
5 237 1166 1613 614 268 184 9 0 44 371 1210 1619 556 256 40 61 716 1244 1022 570 278 197 8
248 1081 1490 975 274 18 10 0 0 237 883 1447 1265 251 9 4 394 1383 1444 696 161 8 7 3
276 893 1657 1113 147 10 0 0 0 285 593 1258 1659 289 10 2 436 1163 1724 670 97 6 0 0
215 1223 1597 926 125 10 0 0 0 134 899 1545 1303 202 13 0 393 1395 1660 572 74 2 0 0
114 1514 1908 520 39 1 0 0 0 72 945 2113 880 82 4 0 261 1853 1689 281 12 0 0 0
47 515 2026 1241 253 14 0 0 0 38 472 1996 1334 246 10 0 79 757 2028 933 251 44 4 0
24 1070 1993 915 91 3 0 0 0 160 1207 1620 1017 88 4 0 176 1454 1774 586 101 5 0 0
0 230 1337 2148 340 18 19 4 0 7 317 1126 2176 433 20 17 11 586 2344 973 128 22 12 20
1 172 800 2173 794 65 59 32 0 9 293 546 2165 937 59 87 1 350 1938 1434 222 38 32 81
2 116 724 2108 1115 30 1 0 0 1 63 588 2186 1237 21 0 21 433 2085 1405 147 5 0 0
1 61 707 1728 1530 69 0 0 0 3 149 708 1652 1533 51 0 7 558 1896 1529 106 0 0 0
2 195 769 1183 1755 182 10 0 0 6 248 682 1431 1639 85 5 54 759 1588 1533 147 13 2 0
3 218 523 1485 1695 168 4 0 0 19 327 518 1556 1615 61 0 61 623 1875 1417 116 4 0 0
8 174 452 1479 1721 257 5 0 0 18 230 417 1452 1822 155 2 74 502 1737 1573 206 4 0 0
1 112 415 1537 1700 324 7 0 0 7 75 328 1783 1808 95 0 30 352 1696 1818 196 4 0 0
0 10 181 1689 1965 246 5 0 0 0 5 125 1955 1907 102 2 2 172 1676 2032 200 14 0 0
0 24 252 1881 1791 145 3 0 0 0 24 250 2282 1485 53 2 3 232 2060 1676 119 6 0 0
0 33 176 1997 1798 90 2 0 0 0 28 161 2209 1653 44 1 9 200 2022 1756 107 2 0 0
0 22 186 2006 1828 53 0 1 0 0 11 125 2138 1778 43 1 11 236 2187 1592 68 1 1 0
0 6 332 2138 1542 77 1 0 0 0 5 170 2311 1566 44 0 3 255 2219 1533 86 0 0 0
0 7 381 2303 1335 70 0 0 0 0 3 223 2359 1434 77 0 4 462 2292 1257 81 0 0 0
0 8 374 2051 1555 98 10 0 0 0 0 300 2808 969 19 0 2 217 2200 1574 93 8 2 0
1 24 232 2087 1616 106 26 4 0 0 17 851 2812 390 21 5 11 182 2304 1480 85 26 8 0
0 0 301 3122 669 4 0 0 0 0 0 166 3165 765 0 0 1 220 2742 1114 19 0 0 0
0 0 67 1969 1945 113 2 0 0 0 0 55 1830 2133 78 0 0 95 1902 1910 183 6 0 0
0 0 48 1303 2561 177 6 1 0 0 0 35 1283 2662 112 4 0 68 1453 2361 208 3 3 0
0 1 42 1678 2182 184 9 0 0 0 0 29 1522 2409 133 3 2 151 1874 1884 172 13 0 0
0 0 29 1071 2578 389 23 6 0 0 0 42 1495 2374 170 15 0 69 1490 2210 292 22 13 0
0 0 30 1438 2448 179 1 0 0 0 0 39 1582 2369 106 0 0 87 1841 2025 141 2 0 0
0 0 40 1323 2457 259 13 4 0 0 0 50 1637 2282 123 4 1 103 1667 2118 193 11 3 0
0 1 62 1331 2449 250 3 0 0 0 2 79 1706 2195 114 0 4 225 1996 1746 125 0 0 0
0 0 60 1041 2498 494 3 0 0 0 3 157 1659 2143 134 0 0 165 1680 1987 263 1 0 0
0 0 8 674 2720 679 15 0 0 0 0 40 1418 2490 148 0 0 37 1138 2485 431 5 0 0
0 0 18 570 2640 832 35 1 0 0 1 44 1603 2334 113 1 0 60 1003 2545 470 18 0 0
0 0 8 803 2741 536 8 0 0 0 0 60 1783 2161 91 1 0 59 1453 2298 280 6 0 0
0 0 49 1686 2115 227 19 0 0 0 0 96 2188 1729 82 1 1 174 2163 1606 144 8 0 0
0 1 143 1592 2042 299 19 0 0 0 5 153 2351 1500 87 0 2 215 1930 1693 238 18 0 0
0 0 72 1473 2106 413 32 0 0 0 0 160 2319 1531 85 1 0 116 1628 1976 339 36 1 0
0 1 98 1613 1712 498 159 15 0 1 22 815 2484 610 151 13 2 161 1693 1542 467 198 33 0
0 27 714 2923 430 2 0 0 0 0 29 756 3182 129 0 0 15 662 2717 698 4 0 0 0
0 0 133 2699 1251 13 0 0 0 0 1 224 2942 926 3 0 0 252 2471 1325 48 0 0 0
0 0 112 2109 1773 102 0 0 0 0 0 131 2299 1598 68 0 4 227 2100 1634 130 1 0 0
0 1 151 2051 1711 182 0 0 0 0 2 207 2285 1490 109 3 10 442 2145 1296 196 7 0 0
0 0 115 1764 1969 232 14 2 0 0 3 207 2202 1578 104 2 2 280 2197 1438 168 10 1 0
0 3 128 2034 1710 192 25 4 0 0 1 119 1899 1917 144 16 3 335 2191 1337 187 28 15 0
0 1 85 1752 2088 165 4 1 0 0 10 204 1849 1959 72 2 6 318 2110 1558 102 1 1 0
0 0 69 1704 2140 177 5 1 0 0 0 94 2079 1853 69 1 0 251 2327 1429 85 3 1 0
0 3 29 1108 2503 438 13 2 0 0 3 98 2048 1867 80 0 2 190 1990 1743 165 6 0 0
0 0 17 956 2461 626 31 5 0 0 0 40 1778 2133 140 5 1 126 1666 2003 273 24 3 0
0 0 91 1672 2097 231 5 0 0 0 3 107 1964 1900 121 1 2 234 1991 1685 182 2 0 0
0 0 61 1886 1929 212 8 0 0 0 3 138 2356 1513 86 0 3 216 2262 1465 147 3 0 0
0 0 84 2005 1756 209 33 9 0 0 0 131 2461 1395 99 10 1 255 2469 1180 146 33 12 0
0 0 107 1941 1637 328 75 8 0 0 2 252 2416 1287 132 7 3 384 2216 1151 254 80 8 0
0 0 182 2474 1284 130 25 1 0 0 1 524 2908 578 76 9 0 451 2588 919 113 24 1 0
0 0 319 2378 1285 101 10 3 0 0 29 1280 2480 285 18 4 4 617 2270 1094 94 11 6 0
0 114 2295 1607 72 8 0 0 0 0 316 2774 994 12 0 0 137 2499 1395 65 0 0 0 0
0 35 1116 2597 333 15 0 0 0 0 88 1666 2208 123 11 0 41 1687 2068 273 27 0 0 0
0 4 361 2569 1133 29 0 0 0 0 12 590 2859 625 10 0 11 739 2481 823 42 0 0 0
0 20 468 2203 1303 102 0 0 0 0 7 410 2741 903 35 0 22 765 2342 877 89 1 0 0
0 3 339 2478 1158 103 14 1 0 0 6 429 2769 863 28 1 7 765 2445 799 77 3 0 0
0 0 122 2182 1684 101 6 1 0 0 5 245 2687 1113 45 1 2 408 2434 1156 88 7 1 0
0 8 279 2259 1384 136 26 4 0 0 24 485 2503 1026 55 3 17 586 2366 1005 101 20 1 0
0 0 103 1997 1779 214 3 0 0 0 0 441 2870 764 21 0 0 510 2468 1013 105 0 0 0
0 22 500 2311 1175 87 1 0 0 0 9 624 2627 812 23 1 25 861 2282 865 62 1 0 0
0 8 402 2519 1078 70 13 6 0 0 8 514 2772 758 42 2 22 839 2428 741 56 8 2 0
0 1 223 2037 1633 195 7 0 0 0 6 459 2761 837 33 0 4 451 2393 1144 102 2 0 0
0 3 154 1968 1759 200 10 2 0 0 16 384 2811 830 55 0 2 264 2387 1282 152 9 0 0
0 1 120 2127 1644 189 15 0 0 0 7 583 2821 649 36 0 1 384 2445 1142 113 11 0 0
0 2 188 2120 1608 148 29 1 0 0 27 899 2648 483 34 5 15 597 2390 975 89 28 2 0
0 10 592 2460 972 58 4 0 0 0 45 1455 2245 343 8 0 22 1051 2357 627 39 0 0 0
0 16 1242 2435 382 18 3 0 0 0 307 2299 1406 81 3 0 44 1777 2020 237 16 2 0 0
