0 0 0 10 202 1019 1181 1684 0 0 0 19 413 1206 1053 1405 0 0 0 201 654 1273 894 1074
0 0 0 2 72 683 883 2456 0 0 0 8 139 868 925 2156 0 0 1 38 443 897 921 1796
7 13 2 17 20 121 668 3248 10 11 4 17 29 243 857 2925 10 11 8 17 80 502 909 2559
36 608 32 58 106 61 145 3050 79 578 30 75 91 62 293 2888 66 591 43 89 85 73 609 2540
65 1037 234 250 116 57 74 2263 162 1013 243 209 88 61 88 2232 158 1040 269 190 75 70 263 2031
28 1405 289 59 76 82 79 2078 73 1545 115 61 76 78 91 2057 60 1516 167 72 75 80 143 1983
77 829 469 610 629 303 102 1077 271 843 509 742 459 132 91 1049 197 1019 723 714 230 94 111 1008
63 1519 590 629 585 281 132 297 177 1655 571 716 403 222 91 261 122 1703 838 677 310 121 121 204
99 2075 384 275 401 286 118 458 163 2153 276 393 436 138 175 362 165 2096 387 617 231 106 306 188
126 1919 414 208 395 275 226 533 214 1953 323 296 393 242 278 397 179 2007 343 441 333 188 360 245
85 1469 795 248 359 394 275 471 162 1632 603 263 454 378 247 357 136 1645 682 334 511 273 404 111
225 2048 280 273 304 301 205 460 409 1929 274 326 327 284 150 397 217 2089 347 446 312 184 296 205
107 2463 736 234 98 148 69 241 316 2676 402 203 80 145 74 200 214 2774 455 171 161 68 150 103
85 1908 804 242 344 238 129 346 164 2212 474 314 310 186 172 264 130 2177 560 409 287 144 212 177
106 1581 766 293 334 250 239 527 173 1742 602 381 289 199 322 388 231 1777 566 452 240 211 384 235
