16 637 1109 773 604 390 227 340 2 200 985 957 730 484 311 427 2 123 856 1011 740 556 320 488
151 974 852 598 514 386 283 338 19 530 1004 696 576 439 366 466 1 229 980 819 610 503 376 578
183 1215 1413 688 344 171 63 19 57 664 1478 1024 511 225 104 33 34 563 1590 1092 493 195 88 41
605 1140 887 618 395 245 155 51 423 1107 901 705 434 276 173 77 216 1230 979 709 437 256 171 98
514 1168 936 674 425 219 119 41 321 1086 963 751 501 262 148 64 183 1107 1088 772 496 239 143 68
110 1185 1277 761 367 218 126 52 25 883 1385 882 463 249 141 68 18 892 1587 834 452 190 113 10
11 588 1458 1158 629 183 60 9 2 346 1300 1288 789 268 92 11 6 390 1369 1286 755 244 45 1
135 667 987 1046 837 316 92 16 57 651 957 1010 914 377 112 18 57 770 1047 1024 840 288 66 4
479 1340 746 588 447 241 167 88 658 1172 717 554 465 270 177 83 464 1388 782 556 424 247 155 80
491 566 868 840 616 415 220 80 459 519 809 891 641 444 223 110 391 668 878 877 596 384 209 93
7 651 1322 589 352 141 159 875 0 119 1443 837 422 228 192 855 0 86 1071 1278 476 182 226 777
26 848 1049 346 401 259 134 1033 0 212 1170 698 445 362 157 1052 0 115 1424 679 478 253 162 985
275 647 538 536 590 437 343 730 121 638 533 570 591 523 382 738 0 472 810 745 829 511 368 361
334 565 945 912 664 380 195 101 218 555 891 1022 699 413 207 91 143 630 1121 1023 647 313 185 34
1638 794 744 487 210 139 55 29 1526 848 777 522 224 119 59 21 1238 1107 862 533 189 107 51 9
