2305 1216 397 93 24 20 6 35 1470 1815 566 143 43 19 6 34 2734 1014 226 55 10 10 11 36
1891 1060 289 163 104 91 116 382 901 1847 418 230 111 92 118 379 2288 832 176 106 89 77 99 429
799 969 627 346 228 117 179 831 570 1045 705 403 240 120 170 843 1075 997 469 233 183 99 130 910
443 822 528 390 246 134 384 1149 341 779 599 441 255 139 370 1172 674 838 460 265 159 125 232 1343
470 733 344 261 164 132 915 1077 230 857 424 279 168 125 814 1199 715 619 251 194 150 97 521 1549
386 999 600 539 338 128 436 670 663 836 550 491 368 85 255 848 890 693 575 426 286 116 116 994
245 1237 384 232 304 213 296 1185 675 970 244 257 337 164 244 1205 1087 623 287 226 282 155 134 1302
261 1485 113 246 419 186 515 871 892 887 108 286 395 153 543 832 1451 361 180 270 271 189 312 1062
203 1618 133 267 409 227 620 619 741 1117 172 229 399 208 634 596 1387 478 219 180 307 273 474 778
505 1310 256 433 322 181 538 551 793 1051 276 331 367 190 537 551 1217 621 279 291 361 204 484 639
3 631 1397 395 192 210 563 705 56 706 1357 377 184 354 754 308 205 700 1200 383 412 491 613 92
60 866 1742 561 154 121 171 421 74 1150 1467 572 136 133 362 202 184 1208 1258 388 364 184 431 79
268 1285 1754 604 182 2 1 0 425 1417 1624 581 48 0 1 0 588 1430 1532 416 126 3 1 0
358 1743 929 902 135 29 0 0 513 1824 900 734 99 26 0 0 754 1760 938 534 85 25 0 0
1727 1893 465 11 0 0 0 0 1918 1785 385 8 0 0 0 0 2324 1459 305 8 0 0 0 0
