0 5 3937 154 0 0 0 0 0 0 3111 985 0 0 0 0 0 0 1224 2872 0 0 0 0
0 0 2543 1553 0 0 0 0 0 0 708 3388 0 0 0 0 0 0 76 4020 0 0 0 0
15 63 962 3049 7 0 0 0 18 56 211 3811 0 0 0 0 1 63 830 3202 0 0 0 0
76 140 542 3189 149 0 0 0 52 130 437 3475 2 0 0 0 5 248 1413 2330 100 0 0 0
115 227 494 3260 0 0 0 0 43 239 213 3599 2 0 0 0 1 275 145 3177 498 0 0 0
137 226 586 3147 0 0 0 0 27 239 350 3366 114 0 0 0 5 260 270 1933 1628 0 0 0
115 226 637 3118 0 0 0 0 16 234 357 2925 564 0 0 0 0 240 241 1198 2417 0 0 0
51 157 579 2720 589 0 0 0 8 153 349 2404 1182 0 0 0 7 178 1600 763 1548 0 0 0
44 155 732 3023 142 0 0 0 5 161 224 1989 1717 0 0 0 0 137 366 1411 2182 0 0 0
9 211 498 3186 192 0 0 0 0 190 183 1812 1911 0 0 0 0 80 240 1511 2265 0 0 0
3 184 349 2790 770 0 0 0 0 164 176 1805 1951 0 0 0 0 101 206 1526 2263 0 0 0
0 185 201 2469 1241 0 0 0 0 165 136 1709 2086 0 0 0 0 72 223 1340 2461 0 0 0
0 104 387 1920 1682 3 0 0 1 95 392 1762 1846 0 0 0 3 145 1114 1414 1419 1 0 0
0 82 185 1910 1919 0 0 0 0 62 179 709 3145 1 0 0 0 25 227 364 3468 12 0 0
0 4 194 471 3411 16 0 0 0 1 175 209 3655 56 0 0 0 1 220 162 3627 86 0 0
0 0 28 300 3042 726 0 0 0 0 20 493 2765 818 0 0 0 0 175 606 2577 738 0 0
0 0 0 18 239 2776 1036 27 0 0 0 57 934 2590 515 0 0 0 57 1116 612 2086 225 0
0 0 0 0 0 145 1756 2195 0 0 0 0 33 700 2152 1211 0 0 0 0 231 1088 2075 702
0 0 765 3331 0 0 0 0 0 0 334 3762 0 0 0 0 0 0 53 4043 0 0 0 0
0 0 122 3974 0 0 0 0 0 0 13 4082 1 0 0 0 0 0 1 4095 0 0 0 0
0 9 89 3501 497 0 0 0 0 25 60 3796 215 0 0 0 0 66 701 3129 200 0 0 0
0 16 200 2442 1438 0 0 0 0 22 252 2404 1418 0 0 0 2 76 1257 1116 1645 0 0 0
0 0 17 2934 1145 0 0 0 0 0 0 2151 1945 0 0 0 0 0 0 1399 2697 0 0 0
0 0 2 2482 1612 0 0 0 0 0 0 1221 2875 0 0 0 0 0 0 550 3546 0 0 0
0 0 6 2138 1952 0 0 0 0 0 0 552 3544 0 0 0 0 0 0 301 3795 0 0 0
0 11 130 1379 2576 0 0 0 0 33 119 1429 2515 0 0 0 3 69 1205 529 2290 0 0 0
0 0 8 1237 2851 0 0 0 0 0 4 348 3744 0 0 0 0 2 50 380 3664 0 0 0
0 0 0 630 3466 0 0 0 0 0 0 199 3897 0 0 0 0 0 0 174 3922 0 0 0
0 0 0 438 3658 0 0 0 0 0 0 279 3817 0 0 0 0 0 0 254 3842 0 0 0
0 0 0 273 3823 0 0 0 0 0 0 220 3876 0 0 0 0 0 0 217 3879 0 0 0
0 0 21 438 3632 5 0 0 0 0 28 442 3625 1 0 0 0 8 330 1589 2169 0 0 0
0 0 0 90 3902 104 0 0 0 0 0 58 3930 108 0 0 0 0 0 64 3976 56 0 0
0 0 0 1 2264 1831 0 0 0 0 0 0 2172 1924 0 0 0 0 0 0 2395 1701 0 0
0 0 0 5 865 3188 38 0 0 0 0 28 940 3126 2 0 0 0 13 738 454 2889 2 0
0 0 0 0 86 774 2380 856 0 0 0 2 259 1493 2235 107 0 0 3 244 1156 946 1747 0
0 0 0 0 0 0 85 4011 0 0 0 0 0 39 526 3531 0 0 0 0 14 107 2090 1885
0 67 246 3782 1 0 0 0 0 61 216 3809 10 0 0 0 0 61 201 3832 2 0 0 0
95 1006 585 1632 685 47 24 22 216 894 624 1754 545 35 24 4 162 1010 665 1803 393 35 23 5
0 72 140 1181 815 84 820 984 0 79 144 1512 492 259 1407 203 0 74 790 1009 419 973 813 18
0 0 78 1112 2906 0 0 0 0 0 112 1459 2525 0 0 0 0 0 1098 787 2211 0 0 0
0 0 2 1103 2991 0 0 0 0 0 1 717 3378 0 0 0 0 0 1 664 3431 0 0 0
0 0 0 761 3335 0 0 0 0 0 0 558 3538 0 0 0 0 0 0 514 3582 0 0 0
0 0 0 405 3691 0 0 0 0 0 0 297 3799 0 0 0 0 0 0 288 3808 0 0 0
0 14 89 478 3515 0 0 0 0 19 76 1080 2921 0 0 0 2 42 735 1055 2262 0 0 0
0 0 2 253 3841 0 0 0 0 0 0 206 3890 0 0 0 0 0 7 337 3752 0 0 0
0 0 0 136 3960 0 0 0 0 0 0 124 3972 0 0 0 0 0 0 129 3967 0 0 0
0 0 0 186 3910 0 0 0 0 0 0 169 3927 0 0 0 0 0 0 180 3916 0 0 0
0 1 59 245 3777 14 0 0 0 1 55 248 3776 16 0 0 0 4 152 152 3783 5 0 0
0 1 56 326 3690 23 0 0 0 5 69 329 3680 13 0 0 0 47 281 1438 2330 0 0 0
0 0 0 8 3918 170 0 0 0 0 0 6 3919 171 0 0 0 0 0 26 3947 123 0 0
0 0 0 0 995 3101 0 0 0 0 0 0 977 3119 0 0 0 0 0 1 1617 2478 0 0
0 0 0 0 817 3235 44 0 0 0 0 13 866 3214 3 0 0 0 12 819 502 2758 5 0
0 0 0 0 2 599 3182 313 0 0 0 0 16 1418 2640 22 0 0 0 41 910 986 2159 0
0 0 0 0 0 92 911 3093 0 0 0 0 1 453 2168 1474 0 0 0 0 369 1272 2077 378
0 186 1014 2685 74 63 73 1 0 177 779 2863 136 64 53 24 0 91 478 2832 520 71 71 33
23 506 715 2108 501 150 41 52 99 440 612 2120 629 89 44 63 41 452 509 2009 861 106 52 66
0 92 362 1902 641 595 338 166 0 73 300 1946 835 563 284 95 0 43 727 1352 1201 498 196 79
0 52 584 2150 1167 55 46 42 0 49 404 2132 1335 77 35 64 0 64 755 1506 1510 148 34 79
0 10 224 2361 1351 53 46 51 0 0 85 1683 2143 71 39 75 0 0 38 1186 2639 86 60 87
0 3 170 1893 1871 66 48 45 0 0 68 1088 2745 75 50 70 0 0 30 774 3039 106 61 86
0 5 132 1447 2345 73 67 27 0 1 80 732 3087 74 57 65 0 1 65 522 3265 92 67 84
1 11 231 1696 2024 69 55 9 0 4 160 1790 1961 89 67 25 0 9 612 1488 1748 130 64 45
0 18 141 1293 2499 67 76 2 0 0 77 767 3062 88 79 23 0 0 61 648 3127 143 51 66
0 8 140 1078 2694 84 92 0 0 0 60 682 3149 75 103 27 0 0 48 572 3233 85 86 72
0 0 142 947 2838 86 83 0 0 0 62 608 3224 71 129 2 0 0 51 506 3301 88 115 35
0 4 235 866 2812 110 69 0 0 2 161 648 3048 127 109 1 0 6 292 411 3102 147 107 31
0 4 87 627 3234 108 35 1 0 3 51 601 3210 170 56 5 0 6 182 1476 2135 214 71 12
0 0 30 206 3618 138 104 0 0 0 4 171 3625 149 137 10 0 0 4 138 3578 205 120 51
0 0 9 142 1975 1875 95 0 0 0 0 117 1872 1963 141 3 0 0 0 82 1991 1854 142 27
0 0 1 258 1138 2616 81 2 0 0 9 417 1140 2418 102 10 0 2 264 835 683 2177 118 17
0 0 0 32 356 1768 1924 16 0 0 0 47 439 2049 1545 16 0 0 22 252 589 1981 1226 26
0 0 0 0 265 857 2216 758 0 0 0 6 489 1207 2068 326 0 0 0 116 1037 1141 1646 156
2 969 3038 87 0 0 0 0 2 976 2821 297 0 0 0 0 1 621 2195 1277 2 0 0 0
0 0 1949 2145 2 0 0 0 0 0 853 3237 6 0 0 0 0 0 130 3910 56 0 0 0
0 20 771 2889 360 38 18 0 0 18 345 3343 311 48 31 0 0 35 717 2560 637 105 36 6
3 372 1778 1226 608 84 23 2 1 254 1500 1888 277 140 31 5 5 246 1748 1613 259 171 39 15
0 11 1822 2227 36 0 0 0 0 1 745 3024 322 4 0 0 0 0 301 2931 859 5 0 0
0 1 209 3775 111 0 0 0 0 1 6 2855 1234 0 0 0 0 0 2 1785 2309 0 0 0
1 254 1150 2454 237 0 0 0 1 187 971 2108 825 4 0 0 4 239 972 1862 1014 5 0 0
0 68 1369 1927 580 77 71 4 0 51 1094 2192 593 60 93 13 0 109 1554 1764 488 60 88 33
0 0 189 3375 299 95 103 35 0 0 41 2147 1648 100 101 59 0 0 11 1362 2432 103 104 84
9 243 378 3275 191 0 0 0 8 191 336 2528 1033 0 0 0 12 224 312 2356 1192 0 0 0
1 173 2913 787 222 0 0 0 1 67 2833 869 324 2 0 0 1 119 2842 837 296 1 0 0
0 11 2262 1329 413 72 9 0 0 1 1632 1660 709 68 26 0 0 30 1630 1637 700 60 39 0
0 62 781 1368 1683 71 101 30 0 37 724 1115 1996 82 89 53 0 40 779 2196 844 81 81 75
0 43 2243 1152 646 12 0 0 0 30 1976 1296 758 36 0 0 0 41 2169 1137 717 32 0 0
0 0 503 2600 970 23 0 0 0 0 288 2693 1054 61 0 0 0 0 422 2583 992 99 0 0
0 0 80 1891 1458 636 23 8 0 0 97 1863 1864 237 28 7 0 5 408 2511 904 242 18 8
0 0 11 1437 1658 892 84 14 0 0 7 1603 1725 676 70 15 0 0 33 2218 1183 579 66 17
0 0 0 171 2775 955 179 16 0 0 0 323 2886 766 111 10 0 0 0 1336 2120 550 88 2
5 1750 2330 11 0 0 0 0 5 1627 2416 48 0 0 0 0 1 1442 2412 241 0 0 0 0
104 177 3499 316 0 0 0 0 130 91 2913 962 0 0 0 0 120 91 1620 2263 2 0 0 0
62 170 2243 1455 155 11 0 0 107 107 1471 2243 140 26 2 0 60 159 1554 2058 208 52 5 0
34 1000 1978 923 159 2 0 0 45 748 1996 1216 84 7 0 0 47 681 2557 741 67 3 0 0
48 149 3786 113 0 0 0 0 47 38 2674 1337 0 0 0 0 57 28 1536 2473 2 0 0 0
118 251 2545 1182 0 0 0 0 160 201 755 2977 3 0 0 0 202 168 443 3269 14 0 0 0
0 250 2946 895 5 0 0 0 0 171 1738 2174 13 0 0 0 0 239 1784 2066 7 0 0 0
3 326 1474 1886 280 98 29 0 2 266 1398 1952 317 106 52 3 5 331 2070 1279 247 94 66 4
117 208 1860 1763 27 48 72 1 104 184 511 3059 104 44 70 20 125 156 360 3116 200 41 63 35
0 360 2239 1484 13 0 0 0 0 200 1273 2587 36 0 0 0 0 293 1196 2573 34 0 0 0
0 190 3313 528 65 0 0 0 0 82 3279 648 87 0 0 0 0 151 3291 583 71 0 0 0
0 346 2399 1047 188 87 26 3 0 290 2144 1175 357 74 51 5 3 468 2146 1090 253 71 55 10
0 205 1609 1331 829 46 52 24 0 111 1535 1343 968 48 49 42 1 179 1718 1772 282 47 55 42
0 47 3133 794 122 0 0 0 0 30 3041 888 136 1 0 0 0 80 3229 701 86 0 0 0
0 14 1341 2568 173 0 0 0 0 13 1164 2712 207 0 0 0 0 23 1837 2112 124 0 0 0
0 30 766 1577 1583 128 7 5 0 19 775 1566 1618 93 21 4 0 76 984 2451 464 103 14 4
0 1 380 2690 944 69 8 4 0 1 347 2667 989 78 7 7 0 7 996 2311 694 74 7 7
0 0 24 2666 1366 40 0 0 0 0 22 2823 1226 25 0 0 0 0 300 3196 598 2 0 0
1234 1870 797 170 25 0 0 0 1507 1443 909 181 56 0 0 0 1334 1444 1000 209 108 1 0 0
1582 1194 903 313 104 0 0 0 1780 938 933 309 130 6 0 0 1786 864 929 347 153 17 0 0
440 1035 1305 1201 113 2 0 0 654 741 1205 1323 147 26 0 0 397 838 1858 727 201 75 0 0
97 1392 1477 893 230 7 0 0 64 1206 1479 1171 153 21 2 0 50 1072 2014 839 84 33 4 0
706 1367 1739 284 0 0 0 0 582 917 2141 437 19 0 0 0 432 1001 2060 568 35 0 0 0
616 2192 836 395 57 0 0 0 965 1932 686 427 84 2 0 0 1547 1447 649 358 92 3 0 0
167 1420 1966 496 47 0 0 0 183 1374 1762 679 98 0 0 0 225 1637 1492 634 106 2 0 0
17 498 1334 1769 421 50 6 1 10 414 1278 1840 422 119 11 2 73 380 1792 1537 167 133 12 2
648 1539 1178 548 70 86 27 0 764 1386 926 807 77 77 57 2 951 1209 906 806 85 82 54 3
156 1642 1724 504 69 1 0 0 89 1585 1405 855 159 3 0 0 107 1598 1355 867 166 3 0 0
261 1285 1809 652 89 0 0 0 281 1121 1923 619 151 1 0 0 340 1347 1727 549 132 1 0 0
2 371 2312 1002 317 82 10 0 2 263 2185 1105 426 83 31 1 4 504 2002 1183 273 92 37 1
329 912 827 1100 796 51 65 16 363 731 827 1020 1006 45 73 31 343 806 889 1503 398 50 66 41
137 1041 1922 786 198 12 0 0 122 846 2054 795 242 37 0 0 200 1125 1863 674 196 38 0 0
58 260 2512 989 238 39 0 0 44 248 2381 1104 266 53 0 0 84 289 2538 935 195 55 0 0
6 69 1304 1283 1349 65 17 3 9 51 1243 1388 1301 77 21 6 4 156 1379 2095 360 77 18 7
36 447 1829 1203 483 93 5 0 34 439 1761 1124 616 107 15 0 55 433 1828 1134 522 115 9 0
1 145 1123 2248 501 78 0 0 0 143 1031 2327 510 85 0 0 2 192 1427 2024 364 87 0 0
736 1472 1877 11 0 0 0 0 1035 2225 834 2 0 0 0 0 1080 2574 439 3 0 0 0 0
1286 1605 1063 141 1 0 0 0 1545 1587 859 105 0 0 0 0 1310 2010 681 95 0 0 0 0
964 1019 555 1391 154 12 1 0 1227 772 511 1226 324 35 1 0 724 1127 1052 733 394 64 2 0
479 1325 1098 1057 113 23 1 0 431 1291 956 1211 163 42 2 0 341 1229 1473 842 153 54 4 0
1718 1652 434 292 0 0 0 0 1621 1723 430 320 2 0 0 0 1233 2088 428 341 6 0 0 0
1486 1791 470 336 13 0 0 0 1450 1810 468 347 21 0 0 0 1330 1925 476 338 27 0 0 0
497 699 1664 1225 10 1 0 0 492 746 1898 952 7 1 0 0 482 1148 2111 346 9 0 0 0
322 688 1062 1808 135 75 0 6 300 621 1022 1793 219 123 12 6 241 711 1880 933 173 116 36 6
1305 1444 761 335 154 94 3 0 1103 1580 554 566 142 129 22 0 1021 1619 521 636 136 129 34 0
1551 1745 409 296 94 1 0 0 1396 1879 400 310 110 1 0 0 1342 1908 415 322 108 1 0 0
389 1083 1341 1225 58 0 0 0 306 1245 1502 985 57 1 0 0 310 1667 1633 444 40 2 0 0
368 864 1528 1089 199 40 5 3 375 743 1578 1043 270 79 5 3 388 1012 1443 974 188 83 5 3
151 1235 711 1381 465 130 21 2 124 1284 619 1225 628 156 56 4 191 1224 723 1287 404 186 67 14
46 1990 1057 857 145 1 0 0 37 1865 1131 887 174 2 0 0 53 2043 1126 730 141 3 0 0
4 603 2778 530 173 8 0 0 1 431 2893 563 163 45 0 0 1 681 2726 489 138 61 0 0
17 184 1608 1608 654 24 1 0 28 184 1545 1549 729 59 2 0 22 371 1588 1676 356 82 1 0
101 1331 989 1125 458 89 3 0 100 1320 939 1058 522 152 5 0 165 1221 1080 948 480 186 15 1
2 319 2393 983 333 66 0 0 0 313 2353 999 317 114 0 0 4 369 2411 904 249 159 0 0
720 1861 841 550 85 39 0 0 1489 1223 572 610 131 64 7 0 730 1925 510 682 164 61 24 0
629 1914 600 698 205 50 0 0 812 1726 520 646 297 90 5 0 327 2134 491 644 380 84 36 0
97 1710 1053 1020 182 29 5 0 90 1635 965 986 359 44 17 0 22 1402 1306 816 449 80 18 3
111 1494 1003 1288 124 59 17 0 80 1374 888 1363 273 81 36 1 43 1111 1346 956 490 81 56 13
69 2200 673 871 161 95 27 0 51 2068 612 786 406 91 82 0 30 1806 765 699 574 96 83 43
85 2092 610 897 197 212 3 0 50 2005 535 837 366 223 80 0 31 1920 560 731 505 144 202 3
182 1356 980 1054 316 208 0 0 171 1252 920 992 382 367 12 0 151 1198 1005 873 414 245 209 1
84 902 1474 1241 299 92 4 0 102 759 1265 1412 294 233 31 0 60 725 1776 893 305 224 111 2
16 1835 943 915 349 38 0 0 3 1345 1037 1050 532 125 4 0 3 799 1431 975 661 196 31 0
29 1808 702 842 472 242 1 0 14 1528 761 734 607 419 33 0 4 1108 1032 693 647 362 249 1
170 1330 639 914 559 449 35 0 183 1259 513 847 570 525 199 0 170 1186 554 711 570 413 447 45
224 971 923 1114 573 277 14 0 209 850 832 1119 532 492 62 0 196 810 861 1028 468 448 282 3
23 1119 1158 1208 513 75 0 0 7 782 1182 1285 614 216 10 0 1 426 1396 1220 653 346 54 0
16 1089 642 813 1124 405 7 0 8 798 719 767 966 793 45 0 4 569 834 559 945 835 344 6
1 464 921 764 990 942 14 0 0 292 969 580 845 1347 63 0 0 134 1046 387 845 911 759 14
1 264 938 1353 911 618 11 0 1 195 913 1241 683 1019 44 0 2 167 938 932 696 846 509 6
0 274 968 1148 1162 540 4 0 0 208 939 977 1074 872 26 0 0 164 913 527 1123 923 443 3
0 180 935 735 1179 1018 47 2 0 146 913 586 1016 1313 117 5 0 100 921 322 758 1036 898 61
3 278 1705 1124 879 107 0 0 2 198 1563 1114 837 381 1 0 0 25 1125 1054 891 685 315 1
1 40 620 1630 1390 415 0 0 0 25 442 1237 1473 902 17 0 0 3 135 686 1370 1112 777 13
0 73 520 1277 1489 734 3 0 0 46 315 1002 1369 1288 76 0 0 14 145 580 1114 1083 1104 56
2 263 705 1082 1041 976 27 0 1 221 476 964 984 1310 140 0 0 128 278 701 970 738 1184 97
0 50 437 961 1235 1269 144 0 0 35 290 804 1049 1433 485 0 0 3 120 525 815 947 1295 391
1 40 493 669 1269 1520 104 0 0 16 328 579 932 1771 470 0 0 3 130 533 549 883 1642 356
0 13 22 186 2041 1743 91 0 0 9 14 72 1170 2368 462 1 0 1 14 19 146 1628 1996 292
0 106 172 405 1273 2001 139 0 0 58 156 248 929 2081 622 2 0 39 124 162 397 986 1998 390
0 152 693 478 464 2218 91 0 0 76 511 556 341 1906 705 1 0 45 331 620 371 259 2116 354
0 18 237 636 547 2478 180 0 0 3 100 543 427 2019 1004 0 0 1 45 339 558 349 2277 527
0 23 63 184 444 2996 385 1 0 15 38 140 238 1902 1760 3 0 7 24 82 182 286 2534 981
0 0 10 26 243 3328 489 0 0 0 4 19 83 2161 1823 6 0 0 0 10 27 190 2871 998
0 5 52 83 214 3123 619 0 0 1 35 73 64 1786 2135 2 0 0 12 81 45 171 2514 1273
0 0 0 7 97 2763 1227 2 0 0 0 5 20 1386 2671 14 0 0 0 0 7 84 2232 1773
0 1 3 4 69 2689 1330 0 0 0 4 1 15 1290 2782 4 0 0 1 3 4 47 2202 1839
0 0 0 1 32 2742 1321 0 0 0 0 1 9 1208 2875 3 0 0 0 0 4 62 2257 1773
0 0 0 0 5 1801 2289 1 0 0 0 0 1 841 3230 24 0 0 0 0 0 5 1432 2659
0 0 1 1 7 1317 2769 1 0 0 0 2 2 367 3717 8 0 0 0 0 2 4 802 3288
0 0 0 0 573 3447 76 0 0 0 0 0 102 3541 453 0 0 0 0 0 0 73 3318 705
0 0 0 0 187 3653 256 0 0 0 0 0 7 2826 1263 0 0 0 0 0 0 4 2373 1719
0 0 0 0 99 3462 535 0 0 0 0 0 1 1995 2100 0 0 0 0 0 0 2 1588 2506
0 0 0 0 8 2905 1183 0 0 0 0 0 0 898 3194 4 0 0 0 0 0 0 916 3180
0 0 0 0 0 3019 1077 0 0 0 0 0 0 701 3395 0 0 0 0 0 0 0 820 3276
0 0 0 0 0 2553 1543 0 0 0 0 0 0 714 3376 6 0 0 0 0 0 0 926 3170
0 0 0 0 6 2623 1467 0 0 0 0 0 1 361 3734 0 0 0 0 0 0 1 634 3461
0 0 0 0 0 2053 2043 0 0 0 0 0 0 254 3777 65 0 0 0 0 0 0 570 3526
0 0 0 0 1 2329 1766 0 0 0 0 0 0 151 3941 4 0 0 0 0 0 0 451 3645
0 0 0 0 8 2528 1559 1 0 0 0 0 3 153 3936 4 0 0 0 0 0 5 636 3455
0 0 0 0 0 2062 2034 0 0 0 0 0 0 158 3931 7 0 0 0 0 0 0 770 3326
0 0 0 0 1 1427 2668 0 0 0 0 0 0 69 4026 1 0 0 0 0 0 0 354 3742
0 0 0 0 0 815 3281 0 0 0 0 0 0 3 4084 9 0 0 0 0 0 0 76 4020
0 0 0 0 0 338 3757 1 0 0 0 0 0 3 4084 9 0 0 0 0 0 0 30 4066
0 0 0 0 4 379 3712 1 0 0 0 0 3 31 4040 22 0 0 0 0 0 4 105 3987
0 0 0 0 8 249 3760 79 0 0 0 0 3 53 3748 292 0 0 0 0 0 18 93 3985
0 0 0 0 2 137 3774 183 0 0 0 0 0 29 3284 783 0 0 0 0 0 3 66 4027
0 0 0 0 0 27 4025 44 0 0 0 0 0 6 3858 232 0 0 0 0 0 0 13 4083
0 0 0 0 1 3907 188 0 0 0 0 0 0 3080 1016 0 0 0 0 0 0 0 2223 1873
0 0 0 0 0 3551 545 0 0 0 0 0 0 1426 2670 0 0 0 0 0 0 0 725 3371
0 0 0 0 0 3363 733 0 0 0 0 0 0 643 3453 0 0 0 0 0 0 0 256 3840
0 0 0 0 0 2131 1965 0 0 0 0 0 0 193 3739 164 0 0 0 0 0 0 144 3952
0 0 0 0 0 1569 2527 0 0 0 0 0 0 25 4019 52 0 0 0 0 0 0 31 4065
0 0 0 0 0 1407 2670 19 0 0 0 0 0 13 3326 757 0 0 0 0 0 0 20 4076
0 0 0 0 0 1109 2987 0 0 0 0 0 0 16 3657 423 0 0 0 0 0 0 72 4024
0 0 0 0 0 944 3096 56 0 0 0 0 0 0 3909 187 0 0 0 0 0 0 10 4086
0 0 0 0 0 435 3573 88 0 0 0 0 0 0 3167 929 0 0 0 0 0 0 16 4080
0 0 0 0 0 384 3710 2 0 0 0 0 0 0 3298 798 0 0 0 0 0 0 27 4069
0 0 0 0 0 345 3751 0 0 0 0 0 0 9 3722 365 0 0 0 0 0 0 20 4076
0 0 0 0 1 159 3856 80 0 0 0 0 0 10 3051 1035 0 0 0 0 0 1 26 4069
0 0 0 0 0 150 3898 48 0 0 0 0 0 1 3377 718 0 0 0 0 0 0 2 4094
0 0 0 0 0 30 4036 30 0 0 0 0 0 3 3204 889 0 0 0 0 0 0 3 4093
0 0 0 0 0 23 4048 25 0 0 0 0 0 1 2979 1116 0 0 0 0 0 0 5 4091
0 0 0 0 0 9 4083 4 0 0 0 0 0 0 3515 581 0 0 0 0 0 0 0 4096
0 0 0 0 0 21 3821 254 0 0 0 0 0 0 2948 1148 0 0 0 0 0 0 0 4096
0 0 0 0 0 157 3787 152 0 0 0 0 0 11 2887 1198 0 0 0 0 0 0 12 4084
