1872 1833 220 74 38 21 20 18 0 979 2662 286 82 32 24 31 59 1961 1376 356 138 109 56 41
1123 2436 441 55 38 3 0 0 0 456 3095 463 59 21 2 0 12 1833 1932 247 55 16 1 0
217 1379 1177 421 279 230 205 188 8 224 1730 1019 367 255 229 264 1 68 876 1270 758 450 333 340
5 1197 1839 403 200 151 101 200 0 9 1212 1924 369 208 115 259 0 0 1066 1424 663 345 258 340
0 181 1593 517 343 326 344 792 0 14 436 1527 496 334 356 933 0 0 53 792 911 565 583 1192
26 886 930 345 265 262 280 1102 0 83 1146 759 324 284 290 1210 0 4 342 765 490 516 505 1474
260 1605 1515 265 167 111 74 99 0 497 1950 1091 212 144 89 113 0 105 2055 1158 299 165 143 171
9 1695 1988 214 103 57 24 6 0 20 2574 1215 148 85 35 19 0 79 2719 889 229 112 51 17
0 588 2814 436 117 80 44 17 0 0 1633 2055 201 100 73 34 0 16 2084 1450 292 129 78 47
12 368 2151 691 311 202 150 211 0 49 986 1889 472 272 186 242 0 6 698 1857 569 355 256 355
9 104 578 706 556 405 342 1396 2 69 295 612 647 511 438 1522 0 0 61 403 646 625 540 1821
4 557 1012 756 299 241 240 987 0 34 873 1095 480 293 235 1086 0 7 494 978 671 367 336 1243
2 438 2296 598 164 158 155 285 3 101 1609 1525 203 174 170 311 0 82 1912 842 391 245 199 425
10 279 2847 955 5 0 0 0 1 135 1628 2292 40 0 0 0 0 241 2796 1049 10 0 0 0
1 729 2396 966 4 0 0 0 0 125 2008 1924 39 0 0 0 0 519 2472 1094 11 0 0 0
1 634 2813 627 21 0 0 0 0 16 2761 1231 82 6 0 0 0 337 3031 713 15 0 0 0
9 729 2759 578 16 5 0 0 0 31 1783 2019 250 11 2 0 0 312 3003 750 25 6 0 0
0 287 2007 1547 242 13 0 0 0 0 486 2389 1056 159 6 0 0 98 1813 1899 283 3 0 0
0 452 1245 1832 497 61 9 0 0 2 562 1616 1472 393 44 7 0 67 1818 1829 360 22 0 0
0 313 1222 1452 803 237 69 0 0 4 400 1350 1356 689 224 73 0 84 1365 1749 715 151 32 0
11 503 2636 731 203 12 0 0 0 16 1722 1538 664 148 8 0 0 232 2897 796 168 3 0 0
141 758 2253 890 54 0 0 0 0 342 1009 2312 407 26 0 0 30 575 2335 1135 21 0 0 0
151 687 302 1339 1617 0 0 0 0 496 645 1276 1679 0 0 0 50 833 486 2397 330 0 0 0
8 153 973 734 2220 8 0 0 0 26 422 1443 2194 11 0 0 0 8 400 2471 1173 44 0 0
1 315 1667 1517 561 10 10 15 0 64 653 1705 1602 38 14 20 0 41 501 1511 1252 745 20 26
1097 1732 506 266 195 148 98 54 0 577 2242 509 268 196 166 138 41 1705 957 410 353 264 199 167
1811 1895 205 85 44 30 18 8 13 1344 2427 167 75 33 26 11 346 2363 1046 203 68 37 25 8
332 2571 791 184 76 53 43 46 1 281 2935 561 140 70 49 59 1 651 2052 923 245 87 59 78
30 1824 1152 384 271 185 117 133 2 102 2011 1070 331 246 159 175 0 87 1362 1310 561 358 212 206
42 849 1089 500 399 316 296 605 1 106 1264 853 448 362 338 724 0 46 724 692 654 552 509 919
86 1505 1300 399 203 169 123 311 4 332 1844 933 285 181 158 359 0 108 1192 1123 627 338 249 459
89 1638 1499 459 231 106 33 41 0 371 2051 1070 328 165 58 53 0 439 1743 1102 437 229 85 61
18 1480 2098 328 129 24 10 9 0 117 2162 1494 208 88 15 12 0 601 2602 670 156 34 20 13
2 1194 2240 526 100 12 7 15 0 51 2220 1502 280 16 11 16 0 265 2550 1029 202 20 9 21
2 811 2395 565 146 69 47 61 0 37 2097 1426 329 85 53 69 0 61 2402 986 326 135 77 109
1 408 2290 735 324 178 103 57 0 21 1187 1917 486 255 134 96 0 44 1325 1591 581 299 149 107
0 152 2289 990 285 146 87 147 1 36 693 2278 564 221 131 172 0 4 1093 1801 590 246 128 234
21 1112 1723 688 215 137 91 109 7 420 1801 1070 391 165 108 134 1 255 1955 1009 376 210 138 152
24 2537 1505 30 0 0 0 0 0 1163 2891 42 0 0 0 0 2 2830 1259 5 0 0 0 0
4 396 3233 452 11 0 0 0 0 135 2828 1102 31 0 0 0 0 449 3213 434 0 0 0 0
0 703 2906 449 38 0 0 0 0 122 2654 1194 102 24 0 0 0 430 3288 370 8 0 0 0
0 452 3188 445 11 0 0 0 0 1 2003 1957 128 7 0 0 0 546 3148 392 10 0 0 0
0 74 2424 1526 72 0 0 0 0 0 393 2853 821 29 0 0 0 43 2603 1426 24 0 0 0
0 212 1495 1948 416 25 0 0 0 3 415 1793 1566 296 23 0 0 112 2486 1404 93 1 0 0
11 835 2142 976 128 4 0 0 0 37 1317 2034 634 72 2 0 3 442 2940 686 25 0 0 0
19 797 2765 464 50 1 0 0 0 92 2305 1442 248 9 0 0 0 459 3302 333 2 0 0 0
1 823 2605 587 80 0 0 0 0 5 1725 2218 148 0 0 0 0 269 2866 746 215 0 0 0
6 196 2010 1772 112 0 0 0 0 15 471 2785 825 0 0 0 0 0 427 1366 2123 180 0 0
30 171 676 3160 59 0 0 0 0 76 183 1003 2795 39 0 0 0 7 152 214 1745 1962 16 0
0 0 306 3530 260 0 0 0 0 0 0 341 3613 142 0 0 0 0 0 0 422 3600 74 0
701 1962 1042 201 128 50 12 0 0 364 2609 757 203 109 42 12 108 1755 1670 359 134 48 22 0
2384 1012 606 56 20 9 9 0 13 2306 1441 287 19 14 13 3 732 2537 746 41 22 17 1 0
733 2269 915 170 9 0 0 0 0 909 2510 651 19 7 0 0 32 2351 1571 130 11 1 0 0
146 1926 1141 657 110 58 47 11 0 175 2329 1280 138 85 58 31 1 963 2322 552 136 82 40 0
40 1906 1124 964 39 22 1 0 0 231 2441 1286 94 28 16 0 0 590 2666 759 54 26 1 0
20 1667 1221 1107 42 31 8 0 0 231 2285 1408 101 46 22 3 0 733 2329 945 51 33 5 0
34 1261 1498 1279 19 4 1 0 0 167 2373 1447 93 11 5 0 0 670 2448 950 22 4 2 0
24 1417 1323 1297 35 0 0 0 0 341 2429 1314 12 0 0 0 3 1166 2310 617 0 0 0 0
0 974 1493 1550 79 0 0 0 0 72 2438 1581 5 0 0 0 0 580 2931 585 0 0 0 0
0 372 1595 1715 389 24 1 0 0 104 1634 2202 96 51 8 1 0 203 2510 1297 72 13 1 0
0 339 1135 1823 736 35 26 2 8 117 1136 2485 219 80 40 11 0 227 1843 1827 126 47 23 3
0 37 1652 1375 1032 0 0 0 0 32 1188 2856 20 0 0 0 0 37 2391 1668 0 0 0 0
23 440 1282 1408 898 31 7 7 7 300 1104 2456 159 46 15 9 9 535 1997 1444 73 25 13 0
1 1655 2425 15 0 0 0 0 0 365 3677 54 0 0 0 0 0 2375 1721 0 0 0 0 0
0 393 3038 665 0 0 0 0 0 121 2948 1019 8 0 0 0 0 682 3017 396 1 0 0 0
0 1724 1779 475 118 0 0 0 0 416 2924 576 180 0 0 0 0 1510 2063 506 17 0 0 0
0 877 2332 866 21 0 0 0 0 68 2109 1854 65 0 0 0 2 745 2826 522 1 0 0 0
6 53 1267 2423 347 0 0 0 12 45 419 3326 294 0 0 0 0 51 1985 2040 20 0 0 0
44 151 374 2225 1302 0 0 0 17 227 449 3201 202 0 0 0 0 147 1148 2776 25 0 0 0
76 339 285 2013 1382 1 0 0 68 401 396 2988 197 46 0 0 11 403 947 2608 127 0 0 0
12 875 1921 954 334 0 0 0 6 110 2563 1329 88 0 0 0 0 621 2437 1002 36 0 0 0
78 484 1105 1562 867 0 0 0 24 389 777 2541 360 5 0 0 0 249 1191 1858 796 2 0 0
1 23 2032 2040 0 0 0 0 0 1 25 3043 1027 0 0 0 0 0 3 60 3788 245 0 0
0 0 314 3749 33 0 0 0 0 0 0 761 3324 11 0 0 0 0 0 0 1340 2755 1 0
0 0 531 3375 190 0 0 0 0 0 0 650 3360 86 0 0 0 0 0 0 830 3254 12 0
554 1375 1984 183 0 0 0 0 1 711 3042 342 0 0 0 0 102 1859 2127 8 0 0 0 0
272 1373 1712 739 0 0 0 0 2 672 2752 670 0 0 0 0 0 1396 2696 4 0 0 0 0
219 1045 1630 1201 1 0 0 0 1 583 2588 918 6 0 0 0 0 829 2912 351 4 0 0 0
943 518 1203 1432 0 0 0 0 88 1151 1591 1264 2 0 0 0 17 1313 2582 184 0 0 0 0
869 670 896 1661 0 0 0 0 121 1228 1496 1251 0 0 0 0 4 1268 2661 163 0 0 0 0
228 1008 895 1951 14 0 0 0 56 914 1197 1874 55 0 0 0 0 551 2566 971 8 0 0 0
328 1264 816 1568 120 0 0 0 23 1387 1014 1671 1 0 0 0 1 1057 2298 740 0 0 0 0
120 1417 636 1494 429 0 0 0 56 1382 600 2055 3 0 0 0 2 1096 1816 1159 23 0 0 0
46 2119 340 920 671 0 0 0 26 2016 371 1682 1 0 0 0 8 1780 1100 1204 4 0 0 0
558 1379 535 755 869 0 0 0 324 1510 500 1727 35 0 0 0 48 1435 1080 1506 27 0 0 0
189 1433 492 1214 768 0 0 0 235 1274 481 1928 178 0 0 0 10 942 1018 1947 179 0 0 0
25 810 344 1278 1529 110 0 0 41 839 818 1956 415 27 0 0 0 415 1235 2117 323 6 0 0
22 2029 976 672 397 0 0 0 57 1851 1014 1079 95 0 0 0 7 1794 1290 989 16 0 0 0
2 884 2765 445 0 0 0 0 0 489 3058 548 1 0 0 0 6 1392 2589 109 0 0 0 0
0 163 2448 1471 14 0 0 0 0 108 2324 1647 17 0 0 0 0 322 3218 548 8 0 0 0
209 1837 1695 336 19 0 0 0 182 1306 2133 369 100 6 0 0 30 2222 1545 264 35 0 0 0
130 1618 2013 305 30 0 0 0 91 644 2422 846 86 7 0 0 17 1565 2135 347 29 3 0 0
67 1734 1706 587 2 0 0 0 33 1342 1556 1082 83 0 0 0 31 1446 1959 653 7 0 0 0
43 2765 954 331 3 0 0 0 24 2557 952 535 28 0 0 0 391 1639 1321 738 7 0 0 0
47 4041 8 0 0 0 0 0 11 4081 4 0 0 0 0 0 2463 1574 59 0 0 0 0 0
13 1056 2636 391 0 0 0 0 8 699 2730 556 103 0 0 0 7 1011 2529 486 63 0 0 0
77 2126 1511 382 0 0 0 0 4 1888 968 1233 3 0 0 0 4 1657 1216 564 655 0 0 0
4 78 1602 2412 0 0 0 0 0 10 123 2901 1062 0 0 0 0 0 9 182 3644 261 0 0
0 0 334 3666 96 0 0 0 0 0 0 1087 3000 9 0 0 0 0 0 0 1743 2351 2 0
0 0 782 3089 225 0 0 0 0 0 0 1218 2801 77 0 0 0 0 0 0 1274 2783 39 0
1188 2691 217 0 0 0 0 0 0 1225 2864 7 0 0 0 0 211 2145 1739 1 0 0 0 0
1686 2229 181 0 0 0 0 0 22 2206 1865 3 0 0 0 0 14 2321 1761 0 0 0 0 0
1463 1511 1090 25 7 0 0 0 131 1795 1929 228 13 0 0 0 72 1791 1921 306 6 0 0 0
1633 1534 925 4 0 0 0 0 30 2242 1700 124 0 0 0 0 21 1859 2138 78 0 0 0 0
1935 1254 874 33 0 0 0 0 122 2669 1213 92 0 0 0 0 11 2505 1452 128 0 0 0 0
367 2159 1409 161 0 0 0 0 74 1564 1868 590 0 0 0 0 3 928 2374 791 0 0 0 0
1185 1658 1147 106 0 0 0 0 80 2430 1182 404 0 0 0 0 2 1856 1860 377 1 0 0 0
302 2232 1063 496 3 0 0 0 52 2173 1202 665 4 0 0 0 7 2020 1371 677 21 0 0 0
872 2694 358 172 0 0 0 0 15 3126 705 249 1 0 0 0 31 2774 990 284 17 0 0 0
1351 1420 851 472 2 0 0 0 718 1877 771 721 9 0 0 0 68 1993 1441 594 0 0 0 0
311 2160 577 1001 47 0 0 0 232 2076 628 1007 153 0 0 0 21 1598 1214 1045 218 0 0 0
466 1994 607 819 210 0 0 0 87 3505 429 75 0 0 0 0 4 1929 2047 116 0 0 0 0
95 2419 912 331 338 1 0 0 57 2590 1244 198 7 0 0 0 4 1239 2608 238 7 0 0 0
64 1251 2524 256 1 0 0 0 1 858 2770 435 32 0 0 0 8 1873 2128 87 0 0 0 0
0 505 2841 739 11 0 0 0 0 678 2748 654 16 0 0 0 0 1037 2875 183 1 0 0 0
211 1744 1847 294 0 0 0 0 90 1538 2163 305 0 0 0 0 22 2318 1558 197 1 0 0 0
232 1674 1736 434 20 0 0 0 194 1076 2111 623 87 5 0 0 46 2164 1550 315 21 0 0 0
54 2134 1344 552 12 0 0 0 60 1992 1145 878 21 0 0 0 21 2036 1405 621 13 0 0 0
11 2164 1621 300 0 0 0 0 5 1940 1549 602 0 0 0 0 316 1315 1761 704 0 0 0 0
17 3978 55 46 0 0 0 0 0 3994 50 52 0 0 0 0 2257 1692 74 61 12 0 0 0
32 1887 1736 439 2 0 0 0 8 997 2328 697 66 0 0 0 0 1450 2084 510 52 0 0 0
756 1330 1455 555 0 0 0 0 116 1325 1216 1417 22 0 0 0 27 1328 1221 782 738 0 0 0
0 81 1452 2563 0 0 0 0 0 0 164 2949 983 0 0 0 0 0 1 245 3698 152 0 0
0 0 349 3674 73 0 0 0 0 0 0 1102 2991 3 0 0 0 0 0 0 1588 2508 0 0
0 0 778 3188 130 0 0 0 0 0 0 1484 2532 80 0 0 0 0 0 0 1620 2407 69 0
1610 2241 245 0 0 0 0 0 0 1919 2170 7 0 0 0 0 1097 1791 1207 1 0 0 0 0
1242 2547 307 0 0 0 0 0 0 1712 2377 7 0 0 0 0 2 1268 2801 25 0 0 0 0
1971 1291 828 6 0 0 0 0 80 2327 1553 136 0 0 0 0 44 2390 1575 87 0 0 0 0
539 2565 978 14 0 0 0 0 0 1247 2742 107 0 0 0 0 0 825 3082 189 0 0 0 0
931 2341 824 0 0 0 0 0 15 2317 1739 25 0 0 0 0 2 1620 2408 66 0 0 0 0
141 2224 1629 102 0 0 0 0 13 1028 2479 576 0 0 0 0 0 614 2693 789 0 0 0 0
489 2175 1353 79 0 0 0 0 2 2205 1551 338 0 0 0 0 0 1229 2395 472 0 0 0 0
278 2017 1125 656 20 0 0 0 76 2163 1018 820 19 0 0 0 1 2054 1273 738 30 0 0 0
497 3186 390 23 0 0 0 0 3 2793 1250 49 1 0 0 0 3 2005 1938 142 8 0 0 0
1004 1462 1019 609 2 0 0 0 473 1845 977 796 5 0 0 0 56 1680 1640 715 5 0 0 0
230 2176 643 1007 40 0 0 0 173 2120 679 1039 85 0 0 0 42 1676 1167 1059 152 0 0 0
306 799 945 1789 257 0 0 0 320 3663 113 0 0 0 0 0 4 2452 1638 2 0 0 0 0
73 1311 1176 1055 346 129 6 0 52 3068 684 222 70 0 0 0 0 2082 1646 309 59 0 0 0
17 1096 2606 333 44 0 0 0 2 734 2825 464 70 1 0 0 5 1381 2604 106 0 0 0 0
0 52 2518 1504 22 0 0 0 0 171 2572 1344 9 0 0 0 0 343 3351 402 0 0 0 0
88 1762 2099 147 0 0 0 0 33 1679 2250 134 0 0 0 0 2 2200 1768 126 0 0 0 0
307 1377 1907 479 26 0 0 0 153 1354 1903 599 87 0 0 0 9 1875 1630 491 91 0 0 0
10 2225 1444 416 1 0 0 0 13 2631 1058 394 0 0 0 0 10 2595 1103 387 1 0 0 0
0 1456 2253 387 0 0 0 0 0 1973 1640 482 1 0 0 0 66 1628 1849 553 0 0 0 0
0 3544 405 146 1 0 0 0 0 3851 81 150 14 0 0 0 750 3047 132 158 9 0 0 0
245 1898 1608 345 0 0 0 0 74 1052 2585 343 42 0 0 0 24 2250 1450 348 24 0 0 0
644 1819 916 717 0 0 0 0 72 1696 937 1387 4 0 0 0 23 1741 889 544 899 0 0 0
0 41 961 3094 0 0 0 0 0 5 70 2899 1122 0 0 0 0 0 2 128 3735 231 0 0
0 0 166 3867 63 0 0 0 0 0 0 774 3317 5 0 0 0 0 0 0 1278 2818 0 0
0 0 595 3260 241 0 0 0 0 0 0 1473 2513 110 0 0 0 0 0 0 1621 2447 28 0
254 850 2168 804 20 0 0 0 0 507 2021 1408 160 0 0 0 122 665 2801 433 75 0 0 0
575 2163 824 498 36 0 0 0 0 805 2554 644 93 0 0 0 0 719 2796 483 98 0 0 0
835 1456 1206 482 117 0 0 0 13 1179 2186 558 160 0 0 0 9 1274 2188 482 143 0 0 0
71 1801 1546 430 248 0 0 0 0 508 2554 789 245 0 0 0 0 299 2880 669 247 1 0 0
264 1559 1608 362 303 0 0 0 0 1098 2321 460 217 0 0 0 0 763 2567 505 261 0 0 0
80 1264 2057 414 281 0 0 0 0 521 2550 841 184 0 0 0 0 387 2483 1002 224 0 0 0
26 1411 1671 723 265 0 0 0 0 941 2045 1038 72 0 0 0 0 312 2401 1228 155 0 0 0
158 1200 1386 1120 232 0 0 0 26 1230 1386 1389 65 0 0 0 0 949 1579 1458 110 0 0 0
18 1860 1346 643 187 14 10 18 0 1173 2054 765 63 10 13 18 0 790 2149 1007 103 15 15 17
439 1421 1374 805 57 0 0 0 71 1713 1444 838 30 0 0 0 0 1241 2011 835 9 0 0 0
77 1062 1158 1706 93 0 0 0 65 1091 1212 1653 75 0 0 0 10 791 1311 1847 137 0 0 0
35 1276 1777 994 14 0 0 0 22 2331 1201 542 0 0 0 0 2 1924 1490 680 0 0 0 0
30 850 2824 367 25 0 0 0 13 1392 2430 261 0 0 0 0 2 1417 2412 265 0 0 0 0
3 605 3284 204 0 0 0 0 0 296 3586 212 2 0 0 0 0 1064 3017 15 0 0 0 0
0 116 2890 1087 3 0 0 0 0 145 3171 779 1 0 0 0 0 470 3463 163 0 0 0 0
16 1512 2305 263 0 0 0 0 12 1467 2387 230 0 0 0 0 0 2060 1750 286 0 0 0 0
124 758 1792 1387 35 0 0 0 52 746 1891 1327 80 0 0 0 0 542 2008 1329 216 1 0 0
13 908 2026 1025 122 2 0 0 1 1047 2072 883 91 2 0 0 0 778 2330 940 45 3 0 0
0 702 1986 1218 190 0 0 0 0 677 1909 1406 104 0 0 0 0 595 1676 1758 67 0 0 0
3 1448 1250 1319 76 0 0 0 0 1400 1229 1412 55 0 0 0 12 1460 1028 1566 30 0 0 0
28 823 2495 658 92 0 0 0 0 428 2675 883 110 0 0 0 0 405 2517 1121 53 0 0 0
77 1747 1020 1250 2 0 0 0 6 510 1824 1700 56 0 0 0 0 998 1242 604 1252 0 0 0
0 122 704 3240 30 0 0 0 0 4 200 2471 1415 6 0 0 0 0 3 214 3436 439 4 0
0 0 136 3778 182 0 0 0 0 0 0 847 3249 0 0 0 0 0 0 1 1243 2850 2 0
0 3 483 3348 262 0 0 0 0 0 20 1237 2785 54 0 0 0 0 0 0 1588 2489 19 0
0 18 176 1693 2058 151 0 0 0 19 93 1643 2213 128 0 0 0 6 264 2767 1057 2 0 0
0 25 147 686 3038 200 0 0 1 44 139 872 2943 97 0 0 0 17 171 2143 1757 8 0 0
1 26 119 289 3084 577 0 0 4 36 128 633 3010 285 0 0 0 19 108 1606 2331 32 0 0
0 33 70 277 2754 962 0 0 3 49 85 459 3076 424 0 0 0 24 92 999 2925 56 0 0
0 2 26 215 2276 1562 15 0 0 3 76 315 3154 545 3 0 0 2 38 597 3274 180 5 0
0 37 118 270 1926 1729 16 0 3 71 132 386 2639 863 2 0 0 21 122 605 2898 450 0 0
2 605 222 348 1695 1197 27 0 2 585 310 504 2202 467 26 0 0 359 365 747 2251 343 31 0
63 1687 396 261 1070 619 0 0 5 1629 605 248 1246 363 0 0 0 801 1305 350 1404 236 0 0
1051 1869 89 78 358 385 122 144 60 2770 178 105 442 269 104 168 68 1958 886 136 549 186 113 200
722 1490 396 491 715 282 0 0 35 2104 663 472 664 158 0 0 118 1633 1062 578 594 111 0 0
553 995 92 375 956 1125 0 0 158 1320 263 557 1679 119 0 0 106 1114 435 1025 1377 39 0 0
1416 1827 226 191 327 109 0 0 325 2941 238 361 222 9 0 0 335 2739 414 435 173 0 0 0
17 685 2349 566 255 211 13 0 34 976 2189 525 282 90 0 0 24 729 2434 602 300 7 0 0
0 212 3650 234 0 0 0 0 0 122 3718 241 15 0 0 0 0 891 3150 55 0 0 0 0
0 147 3688 261 0 0 0 0 0 145 3858 93 0 0 0 0 0 738 3358 0 0 0 0 0
865 1120 1222 59 305 489 36 0 498 1552 1180 181 507 177 1 0 252 2541 437 256 571 39 0 0
778 2530 136 344 248 60 0 0 39 3300 121 478 152 6 0 0 176 2518 777 484 139 2 0 0
140 1763 830 527 750 86 0 0 0 2109 684 780 503 20 0 0 43 1346 1404 1041 262 0 0 0
3 825 120 1003 1913 228 4 0 0 772 186 1625 1344 167 2 0 0 384 521 1860 815 514 2 0
0 12 32 884 1825 1317 26 0 0 12 17 993 1524 1383 167 0 0 0 14 813 922 1797 550 0
0 62 228 525 1424 1837 20 0 0 36 256 564 1145 1997 98 0 0 0 272 507 635 2298 384 0
0 265 169 1188 1793 671 10 0 21 52 312 1052 1392 1230 37 0 0 6 339 206 1376 2092 77 0
0 85 359 3650 2 0 0 0 0 4 150 1615 2327 0 0 0 0 0 0 175 3016 905 0 0
0 0 228 3776 92 0 0 0 0 0 0 548 3538 10 0 0 0 0 0 0 957 3139 0 0
0 7 455 3303 331 0 0 0 0 0 13 706 3329 48 0 0 0 0 0 2 1193 2886 15 0
24 1458 1704 652 256 2 0 0 0 70 2157 1520 349 0 0 0 87 1730 1314 926 39 0 0 0
8 1121 1456 768 629 114 0 0 0 109 1863 1318 748 58 0 0 82 1453 1244 945 370 2 0 0
0 399 897 525 1404 851 20 0 0 6 1012 825 1568 654 31 0 1 547 920 756 1660 211 1 0
0 0 15 80 1346 2616 39 0 0 0 13 107 1612 2323 41 0 0 0 5 176 1819 2084 12 0
0 0 98 187 534 2916 361 0 0 7 136 202 859 2677 215 0 0 0 73 262 750 2752 259 0
0 5 126 156 614 2540 655 0 0 14 168 167 1175 2052 520 0 0 0 63 401 1246 2042 344 0
0 367 259 275 790 2165 240 0 0 375 290 312 1796 1197 126 0 0 285 329 572 1959 891 60 0
1 362 1322 1070 740 553 48 0 0 245 1885 927 717 320 2 0 0 306 1976 998 561 255 0 0
925 1186 892 402 422 266 3 0 115 2143 894 438 441 65 0 0 416 1802 1105 384 381 8 0 0
1673 1075 376 453 427 81 11 0 543 2206 554 465 291 36 1 0 822 1852 766 499 154 3 0 0
3459 633 4 0 0 0 0 0 1253 2836 7 0 0 0 0 0 2249 1840 7 0 0 0 0 0
2410 470 402 159 214 421 20 0 982 1953 403 192 450 113 3 0 1118 1767 427 407 350 27 0 0
6 233 1666 544 704 820 123 0 2 281 1856 645 929 381 2 0 3 791 1351 908 852 191 0 0
0 38 3800 258 0 0 0 0 0 65 4019 12 0 0 0 0 0 652 3444 0 0 0 0 0
0 72 3784 240 0 0 0 0 0 124 3932 40 0 0 0 0 0 693 3399 4 0 0 0 0
8 257 1139 45 273 2148 226 0 30 331 1060 79 1626 968 2 0 2 583 833 300 2063 315 0 0
1933 1337 89 68 169 473 27 0 422 2870 82 79 426 216 1 0 880 2331 159 151 459 116 0 0
1429 1830 51 28 269 481 8 0 313 2972 37 66 549 159 0 0 558 2646 116 124 589 63 0 0
1088 2164 128 182 472 62 0 0 23 3198 146 184 433 110 2 0 17 2831 487 198 338 222 3 0
108 71 25 40 1767 2002 83 0 6 162 24 30 1296 2426 152 0 0 53 118 35 215 2547 1126 2
0 0 0 74 2741 1281 0 0 0 0 0 0 2201 1895 0 0 0 0 0 0 692 3148 256 0
0 0 23 510 1949 1614 0 0 0 0 8 76 1865 2144 3 0 0 0 0 3 998 2257 838 0
0 45 217 3659 165 10 0 0 0 0 148 589 3344 15 0 0 0 0 0 153 2108 1827 8 0
0 0 105 3829 162 0 0 0 0 0 0 536 3556 4 0 0 0 0 0 0 960 3136 0 0
0 17 719 3077 263 19 1 0 0 0 31 1032 2882 133 18 0 0 0 0 16 1585 2442 45 8
559 2906 496 96 39 0 0 0 0 875 3003 139 79 0 0 0 713 3107 161 110 5 0 0 0
498 2764 723 110 1 0 0 0 0 1932 1976 186 2 0 0 0 869 2857 351 19 0 0 0 0
0 733 2031 881 406 45 0 0 0 37 2176 1366 465 52 0 0 2 1321 1739 857 176 1 0 0
0 26 654 840 1894 682 0 0 0 72 508 1020 1921 574 1 0 0 58 914 920 2102 102 0 0
0 33 302 189 1826 1629 117 0 0 54 334 166 2099 1391 52 0 0 10 372 262 2336 1095 21 0
0 3 249 115 558 2594 577 0 0 14 284 91 1072 2223 412 0 0 2 230 192 1742 1674 256 0
0 2 159 220 329 3337 49 0 0 8 275 128 1154 2513 18 0 0 0 206 250 2052 1565 23 0
0 21 425 596 1476 1547 31 0 0 75 487 625 2034 875 0 0 0 35 442 917 2270 432 0 0
0 22 298 1321 1025 1099 331 0 0 51 697 1218 1142 922 66 0 0 10 751 1501 1178 656 0 0
1013 415 227 458 660 1129 194 0 111 1319 385 486 961 802 32 0 399 863 535 719 1161 419 0 0
2165 593 217 174 294 551 102 0 618 2162 261 147 477 427 4 0 1278 1459 327 264 578 190 0 0
578 831 335 119 374 1646 213 0 242 1232 301 152 933 1229 7 0 174 1052 521 261 1349 738 1 0
0 121 2141 212 172 1359 91 0 8 232 2002 243 401 1208 2 0 0 1190 1075 252 858 721 0 0
0 97 3328 662 9 0 0 0 0 275 3691 128 2 0 0 0 0 745 3336 15 0 0 0 0
0 0 3633 463 0 0 0 0 0 8 3957 131 0 0 0 0 0 449 3625 22 0 0 0 0
4 373 1597 150 907 1063 2 0 3 416 1575 185 1398 519 0 0 0 575 1363 275 1633 250 0 0
40 496 234 646 1825 853 2 0 37 548 231 1014 1794 471 1 0 0 280 458 1240 1782 336 0 0
99 829 271 872 1005 1005 15 0 18 922 299 903 1309 642 3 0 0 678 547 846 1192 833 0 0
0 229 71 1367 2026 395 8 0 1 217 87 1132 2111 539 9 0 0 16 270 730 1579 1402 99 0
1 444 313 104 2134 1088 12 0 0 398 341 86 1683 1473 115 0 0 25 634 127 317 2611 382 0
0 0 0 20 1874 2078 124 0 0 0 0 0 1324 2373 399 0 0 0 0 0 86 2397 1610 3
0 0 0 44 1547 2158 347 0 0 0 0 4 782 2021 1289 0 0 0 0 0 130 1743 2099 124
0 41 97 2467 1121 322 48 0 0 1 99 130 3232 402 232 0 0 0 1 78 570 2948 393 106
0 6 79 3738 273 0 0 0 0 0 46 273 3757 20 0 0 0 0 0 10 748 3335 3 0
0 36 896 2678 476 10 0 0 0 0 82 1195 2578 238 3 0 0 0 0 34 1724 2283 55 0
540 1563 607 684 683 19 0 0 1 1153 1382 873 679 8 0 0 747 1408 806 1051 84 0 0 0
484 1376 433 678 1034 91 0 0 7 1434 813 868 930 44 0 0 624 1348 605 1220 299 0 0 0
28 881 816 700 1449 221 1 0 0 223 1434 1005 1366 68 0 0 37 805 1231 1566 456 1 0 0
1 67 109 535 2617 767 0 0 0 6 148 968 2767 207 0 0 0 48 219 2344 1480 5 0 0
0 0 0 307 2701 1083 5 0 0 0 25 918 2906 247 0 0 0 0 46 2105 1924 21 0 0
0 0 0 231 2590 1269 6 0 0 0 4 901 2970 221 0 0 0 0 33 2204 1849 10 0 0
0 0 3 228 2352 1483 30 0 0 0 30 1015 2782 269 0 0 0 0 50 2256 1756 34 0 0
0 0 6 109 1980 1957 44 0 0 0 17 798 2958 323 0 0 0 0 36 1871 2154 35 0 0
0 0 2 96 1777 2159 62 0 0 0 17 712 2917 450 0 0 0 0 42 1814 2217 23 0 0
207 293 116 315 1792 1348 25 0 49 453 161 992 2220 220 1 0 49 351 293 1938 1451 14 0 0
412 686 386 669 1698 245 0 0 87 1061 516 1625 798 9 0 0 60 1054 895 1925 162 0 0 0
25 238 265 356 1971 1079 161 1 1 286 343 1473 1657 333 3 0 0 263 442 2314 978 99 0 0
0 11 1331 1250 677 705 120 2 0 35 1750 1141 835 334 1 0 0 93 2170 929 828 76 0 0
0 0 3210 828 55 3 0 0 0 19 3733 319 25 0 0 0 0 147 3837 110 2 0 0 0
0 119 2922 231 198 531 95 0 0 126 3053 128 461 316 12 0 0 945 2254 166 613 118 0 0
0 5 1196 866 967 943 118 1 0 3 1587 771 1319 398 18 0 0 62 1602 920 1354 156 2 0
0 0 84 375 1582 1815 240 0 0 0 137 840 2228 888 3 0 0 0 70 1119 2375 532 0 0
0 1 121 613 1540 1735 86 0 0 0 155 785 1872 1235 49 0 0 0 67 765 1709 1429 126 0
0 0 2 195 1260 1954 685 0 0 0 2 117 1184 1971 822 0 0 0 0 20 602 1646 1820 8
0 30 42 27 420 2631 946 0 0 21 49 21 274 2152 1579 0 0 0 34 42 44 937 2936 103
0 0 0 9 516 2166 1405 0 0 0 0 6 294 1631 2165 0 0 0 0 0 13 769 2838 476
0 0 0 0 312 2677 1107 0 0 0 0 0 150 1272 2674 0 0 0 0 0 2 302 2846 946
0 0 0 1379 1648 844 225 0 0 0 0 9 2547 724 813 3 0 0 0 0 62 2795 712 527
0 0 7 3776 313 0 0 0 0 0 0 64 4016 16 0 0 0 0 0 0 312 3782 2 0
0 34 748 2747 557 10 0 0 0 0 56 1087 2647 303 3 0 0 0 0 7 1592 2434 63 0
838 1324 674 615 630 15 0 0 35 1088 1361 816 672 124 0 0 291 1327 1316 717 369 76 0 0
1260 531 296 551 1296 162 0 0 106 1673 380 790 1111 36 0 0 1177 835 335 1493 255 1 0 0
313 213 265 592 2015 690 8 0 22 485 326 1117 1990 156 0 0 214 377 468 2162 860 15 0 0
0 2 45 843 2548 653 5 0 0 2 112 1322 2416 244 0 0 0 3 302 2560 1220 11 0 0
0 0 6 359 2548 1170 13 0 0 2 25 857 2774 437 1 0 0 2 68 2058 1929 39 0 0
0 0 0 285 2486 1309 16 0 0 0 23 865 2806 400 2 0 0 0 77 2138 1853 28 0 0
0 0 8 183 1934 1890 81 0 0 0 26 750 2681 638 1 0 0 0 43 1735 2234 84 0 0
0 0 0 126 1960 1948 62 0 0 0 11 927 2639 516 3 0 0 0 57 1928 2055 56 0 0
0 0 0 95 1820 2110 71 0 0 0 9 734 3021 332 0 0 0 0 79 2143 1845 29 0 0
0 0 0 70 1589 2277 160 0 0 0 0 730 2784 575 7 0 0 0 28 2007 2004 57 0 0
0 0 2 76 1372 2092 543 11 0 2 29 714 2397 882 72 0 0 1 97 1787 1886 321 4 0
0 0 0 17 752 2344 959 24 0 0 10 333 2191 1496 66 0 0 0 8 889 2590 605 4 0
0 0 0 16 569 2560 932 19 0 0 2 216 2320 1505 53 0 0 0 2 600 2969 524 1 0
0 2 100 112 959 2390 526 7 0 2 107 415 2313 1233 26 0 0 3 137 847 2709 400 0 0
0 0 0 51 997 2466 578 4 0 0 3 341 2428 1286 38 0 0 0 4 677 2841 571 3 0
0 0 9 224 1705 1968 188 2 0 0 66 827 2502 686 15 0 0 0 67 1313 2513 201 2 0
0 0 0 70 1822 2126 78 0 0 0 0 438 2875 780 3 0 0 0 0 910 2891 295 0 0
0 0 21 145 1708 2187 35 0 0 0 34 158 1779 2099 26 0 0 0 6 106 1202 2689 93 0
0 0 0 2 196 1994 1904 0 0 0 0 0 134 1523 2436 3 0 0 0 0 5 879 2868 344
0 0 0 0 4 362 3730 0 0 0 0 0 0 204 3890 2 0 0 0 0 0 19 2583 1494
0 0 0 0 1 577 3518 0 0 0 0 0 0 111 3984 1 0 0 0 0 0 10 2788 1298
0 0 0 0 52 1231 2813 0 0 0 0 0 9 431 3625 31 0 0 0 0 0 7 1911 2178
0 0 0 752 1479 890 975 0 0 0 0 0 1624 1120 1342 10 0 0 0 0 3 2069 1047 977
0 0 11 3526 559 0 0 0 0 0 0 47 3980 69 0 0 0 0 0 0 227 3868 1 0
0 67 828 2815 386 0 0 0 0 0 67 1038 2668 323 0 0 0 0 0 10 1604 2440 42 0
2233 205 100 347 1128 83 0 0 297 2127 280 854 479 59 0 0 1603 832 497 849 293 22 0 0
1919 132 65 644 994 338 4 0 409 1657 629 963 427 11 0 0 1535 623 723 878 314 23 0 0
277 88 29 469 1582 1651 0 0 29 343 262 1209 2170 83 0 0 141 239 343 1224 1802 347 0 0
0 0 43 819 2485 739 10 0 0 0 78 1302 2393 319 4 0 0 1 304 2427 1320 44 0 0
0 0 70 835 2295 874 22 0 0 4 162 1371 2283 273 3 0 0 4 360 2381 1321 30 0 0
0 6 27 578 2443 1027 15 0 2 10 85 1373 2316 310 0 0 0 9 294 2395 1378 20 0 0
0 0 15 327 2267 1431 56 0 0 1 44 1127 2471 449 4 0 0 0 189 2261 1584 62 0 0
0 0 9 370 1941 1636 140 0 0 0 94 1069 2330 599 4 0 0 0 211 2087 1729 69 0 0
0 0 1 177 1410 2159 345 4 0 0 55 747 2185 1073 35 1 0 0 98 1526 2227 240 5 0
0 0 4 61 811 2097 1050 73 0 0 11 355 1738 1759 231 2 0 0 33 803 2359 870 31 0
0 0 0 22 635 2184 1191 64 0 0 1 239 1842 1776 238 0 0 0 4 585 2574 907 26 0
0 0 1 36 379 1835 1689 156 0 0 11 160 1282 2158 483 2 0 0 12 318 2058 1609 99 0
0 0 0 8 305 1728 1758 297 0 0 0 91 1133 2104 740 28 0 0 2 203 1795 1856 237 3
0 0 0 12 335 1664 1781 304 0 0 5 94 1017 2123 840 17 0 0 3 158 1611 2012 312 0
0 0 2 71 622 2134 1211 56 0 0 16 273 1487 2030 287 3 0 0 12 403 2246 1375 60 0
0 0 31 120 832 2443 651 19 0 1 40 283 2032 1584 154 2 0 1 25 459 2586 986 39 0
0 0 77 353 1662 1726 276 2 0 2 139 583 2070 1218 84 0 0 1 27 799 2077 1166 26 0
0 8 89 439 1833 1539 188 0 0 13 110 465 1758 1442 308 0 0 0 10 334 1233 1858 661 0
0 0 4 38 1653 2311 90 0 0 0 0 31 1228 2603 234 0 0 0 0 0 220 2812 1062 2
0 0 0 44 1697 2243 112 0 0 0 0 12 1240 2340 504 0 0 0 0 0 183 2559 1354 0
0 0 0 7 1839 2126 124 0 0 0 0 2 543 3089 462 0 0 0 0 0 21 2824 1247 4
0 0 0 5 1359 2610 122 0 0 0 0 0 485 2413 1198 0 0 0 0 0 3 2017 1683 393
0 0 14 406 2444 1130 102 0 0 0 12 171 1252 2058 599 4 0 0 0 15 344 2651 840 246
0 0 12 3012 1072 0 0 0 0 0 0 61 3776 259 0 0 0 0 0 0 134 3948 14 0
0 89 874 2954 179 0 0 0 0 0 52 1097 2776 171 0 0 0 0 0 28 1918 2104 46 0
0 3 13 258 851 2789 182 0 0 5 185 1134 2509 263 0 0 0 4 235 1023 2536 298 0 0
0 14 41 240 1360 2337 104 0 0 10 190 1682 2086 128 0 0 0 4 366 1270 2135 321 0 0
0 1 52 1185 1976 882 0 0 0 3 791 2569 733 0 0 0 0 24 1250 1925 882 15 0 0
0 8 404 2184 1438 62 0 0 0 8 567 2458 1033 30 0 0 0 61 1523 2276 229 7 0 0
0 10 208 1707 1939 223 9 0 0 22 349 2303 1361 61 0 0 0 29 1017 2579 466 5 0 0
0 7 119 850 2305 788 27 0 2 10 198 1447 2096 337 6 0 0 17 456 2375 1199 49 0 0
0 0 33 300 1858 1736 169 0 0 3 71 813 2309 880 20 0 0 2 158 1728 2032 174 2 0
0 0 12 218 1537 2025 304 0 0 2 52 632 2314 1024 72 0 0 0 106 1470 2243 274 3 0
0 0 7 117 883 2042 979 68 0 0 40 329 1552 1797 362 16 0 3 44 716 2199 1083 51 0
0 1 18 95 558 1755 1499 170 0 6 44 249 1199 1921 646 31 0 1 38 510 1959 1423 161 4
0 0 0 62 541 1825 1423 245 0 0 18 228 1283 1844 684 39 0 0 12 418 1923 1482 260 1
0 0 1 16 314 1630 1781 354 0 0 3 75 980 2024 960 54 0 0 3 200 1659 1878 349 7
0 0 1 74 499 1646 1586 290 0 0 20 199 1146 1834 851 46 0 0 18 336 1664 1753 323 2
0 0 2 57 504 1824 1484 225 0 0 18 198 1236 1842 773 29 0 0 24 334 1815 1668 255 0
0 0 4 48 654 2066 1265 59 0 3 6 243 1398 1934 506 6 0 0 9 404 2069 1490 124 0
0 0 0 33 777 2182 1046 58 0 0 6 158 1600 1911 411 10 0 0 5 305 2107 1555 124 0
0 0 33 145 1819 1596 490 13 0 5 53 203 1499 2106 229 1 0 0 12 219 967 2762 136 0
2 10 70 343 1275 2187 209 0 2 12 81 347 1023 2007 624 0 0 0 17 263 704 1288 1824 0
0 0 0 50 332 3308 406 0 0 0 0 40 104 2610 1342 0 0 0 0 0 46 853 3194 3
0 0 0 21 1298 2727 50 0 0 0 0 3 301 3417 375 0 0 0 0 0 16 1760 2320 0
0 0 0 8 938 3107 43 0 0 0 0 0 219 2326 1551 0 0 0 0 0 0 863 3144 89
0 0 0 0 58 3332 706 0 0 0 0 0 0 767 3320 9 0 0 0 0 0 10 2435 1651
0 1 7 49 897 2441 701 0 0 0 3 11 289 1034 2749 10 0 0 0 0 10 607 1535 1944
0 0 2 2188 1906 0 0 0 0 0 0 4 3183 909 0 0 0 0 0 0 61 3869 166 0
0 78 988 2829 201 0 0 0 0 0 46 1289 2584 177 0 0 0 0 0 34 2133 1895 34 0
26 41 700 2092 1215 22 0 0 0 39 2196 1838 23 0 0 0 63 1224 1796 961 52 0 0 0
45 161 933 2771 186 0 0 0 0 318 3493 285 0 0 0 0 220 2072 1781 23 0 0 0 0
55 313 1488 1956 271 13 0 0 19 459 2561 891 163 3 0 0 284 1923 1522 337 30 0 0 0
0 195 623 1197 1736 342 3 0 0 121 779 1449 1545 202 0 0 7 560 961 2034 523 11 0 0
0 6 115 972 2027 912 64 0 3 11 194 1435 1916 507 30 0 0 15 545 2193 1256 87 0 0
0 2 47 700 1771 1439 137 0 0 4 126 1052 2013 867 34 0 0 10 332 1857 1715 182 0 0
0 0 5 228 1562 1921 379 1 0 1 24 577 2044 1372 77 1 0 1 73 1464 2178 379 1 0
0 3 12 197 973 2038 854 19 0 2 35 406 1594 1745 310 4 1 6 84 860 2243 880 22 0
0 0 1 129 887 1876 1083 120 0 0 16 394 1384 1743 533 26 0 0 40 773 1978 1166 139 0
0 0 0 106 813 1900 1147 130 0 0 27 379 1409 1715 541 25 0 0 57 717 2027 1197 98 0
0 0 4 125 835 1836 1151 145 0 0 43 359 1455 1644 554 41 0 0 72 710 1925 1240 147 2
0 0 4 187 793 1711 1222 179 0 0 67 440 1261 1617 684 27 0 3 116 734 1747 1295 201 0
0 0 3 194 943 1773 1070 113 0 3 69 535 1564 1499 407 19 0 3 157 972 1916 940 108 0
1 7 50 220 779 1632 1238 169 3 41 96 408 1310 1642 565 31 1 14 112 738 1727 1325 178 1
0 0 6 169 938 1798 1091 94 0 1 45 419 1500 1615 494 22 0 2 59 729 1924 1237 143 2
1 13 154 371 1321 1680 519 37 2 8 226 666 1745 1191 243 15 0 4 128 1128 2027 731 78 0
0 8 107 390 1960 1478 152 1 0 15 100 335 1484 2017 144 1 0 1 39 298 979 2555 223 1
0 0 29 279 903 2397 488 0 0 0 24 244 715 1967 1146 0 0 0 1 192 598 1253 2042 10
0 0 7 41 338 2845 865 0 0 0 0 28 146 1803 2119 0 0 0 0 0 61 500 3395 140
0 0 0 22 418 2896 760 0 0 0 0 11 91 1967 2025 2 0 0 0 0 29 741 2956 370
0 0 0 24 760 2823 489 0 0 0 0 6 294 1695 2072 29 0 0 0 0 7 705 2978 406
0 0 0 28 989 2932 147 0 0 0 0 0 243 2150 1700 3 0 0 0 0 1 638 2932 525
0 0 0 5 922 2637 532 0 0 0 0 0 98 1380 2593 25 0 0 0 0 0 301 2316 1479
0 0 16 1765 2255 60 0 0 0 0 0 2 2159 1903 32 0 0 0 0 0 89 3056 947 4
0 88 1081 2543 384 0 0 0 0 0 27 1300 2496 273 0 0 0 0 0 19 1925 2125 27 0
75 320 992 1782 846 81 0 0 2 241 1021 1932 827 73 0 0 96 702 1915 1236 146 1 0 0
19 294 544 1698 1329 212 0 0 0 195 723 2054 988 136 0 0 77 595 1784 1336 302 2 0 0
0 134 243 1084 1927 678 30 0 0 121 301 1328 1868 452 26 0 3 255 717 2038 1010 72 1 0
1 22 85 595 1940 1303 149 1 0 21 124 818 2109 948 75 1 0 16 276 1823 1735 243 3 0
0 0 38 427 1767 1585 279 0 0 1 70 656 2005 1250 113 1 0 3 186 1528 1991 381 7 0
0 0 14 233 1563 1799 483 4 0 0 20 467 1886 1493 229 1 0 1 74 1182 2202 626 11 0
0 0 4 241 1390 1994 461 6 0 0 22 460 1911 1537 166 0 0 0 60 1117 2351 558 10 0
0 0 14 239 1190 1857 737 59 0 2 62 501 1555 1570 373 33 0 2 89 934 2131 871 69 0
0 0 3 119 840 1820 1192 122 0 0 21 306 1268 1767 696 38 0 0 37 540 1959 1391 169 0
0 0 4 77 764 1757 1313 181 0 0 15 248 1223 1816 735 59 0 0 28 477 1807 1550 231 3
0 0 7 109 791 1889 1215 85 0 0 18 323 1345 1830 564 16 0 0 49 632 2042 1290 82 1
0 0 11 229 949 1813 1021 73 0 1 60 509 1467 1646 397 16 0 2 127 907 2019 980 60 1
0 2 23 231 1206 1819 722 93 0 11 77 627 1646 1382 319 34 0 7 158 1117 1982 718 112 2
0 0 3 110 1009 1913 951 110 0 2 11 419 1543 1617 470 34 0 2 32 800 2057 1085 117 3
0 0 9 183 1026 1821 924 133 0 0 28 409 1483 1565 560 51 0 1 48 670 1920 1236 220 1
0 29 446 511 1343 1078 624 65 0 19 436 549 1457 1160 442 33 0 1 130 867 1538 1360 193 7
0 3 104 1071 2544 368 6 0 0 3 97 782 2441 766 7 0 0 0 11 877 1680 1506 22 0
0 0 2 649 1381 1713 351 0 0 0 0 481 1353 1587 675 0 0 0 0 71 1483 1638 896 8
0 0 0 265 1178 2579 74 0 0 0 0 131 614 2770 581 0 0 0 0 0 324 1807 1964 1
0 0 0 111 975 2431 575 4 0 0 0 19 410 2059 1447 161 0 0 0 0 94 1470 2284 248
0 0 0 10 249 2290 1532 15 0 0 0 0 58 1033 2842 163 0 0 0 0 0 149 2735 1212
0 0 0 2 694 2800 599 1 0 0 0 0 60 1886 2120 30 0 0 0 0 0 431 2984 681
0 0 0 17 1163 2836 80 0 0 0 0 0 104 2532 1454 6 0 0 0 0 0 482 3293 321
0 0 1 1274 2339 450 32 0 0 0 0 0 1629 2109 358 0 0 0 0 0 35 2125 1808 128
0 15 855 2761 465 0 0 0 0 0 3 992 2690 411 0 0 0 0 0 11 1880 2171 34 0
0 0 22 1064 2601 408 1 0 0 0 15 1023 2724 330 4 0 0 0 263 2985 841 7 0 0
0 0 60 1002 2219 789 26 0 0 0 52 1076 2332 616 20 0 0 3 388 2314 1324 67 0 0
0 0 13 534 2127 1377 45 0 0 0 11 683 2301 1081 20 0 0 0 136 1849 1972 139 0 0
0 0 50 507 1866 1495 178 0 0 0 54 601 1958 1343 139 1 0 2 169 1566 2014 331 14 0
0 0 8 286 1676 1835 279 12 0 0 8 467 2043 1434 139 5 0 0 53 1132 2376 508 27 0
0 0 3 218 1151 1881 809 34 0 0 20 293 1435 1789 545 14 0 1 37 635 2106 1250 67 0
0 0 7 251 1193 1920 675 50 0 0 28 375 1541 1702 442 8 0 0 58 785 2187 961 105 0
0 0 12 279 1373 1769 629 34 0 0 30 520 1792 1436 296 22 0 1 78 1021 2138 820 33 5
0 0 9 175 1109 1899 854 50 0 0 26 342 1621 1609 477 21 0 1 33 836 2131 1016 79 0
0 0 14 255 1101 1654 954 118 0 0 53 473 1403 1492 625 50 0 0 69 807 1868 1187 165 0
0 0 5 151 998 1864 1029 49 0 0 21 374 1467 1737 486 11 0 0 51 831 2093 1060 61 0
0 0 8 209 1215 1916 731 17 0 1 47 549 1719 1537 243 0 0 4 97 1079 2158 746 12 0
0 0 4 350 1391 1711 607 33 0 0 65 747 1751 1296 236 1 0 0 177 1382 1912 606 19 0
0 0 26 388 1473 1685 501 23 0 0 81 800 1815 1185 211 4 0 2 173 1395 1936 558 32 0
0 0 34 360 1286 1648 683 85 0 3 75 645 1543 1394 386 50 0 0 105 1049 1832 970 132 8
0 15 475 1140 1530 546 322 68 0 14 341 861 1873 699 269 39 0 0 116 711 1932 1167 167 3
0 0 177 1496 2178 199 46 0 0 0 76 842 2823 281 74 0 0 0 14 729 2789 493 71 0
0 0 2 477 2328 1093 196 0 0 0 0 99 2339 1139 515 4 0 0 0 22 1644 1760 669 1
0 0 16 455 1194 1911 520 0 0 0 8 72 1182 1310 1519 5 0 0 0 9 615 1456 1858 158
0 0 0 86 588 1924 1498 0 0 0 0 10 424 814 2665 183 0 0 0 0 129 571 2154 1242
0 0 0 7 232 1866 1983 8 0 0 0 0 45 405 3360 286 0 0 0 0 0 129 1574 2393
0 0 0 3 61 1215 2813 4 0 0 0 0 26 135 2934 1001 0 0 0 0 0 33 773 3290
0 0 0 0 51 1511 2531 3 0 0 0 0 1 167 3417 511 0 0 0 0 0 10 882 3204
0 0 5 924 1580 961 626 0 0 0 0 2 1096 1568 1326 104 0 0 0 0 15 1567 1583 931
0 1 472 3056 567 0 0 0 0 0 1 572 3161 362 0 0 0 0 0 3 1231 2847 15 0
0 0 34 967 2579 511 5 0 0 0 9 735 2786 563 3 0 0 0 189 2542 1355 10 0 0
0 0 48 950 2211 861 26 0 0 0 48 967 2266 795 20 0 0 1 347 2251 1403 94 0 0
0 1 66 599 1731 1561 138 0 0 0 63 605 1874 1457 97 0 0 2 200 1434 2042 418 0 0
0 0 4 304 1755 1792 237 4 0 0 6 365 1915 1640 168 2 0 1 43 1100 2327 612 13 0
0 0 0 83 1322 2108 582 1 0 0 0 128 1662 1957 348 1 0 0 6 481 2426 1143 40 0
0 0 2 112 1237 1977 720 48 0 0 0 200 1522 1851 509 14 0 0 8 605 2277 1132 74 0
0 0 4 116 918 2105 888 65 0 0 7 174 1200 2076 604 35 0 0 18 406 2106 1425 137 4
0 0 0 154 1268 2037 628 9 0 0 1 304 1626 1837 323 5 0 0 17 848 2287 903 41 0
0 0 3 203 1535 1765 571 19 0 0 19 416 1877 1526 253 5 0 0 56 1187 2135 695 23 0
0 0 17 252 1260 1829 698 40 0 0 41 483 1608 1577 369 18 0 1 97 1058 2099 795 46 0
0 0 24 364 1200 1668 779 61 0 2 70 605 1441 1546 405 27 0 0 108 1028 1979 909 72 0
0 0 8 276 1313 1692 747 60 0 0 33 562 1655 1395 415 36 0 0 69 1022 2096 828 80 1
0 0 23 387 1525 1650 476 35 0 3 70 757 1743 1273 233 17 0 3 141 1381 1967 575 28 1
0 0 15 310 1570 1651 500 50 0 0 49 688 1764 1321 243 31 0 0 84 1302 2029 627 54 0
0 26 410 430 1368 1448 392 22 0 10 266 884 1625 1107 193 11 0 2 196 1485 1847 532 34 0
0 12 596 1785 1411 265 27 0 0 10 215 1235 2047 549 40 0 0 0 64 665 2289 1050 28 0
0 13 172 2539 1348 24 0 0 0 2 114 1522 2362 95 1 0 0 0 50 1572 2329 143 2 0
0 0 0 271 3017 676 132 0 0 0 0 16 2981 775 317 7 0 0 0 0 2498 1186 402 10
0 0 0 208 1883 1449 548 8 0 0 0 19 1284 1703 966 124 0 0 0 0 386 2227 1224 259
0 0 0 123 455 1644 1838 36 0 0 0 6 371 804 2256 659 0 0 0 0 113 521 1852 1610
0 0 0 0 62 955 3065 14 0 0 0 0 4 211 2757 1124 0 0 0 0 0 17 728 3351
0 0 0 2 32 1360 2702 0 0 0 0 0 10 109 3342 635 0 0 0 0 0 4 362 3730
0 0 0 0 1 1264 2831 0 0 0 0 0 0 9 2868 1219 0 0 0 0 0 0 136 3960
0 0 0 870 1099 1501 626 0 0 0 0 20 981 1154 1891 50 0 0 0 0 51 1372 1286 1387
0 0 130 3262 704 0 0 0 0 0 0 66 3255 775 0 0 0 0 0 0 352 3717 27 0
