0 53 424 124 177 59 35 3224 0 349 185 181 102 33 26 3220 0 137 412 180 100 21 25 3221
0 45 533 149 138 129 37 3065 0 424 237 146 154 52 21 3062 0 142 545 158 138 30 21 3062
0 86 600 131 161 178 14 2926 1 417 332 152 199 59 11 2925 0 294 484 199 162 22 12 2923
0 214 653 129 124 179 28 2769 0 722 225 120 180 65 20 2764 0 547 426 144 163 33 17 2766
0 234 670 172 191 183 49 2597 0 756 248 189 225 68 18 2592 1 587 431 235 208 24 17 2593
0 109 1060 1202 689 317 176 543 2 432 834 1318 634 248 143 485 9 664 1621 721 359 156 139 427
0 223 1123 1173 540 218 153 666 0 692 689 1188 552 191 165 619 9 876 1500 604 226 159 160 562
0 226 1005 1391 641 313 157 363 7 707 738 1403 598 216 128 299 24 738 1418 996 380 143 140 257
0 42 1107 1489 449 188 123 698 1 239 1038 1398 455 171 141 653 1 323 1665 938 250 151 140 628
0 49 473 1216 839 589 249 681 0 117 441 1273 986 463 165 651 2 206 1033 1095 727 281 141 611
21 587 885 1713 587 264 37 2 31 700 590 1195 1422 154 4 0 182 2621 789 396 104 4 0 0
0 302 735 1123 1274 440 196 26 1 470 667 911 1485 511 51 0 57 1724 1402 638 224 51 0 0
0 92 183 711 1855 727 362 166 1 190 163 995 1697 931 119 0 15 604 1575 1296 578 28 0 0
0 0 219 1155 1254 895 385 188 0 10 377 1047 1562 897 203 0 6 590 1672 1038 659 130 1 0
0 27 243 731 1218 707 721 449 0 15 360 685 1364 1126 448 98 16 590 1225 880 741 494 86 64
