2380 1001 634 79 2 0 0 0 223 441 676 473 271 1998 14 0 1058 441 223 127 129 247 628 1243
508 1463 1892 230 3 0 0 0 0 11 110 240 903 2760 72 0 20 43 96 181 331 997 1746 682
458 1543 1837 227 30 1 0 0 5 55 79 117 360 2961 519 0 1 26 62 85 114 353 1672 1783
536 1860 1685 15 0 0 0 0 0 0 0 4 38 3185 869 0 0 0 0 3 4 15 767 3307
452 2124 1503 17 0 0 0 0 0 6 37 31 25 3432 565 0 13 26 23 12 14 12 501 3495
271 1763 2057 5 0 0 0 0 0 0 0 0 17 3579 500 0 0 0 0 0 1 6 427 3662
2133 963 383 237 212 103 60 5 886 844 1128 577 254 251 153 3 2125 989 354 239 150 175 56 8
978 852 712 489 721 195 143 6 83 596 883 622 554 698 657 3 911 735 634 391 336 695 325 69
421 507 1060 816 903 284 101 4 61 238 460 476 495 836 1523 7 326 418 514 391 329 625 846 647
364 664 1175 582 788 417 104 2 68 206 527 666 342 505 1779 3 423 619 517 307 276 577 399 978
444 565 928 716 892 369 156 26 77 435 524 408 290 537 1769 56 582 453 415 346 237 412 770 881
304 535 1230 549 869 481 118 10 170 346 364 463 389 779 1523 62 640 393 398 270 224 480 983 708
262 1508 854 462 473 397 133 7 0 142 1393 1041 586 563 294 77 297 1326 1045 577 474 250 110 17
164 975 1439 263 447 601 188 19 66 102 1468 957 425 694 276 108 121 1477 1197 485 454 233 114 15
153 1040 1314 256 367 683 215 68 24 225 1405 931 397 708 256 150 196 1412 1072 577 474 209 118 38
361 1144 1052 169 276 674 364 56 17 281 1545 764 293 614 399 183 144 1433 1032 543 449 293 167 35
323 945 1331 404 289 411 319 74 76 583 974 1206 401 372 291 193 610 947 1330 416 341 222 191 39
1390 523 829 289 342 452 251 20 1015 545 535 822 369 299 408 103 1496 554 713 534 293 323 181 2
