3016 876 123 48 26 7 0 0 2717 1162 135 48 25 9 0 0 196 3467 281 89 41 18 4 0
3186 910 0 0 0 0 0 0 2954 1142 0 0 0 0 0 0 189 3901 6 0 0 0 0 0
2506 1074 141 67 44 54 81 129 2093 1463 161 72 44 53 89 121 273 3174 237 82 49 49 70 162
292 1686 722 238 209 193 245 511 143 1351 1108 309 243 209 265 468 22 1677 964 224 211 198 231 569
360 942 793 568 375 213 253 592 140 923 789 676 459 283 286 540 37 1185 978 546 293 177 222 658
446 2260 950 281 66 43 38 12 168 1897 1364 480 90 46 41 10 60 2416 1228 234 66 41 36 15
211 2582 1213 85 5 0 0 0 155 2291 1394 247 9 0 0 0 75 2738 1228 54 1 0 0 0
1963 1587 210 129 137 62 8 0 1932 1611 205 109 163 75 1 0 149 2753 752 124 141 145 32 0
1400 1707 578 178 98 82 52 1 1267 1593 565 370 135 125 41 0 174 1933 999 348 287 224 124 7
808 786 899 553 326 520 198 6 667 819 787 538 528 580 177 0 43 1118 839 580 341 664 458 53
116 1259 835 918 470 301 188 9 111 1089 849 784 650 399 210 4 8 1139 703 729 577 474 376 90
97 707 661 1313 564 445 297 12 38 664 573 1098 925 502 293 3 17 736 604 811 699 658 516 55
91 1135 688 1009 689 444 40 0 20 761 966 878 942 494 35 0 43 1054 572 605 765 799 254 4
135 1339 1098 902 554 66 2 0 153 1277 1236 889 485 56 0 0 70 1369 832 1019 622 183 1 0
1407 1786 395 269 185 44 10 0 1402 1651 510 296 194 39 4 0 158 2377 678 399 324 135 25 0
272 1352 1097 611 477 228 54 5 220 1345 1128 846 453 79 25 0 45 1090 1108 781 814 206 52 0
8 331 836 1020 1081 612 179 29 23 417 1334 1157 658 409 98 0 8 384 1503 923 636 478 163 1
21 243 625 908 1140 779 300 80 47 411 834 1394 818 445 144 3 13 322 1388 1199 536 414 216 8
4 37 225 1016 1244 865 615 90 3 66 366 1328 1054 928 343 8 0 92 752 1089 864 670 595 34
9 83 347 1461 1147 779 222 48 11 77 706 1449 1047 670 121 15 0 157 1194 866 818 760 250 51
7 191 1516 1387 709 222 45 19 24 539 1593 1137 609 146 41 7 4 825 1311 864 693 316 61 22
