1800 1584 503 177 30 1 1 0 493 2221 908 348 110 14 2 0 2212 1277 443 135 25 2 2 0
517 1713 1346 443 64 12 1 0 147 979 1465 1183 278 34 10 0 1494 1680 705 177 34 6 0 0
150 1364 1382 650 291 147 80 32 61 625 1607 1022 445 196 91 49 876 1588 787 404 231 114 67 29
487 1434 1136 446 216 132 129 116 233 1106 1412 658 264 156 133 134 1109 1325 834 314 165 107 125 117
654 1802 807 323 167 112 104 127 67 1598 1339 459 228 142 118 145 1366 1412 546 270 147 109 104 142
1649 1918 400 99 19 10 1 0 720 2377 769 164 48 16 2 0 2715 1038 238 73 29 3 0 0
345 1415 1226 705 393 12 0 0 175 761 1347 956 458 396 3 0 1367 1219 638 374 352 146 0 0
429 1358 837 349 955 136 23 9 176 1011 1127 511 203 916 142 10 1217 1054 402 296 321 733 66 7
1465 1106 716 365 311 123 6 4 538 1653 793 492 246 275 93 6 1932 802 525 359 193 231 49 5
1600 1396 617 120 94 81 78 110 775 1984 806 133 103 80 80 135 2170 970 494 86 104 67 74 131
649 1108 673 455 646 563 2 0 125 1153 898 843 954 123 0 0 416 1321 927 1061 371 0 0 0
572 857 651 642 606 621 127 20 386 680 636 926 923 485 49 11 595 850 982 846 557 228 36 2
226 597 815 811 725 554 330 38 174 224 651 1217 932 712 156 30 290 660 1195 530 822 498 95 6
189 793 965 780 702 432 208 27 149 518 643 1262 827 571 102 24 342 965 934 645 674 466 52 18
288 600 1237 655 756 468 80 12 254 523 1044 1002 677 513 61 22 419 1006 1002 532 688 378 53 18
