532 359 251 127 115 136 252 2324 507 310 317 133 103 136 241 2349 504 254 324 157 105 139 224 2389
303 710 506 239 178 227 302 1631 272 651 598 223 187 218 314 1633 298 705 478 251 184 235 295 1650
258 40 176 233 271 320 521 2277 258 37 143 234 280 307 512 2325 262 40 157 223 253 310 488 2363
256 0 0 0 3 16 58 3763 256 0 0 0 3 12 50 3775 256 0 0 0 2 11 49 3778
256 0 0 0 0 0 0 3840 256 0 0 0 0 0 0 3840 256 0 0 0 0 0 0 3840
256 0 0 0 0 0 0 3840 256 0 0 0 0 0 0 3840 256 0 0 0 0 0 0 3840
256 0 0 0 0 0 0 3840 256 0 0 0 0 0 0 3840 256 0 0 0 0 0 0 3840
256 0 0 0 0 0 0 3840 256 0 0 0 0 0 0 3840 256 0 0 0 0 0 0 3840
256 0 0 0 0 0 0 3840 256 0 0 0 0 0 0 3840 256 0 0 0 0 0 0 3840
256 0 0 0 0 0 0 3840 256 0 0 0 0 0 0 3840 256 0 0 0 0 0 0 3840
256 0 0 0 0 0 0 3840 256 0 0 0 0 0 0 3840 256 0 0 0 0 0 0 3840
256 2 32 126 76 57 78 3469 256 2 34 123 78 55 82 3466 256 1 30 123 81 56 80 3469
256 0 51 102 40 28 32 3587 256 0 27 120 45 27 34 3587 256 1 56 98 38 31 32 3584
256 0 16 23 11 10 13 3767 256 0 16 22 12 10 12 3768 256 0 16 22 12 10 12 3768
320 492 395 212 132 169 276 2100 288 271 557 261 143 143 217 2216 397 430 339 228 137 146 212 2207
597 339 298 192 187 208 873 1402 513 310 328 220 173 207 258 2087 551 272 295 226 162 199 229 2162
563 881 283 286 303 386 496 898 461 884 363 279 299 352 456 1002 584 815 298 279 294 345 444 1037
50 905 623 485 513 509 466 545 51 847 669 487 509 521 467 545 140 915 603 438 502 504 452 542
3 39 176 318 292 271 333 2664 1 28 170 316 294 276 347 2664 6 73 203 288 278 269 314 2665
0 0 6 52 69 71 95 3803 0 0 1 26 74 78 103 3814 0 16 37 43 50 73 102 3775
0 1 78 344 200 147 142 3184 0 0 4 217 322 183 143 3227 5 190 241 139 144 100 132 3145
0 0 0 0 5 2 17 4072 0 0 0 0 4 3 16 4073 0 0 0 0 5 5 14 4072
0 0 0 0 0 0 0 4096 0 0 0 0 0 0 0 4096 0 0 0 0 0 0 0 4096
0 0 0 0 0 0 0 4096 0 0 0 0 0 0 0 4096 0 0 0 0 0 0 0 4096
0 0 0 0 0 0 0 4096 0 0 0 0 0 0 0 4096 0 0 0 0 0 0 0 4096
0 0 0 0 0 0 0 4096 0 0 0 0 0 0 0 4096 0 0 0 0 0 0 0 4096
0 0 0 0 0 0 0 4096 0 0 0 0 0 0 0 4096 0 0 0 0 0 0 0 4096
0 0 0 0 0 0 0 4096 0 0 0 0 0 0 0 4096 0 0 0 0 0 0 0 4096
0 0 0 0 0 0 0 4096 0 0 0 0 0 0 0 4096 0 0 0 0 0 0 0 4096
0 0 0 0 0 0 0 4096 0 0 0 0 0 0 0 4096 0 0 0 0 0 0 0 4096
0 0 18 12 7 10 19 4030 0 0 13 17 5 10 12 4039 0 0 10 20 4 11 12 4039
256 0 0 7 22 48 155 3608 256 0 0 0 11 39 46 3744 256 0 0 2 16 33 43 3746
377 1792 1495 253 74 54 30 21 332 1543 1614 395 91 61 34 26 981 2521 368 81 65 35 26 19
32 471 1862 812 384 282 188 65 31 470 1887 764 396 276 188 84 349 1904 605 371 342 257 195 73
0 22 169 406 558 636 645 1660 0 20 176 426 526 600 613 1735 9 77 252 383 492 556 617 1710
4 438 1218 930 510 265 228 503 0 35 763 1339 802 348 254 555 317 1319 772 485 339 222 209 433
2 968 2279 769 57 13 2 6 0 71 1521 2159 306 29 4 6 540 2947 517 66 13 7 4 2
0 71 688 1063 384 208 167 1515 0 0 146 1229 738 250 180 1553 37 939 751 360 215 159 183 1452
0 5 501 1277 444 224 122 1523 0 1 122 1292 706 274 151 1550 0 139 1059 807 310 176 108 1497
0 0 35 170 110 54 33 3694 0 0 1 113 161 76 40 3705 0 6 104 143 85 41 36 3681
0 0 0 0 0 0 0 4096 0 0 0 0 0 0 0 4096 0 0 0 0 0 0 0 4096
0 0 0 0 0 0 0 4096 0 0 0 0 0 0 0 4096 0 0 0 0 0 0 0 4096
0 2 31 45 30 24 24 3940 0 0 13 42 51 22 20 3948 1 20 41 37 22 20 38 3917
0 0 0 5 6 9 27 4049 0 0 0 2 7 8 8 4071 0 0 1 7 7 6 10 4065
0 0 0 0 0 0 0 4096 0 0 0 0 0 0 0 4096 0 0 0 0 0 0 0 4096
0 0 0 0 2 4 10 4080 0 0 0 0 1 3 9 4083 0 0 0 0 3 4 12 4077
0 0 0 3 1 4 13 4075 0 0 0 2 2 4 7 4081 0 0 0 1 3 4 7 4081
265 199 371 167 117 141 403 2433 256 30 332 331 129 124 191 2703 320 188 276 186 108 132 181 2705
351 2046 1634 63 2 0 0 0 319 1879 1855 41 2 0 0 0 1262 2629 203 2 0 0 0 0
18 876 2888 311 3 0 0 0 18 803 2948 325 2 0 0 0 802 2880 410 4 0 0 0 0
1 77 1100 1074 416 410 401 617 1 72 1071 1139 421 393 403 596 160 1416 569 321 367 369 384 510
28 1080 1219 610 334 250 236 339 1 269 1397 1106 441 277 245 360 913 1315 545 361 262 234 219 247
78 2300 1561 109 28 10 7 3 3 700 2449 855 61 15 9 4 1136 2634 260 32 18 10 4 2
10 986 2215 835 33 9 6 2 0 88 1705 2058 223 12 5 5 281 3053 690 47 14 7 2 2
2 69 1169 1692 598 260 158 148 1 20 511 1958 923 327 175 181 11 522 1785 929 377 215 136 121
0 13 671 1378 593 278 175 988 0 0 196 1510 907 274 179 1030 0 292 1313 780 383 197 149 982
0 15 247 143 566 323 61 2741 0 0 96 359 768 66 53 2754 0 14 301 648 303 55 44 2731
0 38 214 156 508 422 44 2714 0 1 119 340 815 59 39 2723 2 82 252 647 318 45 41 2709
10 1001 1689 369 443 531 22 31 1 204 1795 1056 918 64 22 36 49 1490 1393 800 298 22 25 19
7 717 887 336 1035 177 101 836 0 103 1043 1176 658 142 114 860 37 1113 694 1088 161 108 101 794
1 174 701 513 1166 214 194 1133 0 8 334 1376 766 229 190 1193 36 715 507 1177 208 157 187 1109
40 981 1237 699 508 120 84 427 0 337 1291 1293 466 154 95 460 385 1634 771 579 154 84 84 405
20 453 775 510 270 137 161 1770 0 71 625 808 371 221 136 1864 256 750 556 321 185 122 121 1785
275 497 745 502 154 102 218 1603 256 156 804 690 218 119 116 1737 442 840 564 205 141 81 107 1716
772 2177 856 286 5 0 0 0 748 2153 862 323 10 0 0 0 1911 1886 298 1 0 0 0 0
145 1700 1818 429 4 0 0 0 108 1850 1757 378 3 0 0 0 1359 2439 295 3 0 0 0 0
21 748 1731 1272 324 0 0 0 2 610 1588 1669 227 0 0 0 1070 2234 761 31 0 0 0 0
65 1635 1025 606 682 75 7 1 8 560 1646 1114 698 58 11 1 1545 1425 909 186 22 7 2 0
114 1117 683 197 139 477 1350 19 35 600 1023 418 148 162 1308 402 583 1117 309 145 85 106 884 867
37 523 590 171 108 592 2050 25 31 240 641 380 105 199 1929 571 132 825 255 129 79 174 1212 1290
42 290 329 326 236 420 2274 179 31 284 275 348 252 242 1564 1100 54 365 395 241 187 208 889 1757
19 236 655 819 749 466 1103 49 16 355 766 1052 266 238 991 412 25 679 912 740 120 190 859 571
29 223 712 1574 1542 16 0 0 41 591 1575 1602 280 7 0 0 18 1024 1420 1569 65 0 0 0
22 326 737 1620 1343 48 0 0 3 438 912 2166 575 2 0 0 34 797 1439 1739 87 0 0 0
53 232 830 1579 1378 24 0 0 28 521 1306 1929 312 0 0 0 133 1070 1369 1504 20 0 0 0
0 118 768 1743 1274 193 0 0 2 423 1128 2079 426 38 0 0 79 919 1578 1329 162 29 0 0
0 166 911 2520 495 4 0 0 7 452 1118 2405 109 5 0 0 126 874 2301 739 56 0 0 0
68 862 859 1574 309 353 70 1 72 1202 1142 1102 114 178 282 4 380 1518 1121 533 95 150 288 11
460 1125 519 239 134 1388 231 0 421 858 650 358 111 467 1219 12 766 983 404 161 91 267 1369 55
406 1367 1370 316 69 531 37 0 313 930 1498 691 55 256 352 1 1233 1616 493 117 41 145 450 1
313 336 1929 1377 107 34 0 0 312 242 2244 1147 91 59 1 0 505 1453 1929 114 79 16 0 0
12 264 1307 2372 102 30 9 0 1 88 1850 2030 75 29 22 1 127 956 2581 372 33 25 2 0
0 102 719 2606 583 67 19 0 0 34 972 2757 227 54 50 2 37 648 2524 776 69 38 4 0
11 251 1166 1785 693 118 71 1 10 194 1260 2015 449 99 68 1 84 1309 1864 603 131 101 4 0
1 64 481 1064 2160 215 104 7 2 56 489 1050 2172 222 98 7 27 326 616 1273 1647 146 59 2
6 478 545 671 2200 139 17 40 5 476 563 717 2142 137 16 40 23 639 497 1108 1742 36 21 30
38 606 1050 1764 591 44 3 0 40 596 1038 1733 644 42 3 0 62 732 1082 1847 338 34 1 0
5 204 1467 2089 249 72 8 2 7 337 2003 1489 208 43 9 0 35 729 1905 1218 164 40 5 0
12 108 843 2602 434 74 17 6 15 203 958 2482 367 53 13 5 13 398 1071 2261 305 40 6 2
3 33 428 2399 1092 109 28 4 4 40 613 2833 509 77 18 2 3 155 1781 1939 155 55 7 1
2 34 360 2242 1332 113 12 1 4 77 1014 2482 437 74 8 0 16 567 2088 1229 165 30 1 0
0 31 246 1390 2148 271 9 1 0 45 796 1214 1717 320 3 1 9 422 1014 1169 1376 105 1 0
1 143 956 2058 829 109 0 0 0 166 1095 2222 532 81 0 0 6 393 2119 1105 424 49 0 0
6 529 2424 1047 85 5 0 0 1 1070 2451 455 114 5 0 0 76 2171 1487 303 59 0 0 0
16 881 2616 564 19 0 0 0 11 775 2504 674 132 0 0 0 126 1159 2325 358 128 0 0 0
332 1381 1813 537 33 0 0 0 289 917 2165 697 28 0 0 0 742 1807 1454 93 0 0 0 0
256 269 2408 1157 6 0 0 0 256 129 2603 1088 20 0 0 0 514 2587 989 6 0 0 0 0
3 224 2288 1559 22 0 0 0 1 162 2128 1754 51 0 0 0 267 2608 1182 37 2 0 0 0
2 155 1847 2047 45 0 0 0 0 85 1431 2479 101 0 0 0 229 2470 1355 42 0 0 0 0
99 172 902 2514 349 56 4 0 90 189 545 2691 544 33 3 1 169 1847 1758 199 121 2 0 0
121 438 424 2039 900 134 39 1 122 430 330 1976 1061 134 42 1 294 990 1871 714 126 88 12 1
19 201 638 1766 1312 151 8 1 14 182 575 1835 1406 77 6 1 96 834 2154 860 131 20 1 0
3 86 481 1504 1690 321 9 2 3 87 461 1695 1723 118 7 2 18 495 2048 1415 104 10 5 1
1 37 366 1378 1820 413 81 0 1 38 451 1570 1849 183 4 0 34 505 2409 964 175 9 0 0
0 1 175 1738 1752 367 62 1 0 4 274 1991 1653 159 15 0 19 421 1780 1558 290 28 0 0
3 33 408 1645 1342 521 141 3 8 64 560 1977 1104 316 66 1 40 645 1926 978 366 112 29 0
14 110 410 1302 1177 841 239 3 29 199 443 1471 1204 601 146 3 114 877 1486 762 536 282 39 0
65 353 340 531 1102 1337 344 24 110 415 376 817 1386 838 145 9 308 484 703 1349 876 337 36 3
182 448 407 775 1197 942 143 2 249 445 537 980 1314 539 32 0 423 562 854 1276 835 146 0 0
437 586 1144 1403 459 67 0 0 478 599 1269 1373 354 23 0 0 769 1269 1392 566 99 1 0 0
76 599 1349 1748 312 11 1 0 73 716 1618 1528 157 3 1 0 543 1824 1563 158 8 0 0 0
265 1064 2003 744 20 0 0 0 264 727 2503 598 4 0 0 0 962 2476 632 26 0 0 0 0
256 8 579 2658 594 1 0 0 256 2 539 2986 313 0 0 0 422 2369 1296 9 0 0 0 0
0 11 599 2729 755 2 0 0 0 2 375 3194 525 0 0 0 191 2494 1399 12 0 0 0 0
0 14 480 2190 1396 16 0 0 0 7 335 2666 1084 4 0 0 194 1920 1941 41 0 0 0 0
0 1 154 1856 1938 147 0 0 0 0 182 2236 1640 38 0 0 46 1329 2497 224 0 0 0 0
0 1 106 2066 1857 66 0 0 0 1 125 2365 1589 16 0 0 41 1260 2653 142 0 0 0 0
0 1 90 971 2514 520 0 0 0 9 144 1380 2500 63 0 0 33 649 2680 734 0 0 0 0
0 0 20 519 1789 1380 388 0 0 2 46 917 2315 803 13 0 7 317 1728 1436 600 8 0 0
0 2 47 764 2048 1205 30 0 0 3 114 1217 2507 255 0 0 32 674 2171 1152 67 0 0 0
0 0 67 916 2335 775 3 0 0 3 106 1485 2426 76 0 0 35 783 2484 792 2 0 0 0
0 10 169 1576 2199 142 0 0 0 10 239 2094 1731 22 0 0 74 1034 2736 252 0 0 0 0
0 11 192 1694 2069 130 0 0 0 17 266 2108 1674 31 0 0 65 1248 2582 197 4 0 0 0
0 4 237 2086 1727 42 0 0 1 10 361 2735 988 1 0 0 73 1815 2162 46 0 0 0 0
2 35 815 2508 722 14 0 0 6 39 935 2562 552 2 0 0 256 2600 1184 34 22 0 0 0
0 54 1190 2603 248 1 0 0 1 83 1597 2287 128 0 0 0 381 2982 728 5 0 0 0 0
0 194 1766 2061 75 0 0 0 0 82 2415 1579 20 0 0 0 836 2902 358 0 0 0 0 0
265 412 2183 1204 32 0 0 0 257 298 2840 694 7 0 0 0 1402 2556 138 0 0 0 0 0
263 229 1817 1704 83 0 0 0 256 33 1358 2310 139 0 0 0 951 2652 490 3 0 0 0 0
11 182 1224 2339 339 1 0 0 0 34 784 2767 507 4 0 0 510 2527 1050 9 0 0 0 0
0 56 951 2399 673 17 0 0 0 18 623 2733 719 3 0 0 299 2290 1435 72 0 0 0 0
0 4 477 2616 980 19 0 0 0 4 435 2747 906 4 0 0 142 2038 1865 51 0 0 0 0
0 0 122 1218 2473 283 0 0 0 1 168 2044 1862 21 0 0 36 948 2754 358 0 0 0 0
0 1 73 1017 2492 504 9 0 0 0 113 1717 2169 97 0 0 19 613 2773 635 56 0 0 0
0 13 179 1104 791 1317 692 0 0 7 194 1320 1236 1336 3 0 76 767 1074 1021 1158 0 0 0
0 15 404 2215 1427 34 1 0 0 24 440 2596 1024 12 0 0 165 1882 1977 70 2 0 0 0
0 10 544 2530 989 23 0 0 0 14 517 2824 736 5 0 0 266 2440 1360 30 0 0 0 0
0 13 814 2705 553 11 0 0 0 19 902 2835 338 2 0 0 384 2514 1169 29 0 0 0 0
0 12 864 2746 466 6 2 0 0 22 1096 2730 243 4 1 0 332 2784 954 23 2 1 0 0
1 106 2005 1892 89 2 1 0 0 143 2138 1753 59 3 0 0 803 2851 432 8 2 0 0 0
1 280 2425 1324 60 6 0 0 0 322 2523 1204 45 2 0 0 1098 2638 344 16 0 0 0 0
0 299 2676 1076 44 1 0 0 2 390 2732 954 18 0 0 0 1290 2504 297 5 0 0 0 0
5 616 2742 716 17 0 0 0 7 599 2950 533 7 0 0 0 1682 2258 152 4 0 0 0 0
271 1123 2361 334 7 0 0 0 271 936 2614 265 10 0 0 0 2252 1767 71 6 0 0 0 0
276 572 2257 973 18 0 0 0 256 61 1565 2157 57 0 0 0 1361 2383 351 1 0 0 0 0
23 818 2055 1110 90 0 0 0 0 150 1608 2207 131 0 0 0 1177 2470 440 9 0 0 0 0
3 173 723 1882 1271 43 1 0 0 58 687 2511 820 20 0 0 440 1687 1878 86 5 0 0 0
0 2 248 2042 1742 62 0 0 0 3 330 2534 1222 7 0 0 103 1558 2282 151 2 0 0 0
0 1 92 1436 2375 191 1 0 0 0 203 2266 1595 32 0 0 37 1072 2654 330 3 0 0 0
0 3 123 629 990 1223 1128 0 0 3 160 947 1210 1750 26 0 20 459 982 966 1657 12 0 0
0 10 303 1143 785 1100 754 1 0 7 262 1419 1097 1282 29 0 102 1032 1026 827 1099 10 0 0
0 45 1024 2332 671 24 0 0 0 36 886 2656 510 8 0 0 493 2363 1164 76 0 0 0 0
0 48 1149 2226 663 10 0 0 0 33 797 2633 631 2 0 0 535 2425 1114 22 0 0 0 0
0 155 1620 2120 197 4 0 0 0 48 1362 2446 238 2 0 0 825 2762 499 10 0 0 0 0
0 111 1980 1799 196 9 1 0 1 127 2139 1728 98 3 0 0 878 2580 597 38 3 0 0 0
4 150 1696 1954 272 20 0 0 4 304 2303 1361 118 6 0 0 672 2489 863 68 4 0 0 0
1 253 2078 1566 191 7 0 0 2 447 2558 1030 59 0 0 0 1036 2442 582 35 1 0 0 0
3 454 2656 913 69 1 0 0 7 581 2741 742 25 0 0 0 1526 2277 275 18 0 0 0 0
3 830 2646 584 32 1 0 0 12 1009 2674 385 15 1 0 0 1819 2100 166 10 1 0 0 0
271 1552 2072 180 20 1 0 0 294 1743 1901 145 13 0 0 0 2599 1378 103 15 1 0 0 0
263 404 2261 1124 44 0 0 0 256 88 1635 2024 93 0 0 0 1174 2506 410 6 0 0 0 0
2 112 1057 2408 515 2 0 0 0 39 861 2702 494 0 0 0 302 2074 1695 25 0 0 0 0
1 80 655 2088 1220 52 0 0 0 11 505 2581 993 6 0 0 236 1737 1979 144 0 0 0 0
0 33 654 2066 1257 83 3 0 0 25 733 2334 973 31 0 0 294 1542 1991 264 5 0 0 0
0 12 378 1270 1300 1000 136 0 0 13 374 1708 1339 657 5 0 104 974 1412 1037 566 3 0 0
0 0 0 5 249 2476 1366 0 0 0 0 93 660 3332 11 0 0 2 131 820 3141 2 0 0
0 12 693 1726 1085 529 51 0 0 14 648 2222 1006 206 0 0 225 1583 1425 703 160 0 0 0
0 24 818 2451 783 20 0 0 0 36 924 2587 542 7 0 0 331 2300 1352 111 2 0 0 0
0 139 1706 1957 270 23 1 0 0 126 1727 2027 207 8 1 0 811 2493 724 61 6 1 0 0
2 362 2332 1200 179 19 2 0 0 220 2242 1539 88 7 0 0 1224 2335 483 45 9 0 0 0
0 266 2426 1259 132 13 0 0 1 259 2495 1276 62 3 0 0 922 2611 526 36 1 0 0 0
1 460 1963 1426 233 13 0 0 9 500 2401 1108 76 2 0 0 973 2314 745 62 2 0 0 0
2 497 2173 1267 150 7 0 0 11 653 2381 976 74 1 0 0 1235 2268 544 49 0 0 0 0
63 1674 1924 403 29 3 0 0 11 1231 2327 510 17 0 0 0 2348 1597 142 9 0 0 0 0
19 1387 2270 399 18 3 0 0 18 1210 2482 375 11 0 0 0 2244 1675 165 12 0 0 0 0
296 1786 1798 211 5 0 0 0 279 1659 1953 201 4 0 0 0 2800 1212 82 2 0 0 0 0
499 802 2304 487 4 0 0 0 496 168 2059 1345 28 0 0 0 1514 2287 295 0 0 0 0 0
275 531 2002 1201 86 1 0 0 256 145 1718 1825 148 4 0 0 1174 2256 657 9 0 0 0 0
257 238 1934 1531 136 0 0 0 256 25 1300 2289 225 1 0 0 1086 2343 651 16 0 0 0 0
256 123 1436 1892 372 17 0 0 256 36 1046 2357 397 4 0 0 713 2092 1184 105 2 0 0 0
256 1 117 478 1249 1869 126 0 256 0 135 845 1879 981 0 0 275 229 787 1880 925 0 0 0
256 0 9 81 584 2826 340 0 256 0 10 232 1479 2118 1 0 256 15 257 1597 1971 0 0 0
256 25 854 1949 888 124 0 0 256 6 663 2488 667 16 0 0 515 1892 1407 272 10 0 0 0
256 13 633 2444 739 11 0 0 256 12 717 2527 579 5 0 0 490 2155 1391 59 1 0 0 0
256 74 1253 2043 439 30 1 0 256 71 1379 2074 304 12 0 0 761 2231 986 113 5 0 0 0
257 268 1841 1480 240 10 0 0 256 119 1906 1682 129 4 0 0 930 2323 776 64 3 0 0 0
256 506 2533 772 29 0 0 0 256 252 2456 1095 37 0 0 0 1477 2337 273 9 0 0 0 0
256 468 2009 1154 191 18 0 0 259 528 2348 868 90 3 0 0 1123 2220 663 88 2 0 0 0
258 606 2140 993 96 3 0 0 259 698 2433 664 42 0 0 0 1348 2161 544 43 0 0 0 0
276 899 2039 786 95 1 0 0 269 1033 2303 465 26 0 0 0 1708 1953 411 23 1 0 0 0
282 987 2233 541 52 1 0 0 265 1465 2028 319 19 0 0 0 1691 2042 339 24 0 0 0 0
661 1843 1404 181 7 0 0 0 590 2348 1061 97 0 0 0 0 2618 1366 110 2 0 0 0 0
