0 0 0 1001 3070 25 0 0 0 0 0 207 3886 3 0 0 0 0 0 0 149 3947 0 0
0 0 0 90 3507 499 0 0 0 0 0 7 4018 71 0 0 0 0 0 0 58 4038 0 0
0 0 0 88 3486 522 0 0 0 0 0 5 4050 41 0 0 0 0 0 0 60 4036 0 0
0 0 0 2 3637 457 0 0 0 0 0 0 4009 87 0 0 0 0 0 0 17 4079 0 0
0 0 0 0 1413 2683 0 0 0 0 0 0 2314 1782 0 0 0 0 0 0 0 4096 0 0
0 0 0 83 3436 577 0 0 0 0 0 7 4030 59 0 0 0 0 0 0 72 4024 0 0
0 0 0 1883 1075 1138 0 0 0 0 0 388 2963 745 0 0 0 0 0 0 572 3524 0 0
0 0 0 779 763 2554 0 0 0 0 0 229 2172 1695 0 0 0 0 0 0 263 3833 0 0
0 0 0 0 855 3241 0 0 0 0 0 0 2368 1728 0 0 0 0 0 0 0 4096 0 0
0 0 0 0 2005 2091 0 0 0 0 0 0 2858 1238 0 0 0 0 0 0 3 4093 0 0
0 0 0 0 2684 1412 0 0 0 0 0 0 3074 1022 0 0 0 0 0 0 20 4076 0 0
0 0 0 1 4076 19 0 0 0 0 0 0 4096 0 0 0 0 0 0 0 91 4005 0 0
0 0 0 0 4076 20 0 0 0 0 0 0 4095 1 0 0 0 0 0 0 121 3975 0 0
0 0 0 807 3288 1 0 0 0 0 0 63 4033 0 0 0 0 0 0 0 322 3774 0 0
0 0 0 1162 2934 0 0 0 0 0 0 26 4070 0 0 0 0 0 0 0 478 3618 0 0
0 0 0 585 3490 21 0 0 0 0 0 11 4085 0 0 0 0 0 0 0 337 3759 0 0
0 0 0 44 3280 772 0 0 0 0 0 5 3822 269 0 0 0 0 0 0 63 4033 0 0
0 0 0 0 1584 2512 0 0 0 0 0 0 2414 1682 0 0 0 0 0 0 4 4092 0 0
0 0 0 0 3182 914 0 0 0 0 0 0 3952 144 0 0 0 0 0 0 0 4096 0 0
0 0 0 0 3976 120 0 0 0 0 0 0 4092 4 0 0 0 0 0 0 35 4061 0 0
0 0 0 0 3893 203 0 0 0 0 0 0 4063 33 0 0 0 0 0 0 93 4003 0 0
0 0 0 277 3807 12 0 0 0 0 0 2 4094 0 0 0 0 0 0 0 405 3691 0 0
0 0 0 1618 2478 0 0 0 0 0 0 79 4017 0 0 0 0 0 0 0 948 3148 0 0
0 0 0 497 3265 334 0 0 0 0 0 36 3994 66 0 0 0 0 0 0 532 3564 0 0
0 0 0 753 3332 11 0 0 0 0 0 87 4006 3 0 0 0 0 0 0 781 3315 0 0
0 0 0 2563 1533 0 0 0 0 0 0 171 3925 0 0 0 0 0 0 0 1891 2205 0 0
0 0 0 1184 2911 1 0 0 0 0 0 14 4082 0 0 0 0 0 0 0 1550 2546 0 0
0 0 0 8 4088 0 0 0 0 0 0 0 4096 0 0 0 0 0 0 0 1843 2253 0 0
0 0 0 260 3805 31 0 0 0 0 0 1 4095 0 0 0 0 0 0 0 2144 1952 0 0
0 0 0 0 4049 47 0 0 0 0 0 0 4096 0 0 0 0 0 0 0 494 3602 0 0
0 0 0 0 4040 56 0 0 0 0 0 0 4096 0 0 0 0 0 0 0 389 3707 0 0
0 0 0 0 4037 59 0 0 0 0 0 0 4094 2 0 0 0 0 0 0 413 3683 0 0
0 0 0 118 3940 38 0 0 0 0 0 1 4095 0 0 0 0 0 0 0 904 3192 0 0
0 0 0 95 3917 84 0 0 0 0 0 7 4086 3 0 0 0 0 0 0 754 3342 0 0
2 50 48 31 3586 379 0 0 0 29 40 34 3959 34 0 0 0 32 45 32 953 3034 0 0
14 153 446 199 3225 59 0 0 1 107 404 231 3347 6 0 0 1 124 403 217 2367 984 0 0
6 276 744 466 2603 1 0 0 1 194 640 599 2662 0 0 0 0 180 669 585 1892 770 0 0
16 260 1054 866 1900 0 0 0 2 147 803 1156 1988 0 0 0 0 133 793 1181 1415 574 0 0
29 368 1572 928 1198 1 0 0 1 205 962 1615 1309 4 0 0 1 202 1002 1567 1233 91 0 0
12 382 1792 1403 507 0 0 0 0 179 1291 1974 652 0 0 0 3 157 1249 2028 603 56 0 0
0 0 0 14 3940 142 0 0 0 0 0 0 4056 40 0 0 0 0 0 0 11 4085 0 0
0 0 0 0 3509 587 0 0 0 0 0 0 3966 130 0 0 0 0 0 0 0 4096 0 0
0 0 0 0 2460 1636 0 0 0 0 0 0 3824 272 0 0 0 0 0 0 12 4084 0 0
0 0 0 0 3312 784 0 0 0 0 0 0 3942 154 0 0 0 0 0 0 11 4085 0 0
0 0 0 0 4068 28 0 0 0 0 0 0 4092 4 0 0 0 0 0 0 29 4067 0 0
0 0 0 0 3364 732 0 0 0 0 0 0 3693 403 0 0 0 0 0 0 42 4054 0 0
0 0 0 0 1622 2474 0 0 0 0 0 0 3414 682 0 0 0 0 0 0 1 4095 0 0
0 0 0 0 373 3723 0 0 0 0 0 0 2366 1730 0 0 0 0 0 0 0 4096 0 0
0 0 0 0 3008 1088 0 0 0 0 0 0 3690 406 0 0 0 0 0 0 2 4094 0 0
0 0 0 0 3919 177 0 0 0 0 0 0 4035 61 0 0 0 0 0 0 13 4083 0 0
0 0 0 0 3143 953 0 0 0 0 0 0 3697 399 0 0 0 0 0 0 9 4087 0 0
0 0 0 17 3363 716 0 0 0 0 0 0 3842 254 0 0 0 0 0 0 77 4019 0 0
0 0 0 9 3949 138 0 0 0 0 0 0 4046 50 0 0 0 0 0 0 86 4010 0 0
0 0 0 161 2635 1300 0 0 0 0 0 0 3430 666 0 0 0 0 0 0 38 4058 0 0
0 0 0 53 2018 2025 0 0 0 0 0 1 3691 404 0 0 0 0 0 0 18 4077 1 0
0 0 0 0 2988 1108 0 0 0 0 0 0 3823 273 0 0 0 0 0 0 11 4085 0 0
0 0 0 0 791 3305 0 0 0 0 0 0 2885 1211 0 0 0 0 0 0 3 4093 0 0
0 0 0 0 1167 2929 0 0 0 0 0 0 3487 609 0 0 0 0 0 0 0 4096 0 0
0 0 0 0 3664 432 0 0 0 0 0 0 4036 60 0 0 0 0 0 0 20 4076 0 0
0 0 0 0 4007 89 0 0 0 0 0 0 4083 13 0 0 0 0 0 0 40 4056 0 0
0 0 0 0 3695 401 0 0 0 0 0 0 4042 54 0 0 0 0 0 0 75 4021 0 0
0 0 0 0 3796 300 0 0 0 0 0 0 3874 222 0 0 0 0 0 0 170 3926 0 0
0 0 0 0 2526 1570 0 0 0 0 0 0 3028 1068 0 0 0 0 0 0 57 4039 0 0
0 0 0 33 1630 2433 0 0 0 0 0 1 2599 1496 0 0 0 0 0 0 54 4042 0 0
0 0 0 0 2823 1273 0 0 0 0 0 0 3345 751 0 0 0 0 0 0 72 4024 0 0
0 0 0 824 3272 0 0 0 0 0 0 8 4088 0 0 0 0 0 0 0 832 3264 0 0
0 0 0 2990 1077 29 0 0 0 0 0 24 4070 2 0 0 0 0 0 0 1610 2486 0 0
0 0 0 531 2788 777 0 0 0 0 0 0 3818 278 0 0 0 0 0 0 952 3144 0 0
3 37 40 160 3357 499 0 0 0 16 40 35 3844 161 0 0 1 21 39 37 1274 2724 0 0
9 158 464 122 3337 6 0 0 1 88 358 246 3390 13 0 0 1 110 391 213 1423 1958 0 0
9 295 812 325 2653 2 0 0 0 150 704 531 2701 10 0 0 0 165 688 545 856 1842 0 0
29 400 1231 444 1831 161 0 0 5 220 991 832 2002 46 0 0 2 248 954 860 445 1587 0 0
35 715 1474 561 1256 55 0 0 5 439 1304 967 1353 28 0 0 7 463 1347 915 283 1081 0 0
46 841 1972 626 606 5 0 0 3 483 1505 1423 665 17 0 0 2 449 1680 1303 304 358 0 0
19 755 2170 1092 53 7 0 0 1 451 1526 2026 77 14 1 0 4 439 1655 1915 63 20 0 0
11 455 2304 1319 7 0 0 0 3 341 1531 2206 14 1 0 0 3 272 1772 2035 14 0 0 0
116 564 2000 1400 14 2 0 0 126 376 1410 2165 15 4 0 0 106 383 1567 2022 14 4 0 0
631 688 1558 1208 11 0 0 0 584 478 959 2054 19 2 0 0 593 481 1080 1923 17 2 0 0
1364 452 1731 541 8 0 0 0 1173 415 1001 1495 11 1 0 0 1257 335 1162 1332 8 2 0 0
1971 438 1205 480 2 0 0 0 1686 517 624 1252 17 0 0 0 1792 423 739 1130 12 0 0 0
0 0 0 2608 1488 0 0 0 0 0 0 3 4093 0 0 0 0 0 0 0 178 3918 0 0
0 0 0 85 3881 130 0 0 0 0 0 0 4077 19 0 0 0 0 0 0 69 4027 0 0
0 0 0 0 4096 0 0 0 0 0 0 0 4096 0 0 0 0 0 0 0 144 3952 0 0
0 0 0 3 4093 0 0 0 0 0 0 0 4096 0 0 0 0 0 0 0 196 3900 0 0
0 0 0 1 4095 0 0 0 0 0 0 0 4096 0 0 0 0 0 0 0 120 3976 0 0
0 0 0 0 3946 150 0 0 0 0 0 0 4079 17 0 0 0 0 0 0 19 4077 0 0
0 0 0 0 4044 52 0 0 0 0 0 0 4081 15 0 0 0 0 0 0 31 4065 0 0
0 0 0 0 1746 2350 0 0 0 0 0 0 2616 1480 0 0 0 0 0 0 6 4090 0 0
0 0 0 0 1519 2577 0 0 0 0 0 0 2492 1604 0 0 0 0 0 0 2 4094 0 0
0 0 0 0 2681 1415 0 0 0 0 0 0 3549 547 0 0 0 0 0 0 6 4090 0 0
0 0 0 65 3539 492 0 0 0 0 0 0 3969 127 0 0 0 0 0 0 60 4036 0 0
0 0 0 9 3829 258 0 0 0 0 0 0 4039 57 0 0 0 0 0 0 60 4036 0 0
0 0 0 0 1091 3005 0 0 0 0 0 0 1812 2284 0 0 0 0 0 0 4 4092 0 0
0 0 0 0 992 3104 0 0 0 0 0 0 2280 1816 0 0 0 0 0 0 5 4091 0 0
0 0 0 0 615 3481 0 0 0 0 0 0 1954 2142 0 0 0 0 0 0 1 4095 0 0
0 0 0 0 1041 3055 0 0 0 0 0 0 2479 1617 0 0 0 0 0 0 4 4092 0 0
0 0 0 0 2846 1250 0 0 0 0 0 0 3594 502 0 0 0 0 0 0 8 4088 0 0
0 0 0 0 1658 2438 0 0 0 0 0 0 3272 824 0 0 0 0 0 0 3 4093 0 0
0 0 0 0 2505 1591 0 0 0 0 0 0 3736 360 0 0 0 0 0 0 9 4087 0 0
0 0 0 0 3952 144 0 0 0 0 0 0 4071 25 0 0 0 0 0 0 312 3784 0 0
0 0 0 0 4096 0 0 0 0 0 0 0 4095 1 0 0 0 0 0 0 1267 2829 0 0
0 0 0 1 2879 1216 0 0 0 0 0 0 3037 1059 0 0 0 0 0 0 589 3507 0 0
0 0 5 12 467 3612 0 0 0 0 0 5 1329 2762 0 0 0 0 3 8 94 3991 0 0
21 135 265 109 2678 888 0 0 0 86 201 176 3107 526 0 0 2 98 241 151 281 3323 0 0
10 303 821 144 2743 75 0 0 0 144 769 309 2836 38 0 0 0 161 774 312 206 2643 0 0
32 341 1279 363 2068 13 0 0 4 218 1020 666 2160 28 0 0 2 203 976 774 407 1734 0 0
24 630 1542 721 1066 113 0 0 0 323 1302 1046 1341 84 0 0 1 322 1230 1135 350 1058 0 0
40 726 1984 681 151 514 0 0 3 366 1629 1387 318 393 0 0 0 381 1634 1392 88 601 0 0
50 953 2154 870 34 35 0 0 1 536 1698 1759 55 47 0 0 2 530 1778 1697 56 33 0 0
108 1034 2325 629 0 0 0 0 4 697 1714 1674 7 0 0 0 8 689 1961 1436 2 0 0 0
501 997 1879 719 0 0 0 0 188 896 1400 1601 11 0 0 0 272 851 1575 1396 2 0 0 0
1116 818 1365 790 5 2 0 0 831 785 1156 1299 22 2 1 0 906 760 1218 1197 13 2 0 0
1713 548 1112 711 11 1 0 0 1414 595 787 1260 38 2 0 0 1517 515 963 1084 15 2 0 0
2285 331 966 510 4 0 0 0 2021 417 614 1016 28 0 0 0 2093 368 661 951 23 0 0 0
2792 364 650 290 0 0 0 0 2577 410 542 561 6 0 0 0 2701 305 579 508 3 0 0 0
3296 380 381 39 0 0 0 0 3243 397 246 210 0 0 0 0 3310 349 329 108 0 0 0 0
3561 439 71 22 3 0 0 0 3573 412 67 41 3 0 0 0 3598 401 70 24 3 0 0 0
3483 587 26 0 0 0 0 0 3567 507 22 0 0 0 0 0 3565 500 31 0 0 0 0 0
2863 754 476 3 0 0 0 0 2907 751 348 90 0 0 0 0 2964 637 284 211 0 0 0 0
2260 712 788 210 25 20 54 27 2304 755 497 433 18 23 64 2 2348 672 338 617 27 28 61 5
0 0 0 3953 143 0 0 0 0 0 0 13 4083 0 0 0 0 0 0 0 398 3698 0 0
0 0 0 1809 1936 351 0 0 0 0 0 2 3861 233 0 0 0 0 0 0 254 3842 0 0
0 0 0 6 3822 268 0 0 0 0 0 0 4044 52 0 0 0 0 0 0 145 3951 0 0
0 0 0 0 4093 3 0 0 0 0 0 0 4094 2 0 0 0 0 0 0 92 4004 0 0
0 0 0 0 4019 77 0 0 0 0 0 0 4086 10 0 0 0 0 0 0 53 4043 0 0
0 0 0 0 3517 579 0 0 0 0 0 0 3797 299 0 0 0 0 0 0 67 4029 0 0
0 0 0 1 4095 0 0 0 0 0 0 0 4095 1 0 0 0 0 0 0 234 3862 0 0
0 0 0 0 4030 66 0 0 0 0 0 0 4089 7 0 0 0 0 0 0 237 3859 0 0
0 0 0 0 4076 20 0 0 0 0 0 0 4089 7 0 0 0 0 0 0 230 3866 0 0
0 0 0 0 4096 0 0 0 0 0 0 0 4096 0 0 0 0 0 0 0 358 3738 0 0
0 0 0 123 3948 25 0 0 0 0 0 0 4081 15 0 0 0 0 0 0 210 3886 0 0
0 0 0 0 2334 1762 0 0 0 0 0 0 2957 1139 0 0 0 0 0 0 16 4080 0 0
0 0 0 0 521 3575 0 0 0 0 0 0 1136 2960 0 0 0 0 0 0 2 4094 0 0
0 0 0 0 3045 1051 0 0 0 0 0 0 3797 299 0 0 0 0 0 0 1 4095 0 0
0 0 0 0 2425 1671 0 0 0 0 0 0 3718 378 0 0 0 0 0 0 0 4096 0 0
0 0 0 0 1672 2424 0 0 0 0 0 0 2598 1498 0 0 0 0 0 0 3 4093 0 0
0 0 0 0 1087 3009 0 0 0 0 0 0 2741 1355 0 0 0 0 0 0 1 4095 0 0
1 36 28 23 904 3104 0 0 0 7 41 26 2963 1059 0 0 0 28 32 21 83 3932 0 0
7 284 425 65 1179 2136 0 0 0 97 443 196 2494 866 0 0 0 145 506 112 144 3189 0 0
17 536 873 130 2452 88 0 0 0 213 943 337 2537 66 0 0 1 244 996 287 348 2220 0 0
66 700 1396 193 1736 5 0 0 3 387 1476 425 1771 34 0 0 9 394 1481 436 625 1151 0 0
153 864 1742 359 700 278 0 0 17 564 1704 767 785 259 0 0 30 577 1708 764 452 565 0 0
198 1097 2171 383 115 132 0 0 15 739 2069 984 133 156 0 0 20 776 2042 994 108 156 0 0
208 1159 2247 482 0 0 0 0 21 784 2083 1192 16 0 0 0 30 824 2055 1181 6 0 0 0
640 1140 1892 424 0 0 0 0 289 962 1675 1169 1 0 0 0 364 951 1690 1087 4 0 0 0
1174 1050 1447 424 1 0 0 0 750 1013 1262 1059 12 0 0 0 910 898 1324 956 8 0 0 0
1817 782 1105 392 0 0 0 0 1459 766 868 1003 0 0 0 0 1569 715 923 888 1 0 0 0
2533 575 732 256 0 0 0 0 2120 757 512 707 0 0 0 0 2199 720 586 591 0 0 0 0
3090 516 408 81 1 0 0 0 2534 914 358 288 2 0 0 0 2501 1000 416 178 1 0 0 0
3568 437 86 5 0 0 0 0 3050 868 133 45 0 0 0 0 2961 1008 104 23 0 0 0 0
3325 593 178 0 0 0 0 0 3172 785 139 0 0 0 0 0 3174 775 136 11 0 0 0 0
2764 539 573 200 9 5 5 1 2699 700 398 282 10 5 2 0 2649 758 285 354 40 5 5 0
2252 462 590 366 36 255 115 20 2257 581 383 467 34 264 104 6 2224 611 281 513 77 264 117 9
1684 502 527 430 70 577 263 43 1757 532 407 460 57 587 280 16 1730 561 279 492 138 648 229 19
1298 778 576 352 80 476 509 27 1489 643 406 475 74 556 439 14 1499 594 275 578 164 616 359 11
719 1340 965 118 162 660 127 5 1007 1096 563 491 147 663 128 1 1101 972 334 728 184 688 86 3
339 1791 1075 79 160 580 71 1 679 1447 750 418 186 544 72 0 831 1251 330 865 195 581 43 0
158 1868 1188 69 178 535 95 5 431 1703 797 365 149 564 87 0 468 1613 310 891 170 554 88 2
170 1767 1106 120 95 697 129 12 434 1874 482 380 78 696 145 7 504 1792 275 583 98 706 130 8
119 1805 1149 59 41 592 306 25 376 2047 637 63 38 605 324 6 436 1837 782 68 44 652 271 6
0 0 0 898 3038 160 0 0 0 0 0 1 4081 14 0 0 0 0 0 0 249 3847 0 0
0 0 0 71 1750 2275 0 0 0 0 0 0 3270 826 0 0 0 0 0 0 27 4069 0 0
0 0 0 0 3920 176 0 0 0 0 0 0 4078 18 0 0 0 0 0 0 35 4061 0 0
0 0 0 0 4079 17 0 0 0 0 0 0 4094 2 0 0 0 0 0 0 57 4039 0 0
0 0 0 0 3782 314 0 0 0 0 0 0 4005 91 0 0 0 0 0 0 37 4059 0 0
0 16 55 223 2819 983 0 0 0 5 29 125 3388 549 0 0 0 7 30 81 270 3708 0 0
10 110 163 370 3442 1 0 0 2 104 125 315 3550 0 0 0 17 114 95 190 994 2686 0 0
0 0 0 10 4086 0 0 0 0 0 0 1 4095 0 0 0 0 0 0 0 1075 3021 0 0
0 0 0 16 4080 0 0 0 0 0 0 0 4096 0 0 0 0 0 0 0 1528 2568 0 0
0 0 0 20 4076 0 0 0 0 0 0 2 4094 0 0 0 0 0 0 0 1782 2314 0 0
18 409 35 85 3535 14 0 0 107 301 76 35 3573 4 0 0 2 389 60 61 791 2793 0 0
0 0 0 0 3828 268 0 0 0 0 0 0 4039 57 0 0 0 0 0 0 66 4030 0 0
0 0 0 0 3522 574 0 0 0 0 0 0 3977 119 0 0 0 0 0 0 5 4091 0 0
2 10 8 11 3982 83 0 0 0 5 7 9 4055 20 0 0 0 8 8 7 260 3813 0 0
12 493 287 47 2969 288 0 0 0 195 526 75 3244 56 0 0 0 247 495 68 412 2874 0 0
29 914 985 56 1802 310 0 0 1 361 1451 148 1965 170 0 0 4 354 1464 151 182 1941 0 0
104 1660 1370 90 239 633 0 0 4 788 2056 337 483 428 0 0 9 882 2045 270 122 768 0 0
237 1646 1970 133 99 11 0 0 38 969 2452 498 100 39 0 0 79 995 2478 422 71 51 0 0
719 1552 1637 187 1 0 0 0 304 1187 2108 489 8 0 0 0 399 1137 2092 466 2 0 0 0
1370 1369 1097 257 3 0 0 0 909 1277 1347 543 20 0 0 0 1054 1180 1358 496 8 0 0 0
2104 910 870 212 0 0 0 0 1648 968 971 503 6 0 0 0 1804 857 972 458 5 0 0 0
2758 670 514 152 2 0 0 0 2275 890 541 379 11 0 0 0 2442 802 532 315 5 0 0 0
2988 775 252 81 0 0 0 0 2582 1007 277 227 3 0 0 0 2755 909 242 188 2 0 0 0
3119 873 101 3 0 0 0 0 2799 1161 121 13 2 0 0 0 2981 971 116 28 0 0 0 0
2691 716 527 159 3 0 0 0 2439 1037 337 280 3 0 0 0 2499 942 224 410 20 1 0 0
2242 511 669 326 34 184 113 17 2113 719 408 521 36 196 96 7 1802 1002 274 567 134 191 110 16
1622 664 728 249 52 644 131 6 1432 915 407 511 54 652 121 4 1313 1012 260 619 126 664 97 5
1014 1064 833 286 66 630 198 5 884 1326 467 513 74 659 171 2 787 1461 282 604 161 647 150 4
503 957 1385 310 51 574 293 23 558 1372 707 519 62 552 313 13 612 1565 333 554 156 635 224 17
147 771 1737 446 63 646 267 19 202 1282 1111 505 68 689 233 6 297 1511 667 548 168 704 190 11
25 381 2316 341 59 713 237 24 27 956 1602 481 68 719 231 12 91 1298 1071 535 152 752 182 15
95 647 2065 238 56 704 240 51 80 1179 1579 208 63 707 257 23 170 1328 1171 330 117 749 206 25
89 1550 1753 43 50 491 120 0 93 1992 1262 73 46 503 127 0 223 1812 1202 198 65 514 82 0
90 1682 2164 16 32 102 10 0 217 2013 1694 18 27 101 26 0 290 1809 1745 107 39 103 3 0
0 1479 2617 0 0 0 0 0 37 1935 2124 0 0 0 0 0 52 1798 1901 345 0 0 0 0
0 1041 3055 0 0 0 0 0 0 1520 2575 1 0 0 0 0 0 1365 1957 774 0 0 0 0
0 671 3404 21 0 0 0 0 0 1138 2880 78 0 0 0 0 0 936 1959 1201 0 0 0 0
0 235 3745 71 28 17 0 0 0 536 3268 257 21 14 0 0 0 344 2037 1678 16 21 0 0
0 74 3427 242 202 151 0 0 0 191 3147 479 164 115 0 0 0 57 1901 1842 181 115 0 0
0 26 3101 297 290 382 0 0 0 44 2861 587 330 274 0 0 0 29 1430 1996 337 304 0 0
0 0 0 258 3735 103 0 0 0 0 0 1 4089 6 0 0 0 0 0 0 118 3978 0 0
0 0 0 0 3739 357 0 0 0 0 0 0 4030 66 0 0 0 0 0 0 84 4012 0 0
0 0 0 0 4000 96 0 0 0 0 0 0 4085 11 0 0 0 0 0 0 69 4027 0 0
0 0 0 0 3801 295 0 0 0 0 0 0 4054 42 0 0 0 0 0 0 43 4053 0 0
0 0 0 0 4065 31 0 0 0 0 0 0 4081 15 0 0 0 0 0 0 99 3997 0 0
421 741 181 174 2508 71 0 0 166 862 214 203 2595 56 0 0 786 359 156 154 446 2195 0 0
1739 1103 294 277 678 5 0 0 1430 1373 295 289 702 7 0 0 2208 676 215 219 468 310 0 0
9 65 111 333 3578 0 0 0 5 58 97 190 3745 1 0 0 12 42 95 144 2315 1488 0 0
308 764 394 736 1894 0 0 0 181 728 438 542 2207 0 0 0 428 647 256 426 1817 522 0 0
45 203 153 225 3470 0 0 0 11 220 146 190 3528 1 0 0 52 179 133 139 2321 1272 0 0
76 968 144 140 2759 9 0 0 221 651 312 84 2822 6 0 0 10 857 269 126 1502 1332 0 0
78 1059 355 80 2524 0 0 0 7 563 847 91 2577 11 0 0 7 638 787 86 572 2006 0 0
355 1526 719 71 1399 26 0 0 126 1051 1252 199 1424 44 0 0 173 1085 1212 179 178 1269 0 0
1040 1813 845 60 331 7 0 0 709 1302 1539 177 319 50 0 0 797 1290 1505 149 108 247 0 0
1712 1611 742 31 0 0 0 0 1344 1298 1285 167 2 0 0 0 1483 1245 1240 127 1 0 0 0
2316 1211 480 89 0 0 0 0 1930 1172 772 217 5 0 0 0 1988 1156 761 188 3 0 0 0
2415 1244 372 65 0 0 0 0 2096 1385 443 170 2 0 0 0 2205 1354 393 144 0 0 0 0
2504 1045 470 77 0 0 0 0 2225 1402 315 154 0 0 0 0 2282 1356 249 206 3 0 0 0
2237 737 640 191 28 156 106 1 2198 859 385 369 35 165 85 0 2187 840 244 502 56 181 85 1
1792 686 652 210 64 438 252 2 1749 827 379 390 71 450 227 3 1789 783 239 524 92 474 194 1
1178 1125 773 201 74 512 227 6 1277 1183 422 395 72 552 195 0 1434 1053 257 526 108 572 145 1
664 1111 1217 237 57 482 296 32 795 1509 551 375 72 505 263 26 937 1457 291 512 112 548 224 15
247 847 1916 234 73 450 299 30 333 1276 1213 422 82 473 268 29 483 1362 813 548 137 493 246 14
8 465 2462 323 79 443 283 33 14 1034 1663 548 81 483 233 40 107 1262 1051 787 157 487 232 13
10 458 2164 622 92 467 276 7 22 963 1633 628 112 465 263 10 73 1325 993 830 137 532 200 6
19 412 2117 1049 37 332 123 7 39 937 1547 1059 54 329 126 5 129 1175 1047 1251 67 349 77 1
2 485 2132 1439 10 11 17 0 32 893 1540 1589 10 11 19 2 115 1060 1007 1878 10 16 10 0
0 87 2114 1895 0 0 0 0 6 465 1576 2049 0 0 0 0 14 720 1010 2331 21 0 0 0
0 2 1516 2578 0 0 0 0 0 28 1437 2631 0 0 0 0 0 184 1032 2847 33 0 0 0
0 0 1033 2907 51 93 12 0 0 0 930 3027 46 87 6 0 0 2 723 3114 147 93 17 0
0 0 701 2829 85 440 41 0 0 0 487 3070 77 446 16 0 0 0 263 3050 297 456 30 0
0 0 266 2793 151 829 57 0 0 0 123 2985 128 851 9 0 0 0 21 2887 306 851 31 0
0 7 1060 1462 361 888 318 0 0 38 987 1542 498 891 140 0 0 25 587 1739 782 852 111 0
0 4 1840 444 467 1341 0 0 0 9 1603 858 486 1140 0 0 0 0 345 2044 608 1099 0 0
0 0 1438 335 437 1885 1 0 0 0 1112 832 499 1653 0 0 0 0 105 1775 567 1649 0 0
0 0 986 391 637 2082 0 0 0 0 782 838 653 1823 0 0 0 0 56 1382 854 1804 0 0
0 0 398 374 725 2598 1 0 0 0 332 779 811 2174 0 0 0 0 16 1007 979 2094 0 0
0 0 88 424 788 2795 1 0 0 0 84 574 1045 2393 0 0 0 0 1 582 1097 2416 0 0
0 0 0 145 701 3249 1 0 0 0 0 410 1020 2666 0 0 0 0 0 289 1270 2537 0 0
0 0 0 238 1028 2830 0 0 0 0 0 463 1132 2501 0 0 0 0 0 248 1332 2516 0 0
0 0 0 1 4063 32 0 0 0 0 0 0 4096 0 0 0 0 0 0 0 725 3371 0 0
0 0 0 0 4092 4 0 0 0 0 0 0 4096 0 0 0 0 0 0 0 452 3644 0 0
0 0 0 10 4086 0 0 0 0 0 0 5 4091 0 0 0 0 0 0 0 607 3489 0 0
0 0 0 0 4096 0 0 0 0 0 0 0 4095 1 0 0 0 0 0 0 909 3187 0 0
108 136 122 131 3597 2 0 0 39 161 100 118 3667 11 0 0 114 120 92 97 1016 2657 0 0
2763 1040 79 57 157 0 0 0 1981 1747 114 60 185 9 0 0 3465 329 68 47 96 91 0 0
3493 576 17 7 2 1 0 0 3239 811 41 3 2 0 0 0 3860 214 13 7 2 0 0 0
1918 1190 331 258 392 7 0 0 1491 1397 485 276 443 4 0 0 1969 1013 406 230 364 114 0 0
2577 1363 132 24 0 0 0 0 1982 1754 296 62 2 0 0 0 2667 1115 268 45 1 0 0 0
2389 1099 251 86 271 0 0 0 2090 1003 587 114 302 0 0 0 2042 1082 563 89 286 34 0 0
2674 1159 232 24 7 0 0 0 2297 1098 621 59 21 0 0 0 2225 1233 567 52 19 0 0 0
2769 790 411 121 2 2 1 0 2454 981 494 161 5 1 0 0 2395 1067 411 211 9 2 1 0
2427 550 369 276 28 64 290 92 2270 793 317 255 30 84 313 34 2304 760 180 353 58 121 276 44
1774 934 350 314 50 108 466 100 1778 1032 261 303 50 144 453 75 1972 823 190 360 83 242 367 59
1406 1157 491 315 52 162 410 103 1613 1067 381 313 55 160 465 42 1718 1006 259 363 86 289 337 38
829 1272 960 326 56 150 418 85 1065 1288 724 315 50 189 423 42 1206 1235 534 407 70 308 291 45
250 1053 1500 587 54 173 398 81 582 1103 1211 495 60 212 415 18 659 1192 884 653 78 373 227 30
221 1092 967 1062 72 245 373 64 441 1119 853 934 79 242 406 22 585 1100 569 1088 92 402 234 26
3 735 1919 976 34 261 160 8 130 1045 1439 1011 36 268 159 8 294 1073 992 1287 45 306 97 2
2 614 1982 1480 5 7 6 0 46 949 1439 1643 4 6 9 0 165 1023 970 1921 5 6 6 0
0 110 1960 2025 1 0 0 0 3 445 1368 2280 0 0 0 0 12 618 925 2483 58 0 0 0
0 0 1337 2620 51 55 33 0 0 55 1226 2692 45 59 19 0 0 199 839 2644 323 57 34 0
0 0 656 2861 100 342 137 0 0 0 604 2933 102 406 51 0 0 0 372 2732 513 387 92 0
0 0 118 2881 153 686 258 0 0 0 105 2921 147 842 81 0 0 0 24 2474 650 824 124 0
0 0 20 2416 201 1005 454 0 0 0 7 2460 204 1307 118 0 0 0 0 1912 722 1256 206 0
0 0 5 1880 206 1670 335 0 0 0 1 1932 201 1888 74 0 0 0 0 1353 736 1896 111 0
0 0 10 1428 232 2132 294 0 0 0 4 1474 217 2299 102 0 0 0 0 1069 589 2285 153 0
0 0 1 980 315 2535 265 0 0 0 0 1020 316 2664 96 0 0 0 0 677 616 2643 160 0
0 0 0 456 383 3110 147 0 0 0 1 530 397 3122 46 0 0 0 0 349 542 3143 62 0
0 0 2 89 388 3487 130 0 0 0 2 152 388 3500 54 0 0 0 0 110 393 3520 73 0
0 0 0 28 171 3759 138 0 0 0 0 63 166 3841 26 0 0 0 0 31 177 3818 70 0
0 0 0 61 362 3542 131 0 0 0 0 99 373 3590 34 0 0 0 0 60 372 3623 41 0
0 0 46 512 470 2398 670 0 0 0 84 535 647 2506 324 0 0 0 83 529 745 2445 294 0
0 0 3 272 833 2988 0 0 0 0 2 566 802 2725 1 0 0 0 3 407 1041 2645 0 0
0 0 4 75 474 3543 0 0 0 0 4 249 509 3334 0 0 0 0 4 101 693 3298 0 0
0 0 2 167 841 3086 0 0 0 0 3 424 831 2838 0 0 0 0 3 190 1080 2823 0 0
0 0 0 101 558 3437 0 0 0 0 0 322 733 3041 0 0 0 0 0 182 829 3085 0 0
0 0 3 264 784 3045 0 0 0 0 3 536 761 2795 1 0 0 0 2 347 923 2824 0 0
0 0 2 128 527 3439 0 0 0 0 4 275 620 3197 0 0 0 0 4 161 687 3244 0 0
0 0 0 171 1048 2877 0 0 0 0 0 452 1068 2576 0 0 0 0 0 219 1221 2656 0 0
0 0 0 12 4084 0 0 0 0 0 0 0 4096 0 0 0 0 0 0 0 2069 2027 0 0
2 18 64 91 3921 0 0 0 0 8 42 62 3984 0 0 0 0 6 36 64 2035 1955 0 0
65 449 601 978 2000 3 0 0 33 382 533 939 2205 4 0 0 161 345 416 702 1816 656 0 0
257 654 368 511 2306 0 0 0 182 676 389 497 2351 1 0 0 440 463 318 349 2201 325 0 0
1022 736 174 287 1877 0 0 0 717 935 176 202 2066 0 0 0 1344 376 137 169 1792 278 0 0
3781 314 1 0 0 0 0 0 3510 582 4 0 0 0 0 0 4070 26 0 0 0 0 0 0
3811 285 0 0 0 0 0 0 3694 397 5 0 0 0 0 0 4037 59 0 0 0 0 0 0
2244 499 728 159 95 165 165 41 2367 427 657 186 99 199 137 24 2327 457 590 253 112 189 149 19
1651 824 569 247 131 198 375 101 1822 743 368 371 146 174 412 60 1750 764 227 549 174 199 397 36
850 1273 882 274 171 167 389 90 1095 1305 579 304 186 152 433 42 1123 1235 456 464 203 189 394 32
159 1358 1300 481 143 193 347 115 454 1324 1000 521 153 185 408 51 554 1222 701 807 200 186 386 40
50 1113 1092 1043 108 209 355 126 229 1167 842 1063 120 215 392 68 448 999 523 1328 163 222 360 53
77 1178 997 1556 17 68 182 21 303 1181 721 1594 19 88 153 37 552 1026 443 1642 167 127 139 0
172 465 1197 2262 0 0 0 0 370 514 988 2224 0 0 0 0 420 600 663 1844 569 0 0 0
8 150 1017 2749 58 48 66 0 27 381 768 2766 50 67 37 0 9 479 564 1913 1009 64 58 0
0 25 490 2833 104 240 404 0 0 100 464 2805 108 456 163 0 0 118 316 1945 1071 439 207 0
0 4 131 2665 143 368 785 0 0 5 127 2689 155 816 304 0 0 6 66 1810 1075 857 282 0
0 0 22 2143 183 361 1386 1 0 0 6 2181 206 986 717 0 0 0 1 1119 1249 1086 640 1
0 0 56 1630 348 1527 534 1 0 0 48 1692 343 1708 304 1 0 0 6 1484 548 1733 324 1
0 0 3 1082 296 2362 353 0 0 0 2 1119 294 2581 100 0 0 0 0 879 505 2554 158 0
0 0 2 495 330 2427 841 1 0 0 0 534 338 3048 176 0 0 0 0 259 580 2979 278 0
0 0 0 156 617 1949 1345 29 0 0 0 239 616 2735 481 25 0 0 0 180 659 2730 502 25
0 0 0 17 348 1931 1800 0 0 0 0 43 364 3168 521 0 0 0 0 29 366 2992 709 0
0 0 0 7 324 1611 2154 0 0 0 0 23 346 3232 495 0 0 0 0 17 345 3120 614 0
0 0 0 3 354 1976 1763 0 0 0 0 16 364 3330 386 0 0 0 0 6 359 3095 636 0
0 0 0 13 203 3092 788 0 0 0 0 43 198 3592 263 0 0 0 0 15 214 3467 400 0
0 0 0 6 335 2850 905 0 0 0 0 27 350 3504 215 0 0 0 0 12 333 3336 415 0
0 0 0 5 386 3071 634 0 0 0 0 20 408 3464 204 0 0 0 0 6 383 3384 323 0
0 0 0 19 377 3290 410 0 0 0 0 73 369 3535 119 0 0 0 0 17 381 3508 190 0
0 0 0 25 401 3306 364 0 0 0 0 59 405 3554 78 0 0 0 0 27 397 3524 148 0
0 0 0 5 183 3591 317 0 0 0 0 35 180 3803 78 0 0 0 0 5 188 3795 108 0
0 0 0 33 368 3531 164 0 0 0 0 77 362 3616 41 0 0 0 0 33 361 3615 87 0
0 0 43 459 451 2556 587 0 0 0 21 575 623 2547 330 0 0 0 17 580 685 2488 326 0
0 0 3 244 716 3128 5 0 0 0 4 488 678 2926 0 0 0 0 0 310 872 2914 0 0
0 0 0 57 443 3596 0 0 0 0 0 173 463 3460 0 0 0 0 0 30 647 3419 0 0
0 0 0 150 832 3114 0 0 0 0 0 415 823 2858 0 0 0 0 0 156 1051 2889 0 0
0 0 0 70 501 3524 1 0 0 0 0 239 617 3240 0 0 0 0 0 95 744 3257 0 0
0 0 0 238 848 3010 0 0 0 0 0 559 814 2723 0 0 0 0 0 339 980 2777 0 0
0 0 0 99 484 3513 0 0 0 0 0 242 507 3347 0 0 0 0 0 121 601 3374 0 0
0 0 0 170 1034 2892 0 0 0 0 0 450 951 2695 0 0 0 0 0 160 1173 2763 0 0
368 324 208 611 2567 18 0 0 211 386 205 439 2855 0 0 0 429 229 149 267 2626 396 0 0
522 984 444 424 1720 2 0 0 188 1130 437 453 1886 2 0 0 962 553 281 374 1536 390 0 0
1661 2132 164 97 42 0 0 0 1415 2312 180 123 66 0 0 0 3372 449 98 84 89 4 0 0
1754 1726 242 230 144 0 0 0 1618 1872 231 218 157 0 0 0 2938 552 191 157 254 4 0 0
2562 612 134 462 326 0 0 0 1885 1198 138 170 705 0 0 0 2938 208 102 125 718 5 0 0
3895 201 0 0 0 0 0 0 3679 415 2 0 0 0 0 0 4079 17 0 0 0 0 0 0
3770 326 0 0 0 0 0 0 3758 338 0 0 0 0 0 0 4006 90 0 0 0 0 0 0
1825 555 839 336 186 270 85 0 2016 408 774 366 158 348 26 0 1917 486 639 498 183 319 54 0
15 305 1393 1189 187 867 140 0 77 408 958 1473 218 916 46 0 83 392 575 1664 394 911 77 0
0 0 726 1644 171 1182 373 0 0 13 541 1830 220 1383 109 0 0 8 275 1764 520 1321 208 0
0 0 159 1715 202 1364 656 0 0 0 51 1851 249 1728 217 0 0 0 0 1452 674 1709 261 0
0 0 0 1298 185 1269 1344 0 0 0 0 1311 230 2063 492 0 0 0 0 654 880 2004 558 0
0 0 0 742 265 1038 2051 0 0 0 0 774 318 2280 724 0 0 0 0 250 814 2241 791 0
0 0 0 287 301 1005 2503 0 0 0 0 315 347 2162 1272 0 0 0 0 75 581 2281 1159 0
0 0 0 15 202 767 3111 1 0 0 0 16 273 1867 1940 0 0 0 0 10 280 2160 1645 1
0 0 0 0 158 625 3311 2 0 0 0 0 230 1844 2022 0 0 0 0 0 233 2198 1665 0
0 0 11 21 139 595 3264 66 0 0 14 18 209 1608 2194 53 0 1 26 11 222 2017 1791 28
0 0 38 364 145 436 2987 126 0 0 93 319 169 845 2565 105 0 9 164 203 229 1127 2299 65
0 0 15 349 563 2336 810 23 0 0 31 390 552 2622 481 20 0 1 36 297 614 2659 481 8
0 0 0 5 351 2937 803 0 0 0 0 19 378 3558 141 0 0 0 0 11 359 3510 216 0
0 0 0 1 327 2270 1498 0 0 0 0 12 343 3420 321 0 0 0 0 7 332 3295 462 0
0 5 123 1020 742 976 1228 2 0 34 125 1148 632 1660 497 0 0 44 108 838 940 1757 409 0
0 0 0 8 466 1983 1639 0 0 0 0 21 485 3136 454 0 0 0 0 16 487 3115 478 0
0 0 0 1 347 1322 2426 0 0 0 0 3 388 3084 621 0 0 0 0 2 360 2963 771 0
0 0 0 2 294 1999 1801 0 0 0 0 17 319 3192 568 0 0 0 0 9 306 3008 773 0
0 0 0 16 219 2786 1075 0 0 0 0 29 224 3585 258 0 0 0 0 17 227 3291 561 0
0 0 0 7 364 2575 1150 0 0 0 0 16 379 3387 314 0 0 0 0 4 362 3108 622 0
0 0 0 12 391 2906 787 0 0 0 0 25 409 3449 213 0 0 0 0 8 392 3197 499 0
0 0 0 15 374 3119 588 0 0 0 0 50 376 3529 141 0 0 0 0 20 367 3352 357 0
0 0 0 11 377 3341 367 0 0 0 0 38 385 3618 55 0 0 0 0 9 369 3577 141 0
0 0 0 12 222 3405 457 0 0 0 0 17 230 3724 125 0 0 0 0 14 222 3629 231 0
0 0 0 14 371 3493 218 0 0 0 0 66 387 3583 60 0 0 0 0 22 377 3610 87 0
0 0 23 527 388 2908 250 0 0 0 49 556 608 2755 128 0 0 0 13 591 589 2793 110 0
0 0 2 239 724 3131 0 0 0 0 0 474 658 2964 0 0 0 0 0 261 909 2926 0 0
0 0 0 61 434 3601 0 0 0 0 0 129 563 3404 0 0 0 0 0 39 664 3393 0 0
0 0 0 124 885 3087 0 0 0 0 0 342 894 2860 0 0 0 0 0 120 1130 2846 0 0
0 0 0 78 490 3528 0 0 0 0 0 213 638 3245 0 0 0 0 0 121 739 3236 0 0
0 0 0 245 888 2962 1 0 0 0 0 557 907 2632 0 0 0 0 0 280 1117 2699 0 0
0 0 1 95 512 3488 0 0 0 0 2 236 558 3300 0 0 0 0 2 91 662 3341 0 0
0 0 2 162 1082 2850 0 0 0 0 5 440 1000 2651 0 0 0 0 6 144 1172 2774 0 0
3669 386 19 20 2 0 0 0 3211 807 35 25 18 0 0 0 3979 62 19 16 20 0 0 0
2977 1078 41 0 0 0 0 0 2494 1559 42 1 0 0 0 0 4000 88 8 0 0 0 0 0
3197 887 12 0 0 0 0 0 3109 979 8 0 0 0 0 0 4042 52 2 0 0 0 0 0
3318 774 4 0 0 0 0 0 3357 737 2 0 0 0 0 0 4081 15 0 0 0 0 0 0
3568 517 10 1 0 0 0 0 3195 886 14 1 0 0 0 0 4061 31 4 0 0 0 0 0
3913 183 0 0 0 0 0 0 3870 226 0 0 0 0 0 0 4083 13 0 0 0 0 0 0
3452 636 8 0 0 0 0 0 3535 550 11 0 0 0 0 0 4012 84 0 0 0 0 0 0
1646 570 147 658 426 534 115 0 1829 431 155 654 411 613 3 0 1827 380 152 638 419 656 24 0
0 5 160 346 271 2258 980 76 0 3 251 269 421 2654 422 76 0 56 178 280 363 2627 530 62
0 0 98 455 195 1797 1449 102 0 0 188 383 286 2453 693 93 0 19 178 341 304 2352 842 60
0 0 84 462 187 1442 1811 110 0 0 153 414 285 2289 856 99 0 19 154 354 315 2167 1028 59
0 1 59 515 210 859 2353 99 0 0 151 449 226 1885 1296 89 0 21 176 318 318 1728 1482 53
0 0 66 461 196 870 2411 92 0 0 123 426 273 1843 1349 82 0 8 141 312 358 1733 1510 34
0 0 28 428 234 685 2601 120 0 0 68 446 241 1270 1965 106 0 0 116 287 346 1136 2146 65
0 0 43 484 253 811 2382 123 0 0 102 468 265 1747 1400 114 0 5 148 312 370 1701 1479 81
0 0 35 498 240 865 2322 136 0 0 112 465 274 2127 995 123 0 3 150 330 368 2248 895 102
0 0 18 543 253 673 2573 36 0 0 89 517 277 1807 1377 29 0 4 140 319 413 1994 1210 16
0 0 5 188 245 545 3110 3 0 0 6 228 287 1395 2180 0 0 1 7 128 380 1677 1903 0
0 0 1 228 560 2209 1098 0 0 0 0 273 595 2735 493 0 0 0 0 182 623 2750 541 0
0 0 0 8 360 2782 946 0 0 0 0 18 370 3556 152 0 0 0 0 11 356 3435 294 0
0 0 0 6 326 2166 1598 0 0 0 0 17 345 3424 310 0 0 0 0 9 338 3121 628 0
0 99 283 505 770 1335 1103 1 4 171 259 554 721 1901 486 0 6 181 225 533 764 1934 453 0
0 0 0 17 419 2872 788 0 0 0 0 57 429 3380 230 0 0 0 0 36 428 3285 347 0
0 0 0 7 367 1010 2712 0 0 0 0 25 389 2865 817 0 0 0 0 19 374 2405 1298 0
0 0 1 1 299 2048 1747 0 0 0 1 6 329 3370 390 0 0 0 1 2 303 2979 811 0
0 0 0 9 326 2414 1347 0 0 0 0 26 340 3471 259 0 0 0 0 7 316 2928 845 0
0 0 0 9 351 2437 1299 0 0 0 0 29 376 3403 288 0 0 0 0 13 359 2984 740 0
0 0 0 8 404 2799 885 0 0 0 0 19 422 3424 231 0 0 0 0 4 404 3264 424 0
0 0 0 7 381 3048 660 0 0 0 0 51 388 3442 215 0 0 0 0 14 372 3372 338 0
0 0 0 12 237 3522 325 0 0 0 2 32 263 3728 71 0 0 0 0 20 249 3683 144 0
0 0 0 15 364 3434 283 0 0 0 0 26 376 3576 118 0 0 0 0 8 360 3528 200 0
0 0 0 18 390 3426 262 0 0 0 0 53 398 3582 63 0 0 0 0 28 392 3598 78 0
0 0 21 483 329 3010 253 0 0 0 80 496 522 2867 131 0 0 0 18 552 627 2774 125 0
0 0 2 248 826 3020 0 0 0 0 2 465 700 2929 0 0 0 0 2 299 915 2880 0 0
0 0 2 57 469 3566 2 0 0 0 3 157 565 3370 1 0 0 0 2 60 679 3354 1 0
0 0 3 130 879 3084 0 0 0 0 3 385 790 2918 0 0 0 0 3 159 972 2962 0 0
0 0 2 93 546 3455 0 0 0 0 3 249 777 3067 0 0 0 0 3 148 832 3113 0 0
0 0 2 275 961 2858 0 0 0 0 5 592 868 2631 0 0 0 0 4 277 1173 2642 0 0
0 0 0 76 514 3506 0 0 0 0 0 251 608 3237 0 0 0 0 0 104 635 3357 0 0
0 0 0 175 1013 2908 0 0 0 0 0 498 812 2786 0 0 0 0 0 192 1027 2877 0 0
3740 356 0 0 0 0 0 0 3808 288 0 0 0 0 0 0 4095 1 0 0 0 0 0 0
3832 263 1 0 0 0 0 0 3608 488 0 0 0 0 0 0 4095 1 0 0 0 0 0 0
3832 264 0 0 0 0 0 0 3930 166 0 0 0 0 0 0 4090 6 0 0 0 0 0 0
3705 391 0 0 0 0 0 0 3731 365 0 0 0 0 0 0 4096 0 0 0 0 0 0 0
3848 248 0 0 0 0 0 0 3869 226 1 0 0 0 0 0 4090 6 0 0 0 0 0 0
4043 53 0 0 0 0 0 0 4004 92 0 0 0 0 0 0 4093 3 0 0 0 0 0 0
3632 460 4 0 0 0 0 0 3535 548 13 0 0 0 0 0 4016 80 0 0 0 0 0 0
1878 432 120 701 370 512 83 0 2076 268 166 693 333 560 0 0 1947 352 145 653 428 554 17 0
0 0 50 329 431 2863 423 0 0 0 90 314 547 3034 111 0 0 0 68 298 521 2981 228 0
0 0 0 2 282 2788 1024 0 0 0 0 4 390 3463 239 0 0 0 0 3 365 3320 408 0
0 0 0 0 176 2293 1627 0 0 0 0 0 334 3253 509 0 0 0 0 0 318 3170 608 0
0 0 0 0 173 1404 2519 0 0 0 0 0 222 3010 864 0 0 0 0 0 226 2943 927 0
0 0 25 23 205 1243 2600 0 0 0 27 22 316 2775 956 0 0 0 32 18 336 2790 920 0
0 18 276 1372 434 780 1169 47 0 54 375 1327 405 1085 818 32 0 53 322 1311 463 1102 801 44
0 0 0 237 248 970 2640 1 0 0 0 247 324 2391 1134 0 0 0 0 127 455 2469 1044 1
0 0 0 0 133 823 3139 1 0 0 0 0 238 2047 1811 0 0 0 0 0 257 2212 1627 0
0 0 0 0 129 551 3415 1 0 0 0 0 212 1217 2667 0 0 0 0 0 230 1540 2326 0
0 0 0 0 156 498 3440 2 0 0 0 0 221 1373 2502 0 0 0 0 0 230 1630 2236 0
0 0 1 186 581 2077 1251 0 0 0 2 240 577 2713 564 0 0 0 0 161 647 2714 574 0
0 0 0 4 352 2921 819 0 0 0 0 26 376 3518 176 0 0 0 0 8 362 3419 307 0
0 0 0 2 336 2541 1217 0 0 0 0 12 360 3497 227 0 0 0 0 5 348 3286 457 0
0 0 0 439 435 1141 1943 138 0 0 5 479 460 2084 995 73 0 0 10 348 605 2093 969 71
0 0 0 5 364 1517 2210 0 0 0 0 15 391 3096 594 0 0 0 0 3 388 2620 1085 0
0 0 0 3 348 2095 1650 0 0 0 0 27 354 3319 396 0 0 0 0 7 344 3154 591 0
0 0 0 2 360 1993 1741 0 0 0 0 16 383 3267 430 0 0 0 0 3 355 2900 838 0
0 0 0 6 338 2450 1302 0 0 0 0 20 362 3440 274 0 0 0 0 5 336 2999 756 0
0 0 0 2 361 2573 1160 0 0 0 0 13 380 3416 287 0 0 0 0 5 356 3075 660 0
0 0 0 4 396 2884 812 0 0 0 0 20 407 3460 209 0 0 0 0 4 393 3215 484 0
0 0 0 20 376 3196 504 0 0 0 0 55 380 3581 80 0 0 0 0 16 391 3496 193 0
0 0 0 2 193 3386 515 0 0 0 0 14 199 3726 157 0 0 0 0 1 191 3665 239 0
0 0 0 11 418 2937 730 0 0 0 0 16 456 3331 293 0 0 0 0 4 417 3345 330 0
0 0 0 9 395 3334 358 0 0 0 0 64 390 3505 137 0 0 0 0 23 417 3549 107 0
0 0 24 406 291 2928 447 0 0 0 197 296 581 2892 130 0 0 0 165 322 581 2903 125 0
0 0 21 291 968 2760 40 16 0 0 2 489 1051 2502 51 1 0 0 3 443 1294 2313 43 0
0 0 0 72 502 3408 82 32 0 0 0 165 648 3181 81 21 0 0 1 90 780 3141 76 8
0 0 17 272 940 2754 83 30 0 0 81 495 827 2592 86 15 0 0 121 253 1073 2551 80 18
0 0 117 308 544 2985 120 22 0 3 263 280 814 2609 122 5 0 6 281 187 880 2643 98 1
0 0 2 286 937 2871 0 0 0 0 2 563 851 2680 0 0 0 0 2 366 997 2731 0 0
0 0 0 121 522 3453 0 0 0 0 0 237 814 3045 0 0 0 0 0 105 827 3164 0 0
0 0 0 194 979 2923 0 0 0 0 0 500 946 2650 0 0 0 0 0 147 1294 2655 0 0
3788 303 5 0 0 0 0 0 3775 319 2 0 0 0 0 0 4088 8 0 0 0 0 0 0
3884 205 7 0 0 0 0 0 3918 176 2 0 0 0 0 0 4086 10 0 0 0 0 0 0
3790 299 7 0 0 0 0 0 3859 237 0 0 0 0 0 0 4083 13 0 0 0 0 0 0
3560 534 2 0 0 0 0 0 3647 449 0 0 0 0 0 0 4078 18 0 0 0 0 0 0
4072 24 0 0 0 0 0 0 4057 39 0 0 0 0 0 0 4095 1 0 0 0 0 0 0
4089 7 0 0 0 0 0 0 4094 2 0 0 0 0 0 0 4096 0 0 0 0 0 0 0
4027 69 0 0 0 0 0 0 3991 104 1 0 0 0 0 0 4090 6 0 0 0 0 0 0
1873 505 154 669 340 494 61 0 2116 284 185 710 275 526 0 0 2033 325 163 643 422 498 12 0
0 0 5 196 389 2910 596 0 0 0 38 143 527 3289 99 0 0 0 9 170 455 3298 164 0
0 3 180 260 210 1883 1447 113 0 4 249 189 266 2712 569 107 0 31 194 224 283 2651 629 84
0 2 154 444 158 1186 2034 118 0 1 254 352 204 2182 989 114 0 41 187 381 205 2178 1003 101
0 1 93 209 202 1708 1815 68 0 3 130 180 236 2694 793 60 0 17 104 184 259 2701 781 50
0 1 161 84 214 1669 1912 55 0 17 161 69 306 2729 769 45 0 22 170 61 317 2770 717 39
0 5 655 529 288 1133 1385 101 0 200 482 484 356 1865 622 87 0 426 266 234 599 1951 560 60
0 5 601 340 307 1003 1736 104 0 122 518 322 413 1563 1068 90 0 348 297 174 539 1631 1034 73
1 574 253 137 127 570 2354 80 57 595 258 62 182 1257 1614 71 55 659 211 63 184 1399 1468 57
4 1637 377 77 39 228 1591 143 506 1300 272 18 74 278 1532 116 323 1566 203 16 80 305 1512 91
0 43 96 104 231 1103 2496 23 14 64 96 94 306 2322 1183 17 0 78 85 98 316 2534 970 15
0 0 0 192 565 2323 1014 2 0 0 1 242 585 2782 486 0 0 0 1 187 613 2797 498 0
0 0 0 12 351 3285 448 0 0 0 0 31 373 3594 98 0 0 0 0 19 364 3529 184 0
0 0 0 6 327 2863 900 0 0 0 0 17 353 3568 158 0 0 0 0 12 337 3451 296 0
0 12 610 944 569 702 1182 77 0 67 819 760 544 958 899 49 0 146 634 859 552 965 902 38
0 0 1 333 319 2562 881 0 0 0 0 343 336 3246 171 0 0 0 0 275 377 3174 270 0
0 0 0 11 335 2875 875 0 0 0 0 36 345 3504 211 0 0 0 0 20 334 3444 298 0
0 0 0 14 387 2476 1219 0 0 0 0 37 405 3447 207 0 0 0 0 24 390 3264 418 0
0 0 0 13 355 2764 964 0 0 0 0 44 368 3540 144 0 0 0 0 22 356 3453 265 0
0 0 0 4 372 2834 886 0 0 0 0 28 381 3494 193 0 0 0 0 6 380 3383 327 0
0 0 1 15 417 3214 449 0 0 0 2 70 434 3422 168 0 0 0 2 20 441 3439 194 0
0 29 452 312 338 2474 455 36 0 152 484 221 362 2637 205 35 0 136 423 272 377 2654 196 38
8 1341 880 205 157 349 1027 129 300 1180 778 209 148 555 798 128 46 1429 680 304 158 659 694 126
22 1381 1050 239 205 557 503 139 502 1041 923 247 222 671 357 133 138 1403 835 349 221 759 258 133
67 1406 1216 264 187 502 354 100 605 1052 1070 260 183 625 199 102 356 1321 1031 270 199 667 152 100
8 216 724 1190 585 935 336 102 67 311 1286 757 504 844 227 100 45 663 1111 623 569 809 175 101
51 695 1406 1213 351 205 67 108 448 682 1893 476 250 189 63 95 459 1199 1432 419 251 180 65 91
232 1032 1521 843 223 117 42 86 945 760 1587 426 160 91 40 87 925 1117 1313 367 159 77 48 90
466 526 1432 1280 187 90 59 56 710 574 1745 751 121 92 46 57 673 851 1405 836 127 92 51 61
304 409 1286 1519 255 174 93 56 439 431 1729 951 200 199 91 56 402 828 1310 982 222 209 86 57
0 84 766 1326 822 1003 45 50 72 283 1402 747 529 971 40 52 69 556 1143 652 614 966 40 56
0 10 648 1459 635 1264 51 29 0 93 1336 661 684 1252 35 35 1 526 1041 507 808 1132 42 39
0 37 795 1342 698 1171 34 19 0 102 1154 769 794 1219 38 20 0 478 913 589 985 1070 39 22
3823 273 0 0 0 0 0 0 3789 306 1 0 0 0 0 0 4087 9 0 0 0 0 0 0
3768 325 3 0 0 0 0 0 3831 264 1 0 0 0 0 0 4092 4 0 0 0 0 0 0
3947 149 0 0 0 0 0 0 3993 103 0 0 0 0 0 0 4095 1 0 0 0 0 0 0
4090 6 0 0 0 0 0 0 4093 3 0 0 0 0 0 0 4096 0 0 0 0 0 0 0
3744 344 8 0 0 0 0 0 3826 266 4 0 0 0 0 0 4084 12 0 0 0 0 0 0
4036 60 0 0 0 0 0 0 3971 125 0 0 0 0 0 0 4095 1 0 0 0 0 0 0
4096 0 0 0 0 0 0 0 4096 0 0 0 0 0 0 0 4096 0 0 0 0 0 0 0
1993 437 197 660 341 413 55 0 2123 360 174 772 236 428 3 0 2066 361 184 659 397 421 8 0
0 0 9 191 444 3028 424 0 0 0 33 159 604 3229 71 0 0 0 4 193 552 3248 99 0
22 2437 309 225 463 496 144 0 315 2176 285 184 436 547 151 2 246 2297 225 203 443 519 162 1
27 2576 721 436 71 202 52 11 207 2552 659 349 56 207 55 11 232 2517 643 374 73 191 54 12
0 880 316 394 642 1573 291 0 6 1020 313 381 547 1704 125 0 15 1034 390 279 457 1729 192 0
0 80 707 1119 251 1550 387 2 1 164 667 1097 299 1689 179 0 0 277 603 1066 286 1708 156 0
365 540 2255 669 159 94 13 1 508 588 2043 713 141 92 10 1 509 823 1541 970 139 99 14 1
351 420 1241 957 347 536 236 8 533 419 1204 905 391 444 198 2 537 516 1074 996 330 394 243 6
49 965 639 717 455 720 532 19 283 897 705 644 437 823 291 16 212 1026 720 714 325 830 247 22
141 2263 831 546 238 72 5 0 1471 1088 722 539 192 72 12 0 990 1591 670 499 242 77 27 0
1 89 365 761 754 1137 967 22 23 146 381 799 726 1471 543 7 6 155 354 763 769 1515 523 11
0 7 310 831 870 1590 483 5 0 62 332 882 832 1682 302 4 0 59 301 798 899 1715 323 1
0 4 222 442 705 2247 473 3 0 50 248 433 710 2386 267 2 0 39 227 395 703 2367 362 3
0 1 226 452 681 2187 539 10 0 39 254 454 704 2322 315 8 0 29 243 423 701 2320 369 11
0 55 856 1903 381 555 274 72 0 88 1073 1714 360 589 202 70 0 89 820 1717 589 574 234 73
0 26 254 553 619 1856 685 103 0 102 257 539 637 2047 418 96 0 88 272 445 697 2020 487 87
0 9 266 372 658 1902 768 121 0 61 287 382 681 2069 499 117 0 46 298 338 684 2015 601 114
0 4 267 399 697 1874 723 132 0 75 290 377 709 2053 467 125 0 55 308 364 679 2027 540 123
0 4 228 443 622 1806 843 150 0 42 270 429 652 2026 531 146 0 24 316 380 649 1990 591 146
0 5 223 399 696 1684 930 159 0 23 325 350 725 1968 554 151 1 35 342 304 713 1866 686 149
0 4 221 443 728 1774 762 164 0 25 356 365 756 1866 569 159 1 27 373 317 716 1831 682 149
1 18 761 644 493 1424 616 139 1 225 845 444 563 1505 375 138 2 133 849 501 531 1536 414 130
222 2738 777 293 43 16 3 4 1080 2164 571 225 38 11 3 4 465 2762 602 210 40 13 0 4
596 2144 987 351 18 0 0 0 1416 1620 754 289 17 0 0 0 853 2123 758 340 22 0 0 0
894 2468 532 161 39 2 0 0 1857 1646 400 158 32 3 0 0 1153 2285 442 176 36 4 0 0
140 613 191 988 907 1085 165 7 327 436 357 924 1034 875 139 4 202 561 204 970 1111 924 121 3
1 797 2027 993 196 82 0 0 6 1807 1038 993 140 108 4 0 0 1803 838 1183 158 112 2 0
1 1343 2117 297 90 238 10 0 1 2811 626 292 95 193 78 0 12 2886 608 236 91 200 63 0
1098 1420 458 257 199 562 102 0 1795 885 375 256 175 537 73 0 1364 1238 426 257 169 511 131 0
727 1217 318 344 553 726 210 1 1185 726 278 321 486 851 249 0 973 930 294 301 492 768 338 0
0 0 25 597 1378 2083 13 0 0 0 82 866 1222 1920 6 0 0 0 47 728 1361 1955 5 0
0 0 9 403 1265 2404 15 0 0 0 34 546 1403 2110 3 0 0 0 23 442 1414 2214 3 0
0 97 296 519 1163 2008 13 0 0 0 47 708 1530 1809 2 0 0 0 88 769 1438 1798 3 0
3977 119 0 0 0 0 0 0 3965 131 0 0 0 0 0 0 4095 1 0 0 0 0 0 0
4019 77 0 0 0 0 0 0 3978 118 0 0 0 0 0 0 4091 5 0 0 0 0 0 0
3935 159 2 0 0 0 0 0 3922 174 0 0 0 0 0 0 4091 5 0 0 0 0 0 0
3844 252 0 0 0 0 0 0 3821 275 0 0 0 0 0 0 4096 0 0 0 0 0 0 0
4056 39 1 0 0 0 0 0 4063 33 0 0 0 0 0 0 4093 3 0 0 0 0 0 0
4088 8 0 0 0 0 0 0 4075 21 0 0 0 0 0 0 4094 2 0 0 0 0 0 0
4090 6 0 0 0 0 0 0 4042 54 0 0 0 0 0 0 4065 31 0 0 0 0 0 0
2179 363 205 717 276 302 54 0 2270 332 223 742 246 281 2 0 2187 361 175 703 338 328 4 0
0 9 320 579 999 1820 369 0 0 46 310 668 1040 1841 191 0 0 24 322 651 1050 1846 203 0
26 2785 331 233 434 272 15 0 528 2305 307 220 437 276 23 0 542 2299 316 189 458 287 5 0
71 2028 1243 699 36 10 4 5 458 1791 1230 580 22 7 3 5 392 1932 1088 640 27 8 4 5
48 979 1167 789 557 424 132 0 106 1330 1058 577 531 385 109 0 427 1419 730 484 516 407 113 0
43 822 1486 1335 229 110 67 4 78 1130 1369 1159 200 96 61 3 269 1162 1187 1093 230 98 54 3
315 956 1075 702 525 446 74 3 494 955 996 668 504 409 65 5 475 1046 888 701 534 373 75 4
294 934 735 666 741 507 208 11 569 850 676 625 679 486 207 4 503 891 668 626 691 476 232 9
60 720 890 887 566 591 368 14 180 812 840 822 555 580 299 8 137 787 938 800 561 581 288 4
196 1772 1189 782 149 7 1 0 603 1659 1057 668 103 5 1 0 470 1729 1114 656 121 5 1 0
11 201 359 1099 1039 808 540 39 47 223 477 1129 1005 769 430 16 34 212 481 1118 1033 765 437 16
0 3 271 1592 1137 740 328 25 0 10 427 1674 1056 676 240 13 0 9 404 1703 1059 679 231 11
1 175 771 954 644 1075 460 16 271 413 455 875 645 1130 305 2 5 405 588 944 679 1111 355 9
4 371 1246 1042 557 506 357 13 143 1238 1016 526 415 500 251 7 270 1400 819 420 419 493 268 7
1 339 1678 976 425 414 244 19 308 1405 1082 513 256 352 171 9 188 1451 1061 580 258 336 208 14
0 136 584 441 652 1520 751 12 166 491 301 318 655 1711 448 6 4 356 489 350 672 1635 582 8
0 0 5 148 750 2198 995 0 0 0 10 185 815 2539 547 0 0 0 6 168 772 2444 706 0
0 0 7 157 756 2174 1000 2 0 0 16 192 834 2494 560 0 0 0 10 171 763 2406 746 0
0 0 4 161 675 2200 1053 3 0 0 14 198 739 2529 614 2 0 0 10 166 726 2427 764 3
0 0 7 154 745 2207 982 1 0 0 14 198 794 2495 595 0 0 0 10 168 770 2396 750 2
0 0 8 139 772 2361 815 1 0 0 22 166 837 2566 504 1 0 0 15 151 793 2518 618 1
0 3 450 565 573 1833 672 0 0 93 554 445 607 1975 422 0 0 41 437 581 606 1974 457 0
479 2838 546 192 39 2 0 0 1471 1977 450 160 35 3 0 0 592 2755 511 202 34 2 0 0
656 2421 687 291 38 3 0 0 1559 1593 602 301 38 3 0 0 728 2338 653 322 51 4 0 0
1032 2460 378 175 43 6 2 0 1889 1622 358 172 48 5 2 0 1192 2263 380 199 53 7 2 0
63 743 181 947 969 1030 162 1 238 570 289 914 1109 838 138 0 86 717 205 941 1196 838 113 0
17 1425 1144 1211 189 110 0 0 44 1762 807 1209 159 110 5 0 29 1725 680 1360 183 117 2 0
4 2073 1451 298 87 180 3 0 6 2783 668 348 79 127 85 0 15 2817 658 315 80 147 64 0
419 2109 415 233 197 630 93 0 820 1804 376 247 193 543 113 0 448 2126 386 235 198 534 169 0
297 1625 393 280 530 690 281 0 531 1425 290 264 390 838 358 0 329 1582 321 271 370 775 448 0
0 0 36 561 1369 2110 20 0 0 1 118 821 1196 1951 9 0 0 1 85 695 1312 1997 6 0
0 0 10 350 1208 2518 10 0 0 0 43 553 1286 2213 1 0 0 0 31 404 1447 2214 0 0
0 92 320 365 1319 1993 7 0 0 0 75 666 1549 1800 6 0 0 0 109 801 1315 1868 3 0
4062 34 0 0 0 0 0 0 4035 61 0 0 0 0 0 0 4095 1 0 0 0 0 0 0
4093 3 0 0 0 0 0 0 4091 5 0 0 0 0 0 0 4096 0 0 0 0 0 0 0
3871 175 50 0 0 0 0 0 3824 231 41 0 0 0 0 0 3916 167 13 0 0 0 0 0
3945 118 33 0 0 0 0 0 3941 125 30 0 0 0 0 0 3990 95 11 0 0 0 0 0
4052 44 0 0 0 0 0 0 4063 31 2 0 0 0 0 0 4090 6 0 0 0 0 0 0
4096 0 0 0 0 0 0 0 4096 0 0 0 0 0 0 0 4096 0 0 0 0 0 0 0
4091 5 0 0 0 0 0 0 4033 63 0 0 0 0 0 0 4031 65 0 0 0 0 0 0
2273 365 208 715 230 291 14 0 2428 264 193 751 241 219 0 0 2359 281 151 734 352 218 1 0
0 44 313 547 734 2088 370 0 0 79 324 588 829 2107 168 1 0 51 345 599 794 2122 185 0
31 2580 474 274 405 330 2 0 503 2186 405 238 431 328 5 0 579 2161 378 210 466 301 1 0
66 2015 1545 469 1 0 0 0 634 1646 1389 427 0 0 0 0 529 1869 1223 472 3 0 0 0
14 427 686 924 908 824 313 0 56 602 913 644 867 808 206 0 363 916 392 567 871 794 193 0
28 375 1013 1464 544 390 262 20 43 495 1045 1388 541 380 202 2 68 533 999 1329 567 380 208 12
124 843 882 890 628 643 79 7 318 736 871 885 652 562 68 4 287 768 872 902 696 485 75 11
107 866 718 661 852 652 235 5 251 879 693 617 820 622 213 1 245 854 682 636 810 625 240 4
8 204 545 710 881 1115 620 13 40 247 582 745 924 1117 436 5 39 226 620 752 922 1141 393 3
21 533 473 814 901 932 422 0 95 574 502 879 881 930 235 0 99 566 506 906 901 917 201 0
1 80 174 831 1169 1176 641 24 10 98 273 913 1178 1116 498 10 3 98 306 958 1193 1078 452 8
0 9 228 1338 992 1056 445 28 0 22 375 1400 957 1007 321 14 0 11 372 1414 998 996 291 14
2 353 1145 1302 662 491 128 13 312 617 851 1149 606 468 90 3 54 972 617 1156 685 494 111 7
0 1510 1358 414 257 355 196 6 771 1871 488 239 229 377 121 0 1061 1823 299 189 226 371 127 0
3 2233 1442 267 72 41 36 2 1402 2114 363 102 48 40 27 0 1311 2141 456 87 36 37 27 1
14 1058 996 558 454 656 339 21 384 1378 577 449 362 689 246 11 309 1418 620 432 351 682 267 17
0 0 6 165 732 2333 860 0 0 0 11 218 799 2573 495 0 0 0 10 188 769 2465 664 0
0 0 2 133 779 2235 947 0 0 0 7 185 836 2516 552 0 0 0 6 161 789 2433 707 0
0 0 11 157 680 2283 965 0 0 0 17 197 759 2551 572 0 0 0 15 174 737 2508 662 0
0 0 5 149 710 2322 909 1 0 0 9 208 779 2578 522 0 0 0 5 164 755 2521 650 1
0 0 15 158 756 2294 871 2 0 0 21 212 799 2558 504 2 0 0 20 173 768 2504 629 2
0 1 316 596 552 2012 617 2 0 23 505 432 613 2146 377 0 0 2 368 583 597 2132 414 0
502 2754 608 192 32 8 0 0 1759 1642 496 163 29 6 1 0 913 2375 577 188 36 7 0 0
970 2150 630 294 44 8 0 0 1900 1276 562 307 43 8 0 0 1248 1842 616 334 47 9 0 0
746 2664 464 175 42 5 0 0 1291 2167 427 160 46 4 1 0 824 2584 439 194 50 4 1 0
18 727 277 836 1073 1014 150 1 50 728 270 949 1203 784 112 0 43 706 263 921 1259 810 93 1
12 929 753 1323 390 263 299 127 38 1104 634 1311 320 274 288 127 16 1041 674 1319 377 277 280 112
3 1337 957 603 267 322 401 206 10 1697 656 542 309 228 473 181 8 1669 688 551 320 253 433 174
32 874 442 554 396 773 756 269 27 981 445 538 383 671 817 234 13 965 439 544 393 621 908 213
16 647 404 619 486 698 917 309 15 637 530 492 431 767 927 297 8 642 501 515 465 729 950 286
0 0 50 568 1450 1985 43 0 0 3 125 837 1313 1813 5 0 0 2 104 712 1465 1809 4 0
0 0 2 368 1245 2476 5 0 0 0 29 571 1337 2156 3 0 0 0 18 462 1427 2187 2 0
0 121 294 388 1208 2080 5 0 0 1 67 617 1567 1841 3 0 0 0 137 771 1357 1830 1 0
4096 0 0 0 0 0 0 0 4096 0 0 0 0 0 0 0 4096 0 0 0 0 0 0 0
3941 155 0 0 0 0 0 0 4034 62 0 0 0 0 0 0 4082 14 0 0 0 0 0 0
2145 898 1051 2 0 0 0 0 2250 1074 772 0 0 0 0 0 2262 1476 358 0 0 0 0 0
3022 541 533 0 0 0 0 0 3018 622 456 0 0 0 0 0 3069 762 265 0 0 0 0 0
4037 58 1 0 0 0 0 0 4074 22 0 0 0 0 0 0 4088 8 0 0 0 0 0 0
3945 125 24 2 0 0 0 0 3960 107 24 5 0 0 0 0 4034 52 10 0 0 0 0 0
3633 366 94 3 0 0 0 0 3590 365 137 4 0 0 0 0 3865 206 24 1 0 0 0 0
2375 368 279 655 153 247 19 0 2545 252 250 640 179 230 0 0 2497 245 363 561 280 150 0 0
1 124 454 585 800 1806 326 0 5 176 484 648 849 1811 123 0 42 264 476 570 846 1791 107 0
0 498 309 409 737 1912 231 0 2 522 349 387 748 1961 127 0 6 578 331 389 775 1904 113 0
9 492 1239 647 419 1086 203 1 11 602 1108 708 429 1100 137 1 21 575 1166 694 443 1088 108 1
33 342 405 728 990 1143 444 11 90 367 503 742 996 1140 252 6 96 482 433 726 1000 1097 259 3
2 289 896 932 676 821 468 12 9 405 824 948 755 815 335 5 12 414 853 941 764 795 311 6
73 802 1237 1057 541 339 41 6 208 783 1303 945 528 294 31 4 175 825 1288 981 530 264 27 6
65 978 775 785 683 600 210 0 249 920 793 726 666 554 188 0 183 953 775 742 674 567 202 0
0 0 158 498 1038 1572 827 3 0 7 214 578 1179 1549 568 1 0 2 245 553 1212 1535 548 1
0 0 7 237 992 1936 919 5 0 0 19 366 1194 1993 524 0 0 0 27 370 1228 1999 472 0
0 3 195 844 1150 1241 645 18 0 18 293 945 1196 1188 449 7 0 58 381 905 1198 1172 377 5
0 17 361 1772 955 670 304 17 0 38 700 1666 830 648 211 3 7 127 832 1526 795 637 169 3
1 30 315 1318 1095 1122 215 0 20 42 405 1346 1110 1057 116 0 0 49 183 1390 1224 1110 140 0
0 56 341 371 746 1749 817 16 5 231 242 426 764 1964 459 5 1 222 252 416 763 1942 495 5
7 1491 1070 371 337 443 365 12 883 1136 664 343 286 522 254 8 250 1764 684 331 284 513 264 6
11 698 353 396 590 1380 650 18 290 578 289 396 591 1516 430 6 118 727 290 380 589 1508 473 11
0 0 31 218 708 2219 917 3 0 1 33 270 740 2526 524 2 0 0 33 256 728 2460 616 3
0 0 1 143 754 2193 1005 0 0 0 7 192 821 2546 530 0 0 0 5 173 801 2451 666 0
0 0 8 138 697 2232 1020 1 0 0 19 199 743 2610 525 0 0 0 17 171 741 2554 612 1
0 0 7 153 713 2236 986 1 0 0 8 209 763 2581 535 0 0 0 9 180 757 2556 593 1
0 0 8 140 769 2332 847 0 0 0 16 181 846 2567 486 0 0 0 15 158 814 2583 526 0
0 0 248 577 560 2037 674 0 0 2 434 445 647 2183 385 0 0 0 297 577 642 2192 388 0
303 2802 728 232 27 4 0 0 1769 1530 617 156 21 3 0 0 1236 1995 653 188 20 4 0 0
557 2538 683 273 41 4 0 0 1880 1327 591 258 35 5 0 0 1514 1632 619 292 35 4 0 0
168 3098 582 197 44 6 1 0 313 3083 470 181 42 6 1 0 187 3105 526 219 51 7 1 0
1 608 458 701 1108 997 222 1 1 729 306 892 1242 773 153 0 1 625 388 833 1306 828 115 0
0 0 184 733 1051 2107 21 0 0 0 286 813 1074 1915 8 0 0 0 276 832 1323 1657 8 0
0 0 18 526 1166 2378 8 0 0 0 38 838 1116 2104 0 0 0 0 25 800 1307 1964 0 0
0 0 17 358 1272 2428 21 0 0 0 36 733 1258 2064 5 0 0 0 36 636 1509 1911 4 0
0 0 16 533 1166 2360 21 0 0 0 32 658 1355 2043 8 0 0 0 29 639 1544 1877 7 0
0 0 10 491 1410 2173 11 1 0 0 34 832 1420 1808 2 0 0 0 25 749 1570 1748 4 0
0 0 18 340 1188 2546 4 0 0 0 35 544 1312 2205 0 0 0 0 29 483 1403 2181 0 0
0 105 325 361 1143 2161 1 0 0 0 50 542 1753 1749 2 0 0 0 89 741 1567 1698 1 0
4084 12 0 0 0 0 0 0 4071 25 0 0 0 0 0 0 4096 0 0 0 0 0 0 0
3759 207 54 32 24 16 4 0 3936 93 22 23 16 6 0 0 3973 50 26 24 15 8 0 0
3115 629 127 109 86 30 0 0 3186 519 179 105 107 0 0 0 3310 456 124 128 78 0 0 0
3879 189 26 2 0 0 0 0 3880 192 24 0 0 0 0 0 3953 131 12 0 0 0 0 0
3253 800 40 3 0 0 0 0 3742 343 11 0 0 0 0 0 3887 203 6 0 0 0 0 0
3798 245 48 5 0 0 0 0 3910 127 43 16 0 0 0 0 4006 68 22 0 0 0 0 0
2321 1209 485 79 2 0 0 0 2245 1188 553 107 3 0 0 0 3242 591 228 35 0 0 0 0
1145 1011 917 654 173 179 17 0 1208 1041 835 645 232 135 0 0 1657 879 843 390 228 99 0 0
31 766 900 934 555 802 108 0 71 804 967 918 541 760 35 0 914 806 645 577 555 588 11 0
13 298 1041 554 525 1471 194 0 14 369 1091 545 529 1471 77 0 85 495 939 545 560 1424 48 0
1 181 949 344 336 2108 177 0 2 230 938 316 401 2132 77 0 3 186 930 366 448 2101 62 0
10 184 448 586 917 1357 585 9 42 252 466 636 982 1366 349 3 50 277 446 645 1020 1343 312 3
0 96 783 1024 659 935 595 4 0 164 796 1007 734 978 416 1 0 140 880 967 768 979 361 1
0 10 502 1077 1149 1221 129 8 0 17 609 1147 1221 1014 82 6 0 17 628 1312 1365 701 68 5
0 5 86 670 1421 1595 308 11 0 6 149 766 1505 1415 251 4 0 9 211 935 1577 1153 205 6
0 1 174 489 1043 1498 883 8 0 14 243 558 1160 1510 610 1 0 7 265 581 1191 1487 564 1
0 0 15 355 979 1645 1083 19 0 0 70 481 1088 1750 704 3 0 47 144 434 1121 1771 577 2
1 8 265 1298 1216 868 429 11 1 30 588 1448 935 813 280 1 71 376 919 996 779 759 194 2
0 76 875 1884 778 386 97 0 2 182 1201 1650 689 320 52 0 22 370 1236 1489 623 315 41 0
0 0 324 1385 1260 1048 79 0 0 0 516 1396 1282 872 30 0 0 0 240 1532 1370 912 42 0
0 0 6 382 820 2102 786 0 0 0 21 471 936 2364 304 0 0 0 18 427 954 2382 315 0
0 40 1641 478 480 783 670 4 0 292 1583 350 466 879 525 1 0 250 1570 395 477 867 534 3
0 0 63 272 754 2218 784 5 0 0 93 331 759 2431 482 0 0 0 92 306 782 2441 475 0
0 1 46 217 715 2214 899 4 0 2 68 259 759 2491 517 0 0 2 64 259 743 2481 546 1
0 0 2 156 747 2189 1001 1 0 0 7 208 814 2568 499 0 0 0 7 196 803 2579 510 1
0 0 10 132 725 2275 953 1 0 0 17 205 774 2593 506 1 0 0 12 189 778 2670 447 0
0 0 7 153 706 2317 911 2 0 0 12 195 784 2617 488 0 0 0 8 187 766 2657 477 1
0 0 10 136 754 2353 840 3 0 0 16 188 839 2617 434 2 0 0 12 177 818 2624 463 2
0 0 190 567 565 2073 700 1 0 3 402 412 650 2217 412 0 0 0 236 571 659 2244 385 1
200 2843 774 237 40 2 0 0 1322 1933 651 154 34 2 0 0 829 2352 699 180 34 2 0 0
528 2547 696 295 24 6 0 0 1781 1398 616 277 18 6 0 0 1134 1966 658 308 25 5 0 0
89 3092 670 209 33 3 0 0 219 3169 482 190 33 3 0 0 107 3079 624 245 38 3 0 0
0 390 712 700 1094 972 228 0 1 596 495 887 1248 733 136 0 0 339 725 873 1335 735 89 0
0 0 129 687 1122 2148 10 0 0 0 284 791 1229 1785 7 0 0 0 291 817 1588 1398 2 0
0 0 9 421 1225 2427 14 0 0 0 27 710 1280 2077 2 0 0 0 25 671 1470 1930 0 0
0 0 12 264 1203 2605 12 0 0 0 22 669 1262 2141 2 0 0 0 19 634 1402 2039 2 0
0 0 9 446 1113 2508 20 0 0 0 28 623 1284 2156 5 0 0 0 27 609 1475 1981 4 0
0 0 8 490 1305 2282 11 0 0 0 33 830 1576 1655 2 0 0 0 30 785 1856 1424 1 0
0 0 14 359 1249 2471 3 0 0 0 35 549 1383 2127 2 0 0 0 28 513 1629 1925 1 0
2 130 331 388 1098 2145 2 0 0 1 52 577 1779 1686 1 0 0 0 108 835 1669 1483 1 0
4084 12 0 0 0 0 0 0 4084 12 0 0 0 0 0 0 4096 0 0 0 0 0 0 0
4087 9 0 0 0 0 0 0 4090 6 0 0 0 0 0 0 4090 6 0 0 0 0 0 0
3317 414 108 100 119 38 0 0 3412 268 179 140 97 0 0 0 3428 285 147 139 97 0 0 0
4095 1 0 0 0 0 0 0 4095 1 0 0 0 0 0 0 4096 0 0 0 0 0 0 0
3275 777 44 0 0 0 0 0 3719 356 21 0 0 0 0 0 3870 214 12 0 0 0 0 0
2930 814 338 14 0 0 0 0 3171 572 336 17 0 0 0 0 3303 568 220 5 0 0 0 0
2139 1704 250 3 0 0 0 0 1817 1874 385 20 0 0 0 0 3458 612 26 0 0 0 0 0
1862 1559 488 92 43 52 0 0 2014 1490 421 86 68 17 0 0 2920 874 172 60 57 13 0 0
360 1738 1216 494 166 114 8 0 772 1690 960 437 157 74 6 0 1656 1552 531 185 125 46 1 0
144 602 1236 704 600 702 108 0 242 668 1259 666 647 601 13 0 313 654 1219 757 730 411 12 0
0 183 1084 663 497 1475 194 0 0 228 1128 678 482 1511 69 0 0 202 1097 704 583 1468 42 0
6 437 903 1060 734 655 291 10 31 699 800 1055 660 647 201 3 22 692 877 1072 650 632 148 3
0 139 832 1110 725 793 482 15 0 217 848 1176 675 827 348 5 0 219 932 1153 695 830 265 2
0 28 463 915 929 1514 241 6 0 40 521 973 1076 1368 113 5 0 51 562 1093 1333 1012 45 0
0 0 73 429 1094 2044 448 8 0 1 103 510 1219 1984 273 6 0 2 172 691 1494 1598 137 2
0 4 206 573 1147 1450 706 10 0 34 247 631 1208 1483 488 5 1 30 326 682 1288 1426 341 2
0 1 33 351 1007 1840 844 20 0 1 60 446 1131 1872 579 7 1 3 112 529 1271 1800 378 2
8 313 837 1438 911 439 149 1 53 465 1038 1422 651 379 88 0 244 837 1190 969 519 291 46 0
0 61 696 1789 977 509 63 1 1 96 989 1720 849 410 31 0 14 181 1133 1594 804 353 17 0
0 0 397 1359 1386 910 44 0 0 0 633 1337 1410 700 16 0 0 0 425 1475 1462 719 15 0
1 108 389 1002 1067 1311 218 0 2 168 431 1085 1087 1227 96 0 5 167 430 1084 1169 1168 73 0
1 92 1537 1100 446 596 319 5 3 246 1616 957 410 653 211 0 5 218 1564 1034 409 674 192 0
0 49 282 1199 643 1479 443 1 0 87 371 1195 598 1596 249 0 3 84 298 1278 611 1623 199 0
0 0 47 232 713 2063 1039 2 0 1 74 285 769 2463 503 1 0 1 70 290 775 2480 479 1
0 0 8 163 766 2082 1077 0 0 0 19 245 862 2544 426 0 0 0 20 227 866 2586 397 0
0 0 8 138 737 2138 1075 0 0 0 17 203 812 2663 401 0 0 0 15 207 812 2712 350 0
0 0 6 154 747 2217 972 0 0 0 17 222 807 2639 411 0 0 0 15 215 823 2664 379 0
0 0 6 161 799 2237 888 5 0 0 12 248 844 2548 444 0 0 0 12 229 863 2612 380 0
0 0 184 493 588 1940 889 2 0 0 482 274 733 2187 420 0 0 0 303 449 735 2263 346 0
348 2617 858 237 32 4 0 0 1007 2234 658 170 25 2 0 0 690 2417 752 206 27 4 0 0
176 2865 724 302 26 3 0 0 725 2455 623 269 21 3 0 0 258 2818 676 314 27 3 0 0
226 2198 1181 444 43 4 0 0 466 2753 676 179 21 1 0 0 571 2256 1038 202 26 3 0 0
80 524 669 651 955 989 226 2 260 590 433 810 1154 681 168 0 296 400 558 826 1229 689 98 0
0 0 104 734 1104 2141 13 0 0 0 264 856 1178 1794 4 0 0 0 266 880 1513 1433 4 0
0 0 12 421 1255 2385 23 0 0 0 32 853 1211 1991 9 0 0 0 33 799 1613 1646 5 0
0 0 8 255 1205 2612 16 0 0 0 13 657 1343 2081 2 0 0 0 15 614 1541 1925 1 0
0 0 6 441 1144 2478 26 1 0 0 34 655 1322 2072 12 1 0 0 29 651 1486 1921 9 0
0 0 14 535 1449 2083 15 0 0 0 34 912 1730 1419 1 0 0 0 35 893 2124 1042 2 0
0 0 8 429 1334 2319 6 0 0 0 32 610 1581 1873 0 0 0 0 30 638 1803 1625 0 0
2 119 316 335 1163 2155 6 0 0 0 66 454 2015 1559 2 0 0 0 121 683 1967 1325 0 0
4080 15 1 0 0 0 0 0 4089 6 1 0 0 0 0 0 4090 5 1 0 0 0 0 0
3967 119 8 2 0 0 0 0 4066 25 4 1 0 0 0 0 4067 24 4 1 0 0 0 0
2757 840 190 148 101 60 0 0 3019 618 199 126 134 0 0 0 3307 420 117 142 110 0 0 0
2188 1727 173 8 0 0 0 0 2738 1282 76 0 0 0 0 0 3977 116 3 0 0 0 0 0
1799 1683 493 117 4 0 0 0 2552 1495 47 2 0 0 0 0 3830 262 4 0 0 0 0 0
1221 1881 705 283 6 0 0 0 2297 1677 121 1 0 0 0 0 3562 523 11 0 0 0 0 0
590 2016 1008 436 46 0 0 0 1588 2116 354 38 0 0 0 0 2989 996 108 3 0 0 0 0
1094 1456 895 440 211 0 0 0 2224 1217 430 222 3 0 0 0 3017 773 190 116 0 0 0 0
379 1637 1014 256 783 27 0 0 968 1736 472 858 55 7 0 0 1937 1102 505 513 32 7 0 0
93 598 878 476 1736 284 31 0 202 905 669 1783 369 166 2 0 575 785 1054 1241 345 96 0 0
0 373 1731 485 1409 72 26 0 3 607 1677 1628 101 75 5 0 490 782 1675 1009 77 61 2 0
0 124 780 1540 1399 189 61 3 41 300 1236 1968 353 153 45 0 95 568 1657 1379 243 127 27 0
11 414 1120 1500 911 114 26 0 111 679 1415 1529 277 67 18 0 218 785 1829 1064 133 52 15 0
60 609 962 1259 853 287 64 2 192 826 1144 1228 467 197 42 0 521 897 1259 916 313 170 20 0
133 1030 1204 853 434 315 121 6 273 964 1277 846 362 280 91 3 750 1335 897 493 360 207 53 1
62 984 1746 773 388 113 30 0 116 812 1813 821 400 111 23 0 731 1505 1054 394 305 95 12 0
35 537 1497 751 595 529 145 7 63 419 1510 830 674 486 110 4 469 1400 730 405 637 408 47 0
124 1704 1472 641 126 23 6 0 315 1794 1256 595 105 22 9 0 1064 1754 949 278 28 20 3 0
10 308 1059 1407 819 404 86 3 58 473 1173 1304 715 330 42 1 126 604 1311 1131 646 256 22 0
33 302 741 1612 865 462 71 10 115 392 896 1526 757 350 57 3 140 451 821 1550 781 302 49 2
56 759 816 872 754 731 86 22 223 785 779 830 817 597 45 20 370 722 669 889 881 511 42 12
2 236 1047 1211 507 847 202 44 79 286 1474 754 521 857 85 40 114 352 1374 804 555 806 62 29
24 386 211 522 716 1810 365 62 183 296 227 598 753 1806 184 49 274 247 223 637 818 1731 130 36
11 283 114 225 756 1949 712 46 106 232 111 342 794 2157 329 25 163 183 134 379 848 2121 255 13
1 106 75 225 883 2098 626 82 51 101 76 311 951 2298 235 73 72 84 84 351 1019 2246 195 45
0 1 19 180 844 2217 769 66 1 7 24 278 979 2433 316 58 1 8 33 329 1065 2395 234 31
0 0 6 183 836 2387 679 5 0 0 23 274 966 2583 247 3 0 0 23 311 1024 2535 203 0
0 0 8 227 972 2446 443 0 0 0 20 342 1058 2495 181 0 0 0 20 384 1108 2449 135 0
0 0 67 536 725 2068 698 2 0 0 306 406 854 2251 278 1 0 0 252 467 903 2270 204 0
815 2066 971 211 29 4 0 0 1227 2110 597 141 19 2 0 0 1129 2102 685 156 21 3 0 0
70 2793 894 301 32 6 0 0 417 2758 621 273 23 4 0 0 216 2829 703 316 27 5 0 0
636 1988 973 393 93 7 1 5 1443 1787 600 220 35 5 1 5 1476 1725 680 168 39 2 3 3
227 531 991 694 640 841 170 2 456 962 564 609 777 603 125 0 684 888 438 613 835 565 73 0
0 0 176 676 1110 2124 10 0 0 2 329 843 1343 1578 1 0 0 2 358 873 1781 1082 0 0
0 0 5 404 1218 2450 19 0 0 0 36 830 1315 1909 6 0 0 0 36 843 1694 1520 3 0
0 0 13 282 1102 2688 11 0 0 0 24 662 1402 2007 1 0 0 0 24 660 1715 1695 2 0
0 0 7 443 1167 2458 21 0 0 0 42 709 1378 1962 5 0 0 0 44 709 1752 1587 4 0
0 0 17 429 1260 2376 14 0 0 0 41 833 1706 1513 3 0 0 0 41 843 2100 1109 3 0
0 0 10 437 1282 2358 9 0 0 0 40 667 1630 1759 0 0 0 0 38 678 1962 1418 0 0
1 118 309 344 1079 2238 7 0 0 0 46 482 2139 1428 1 0 0 0 121 679 2210 1086 0 0
1769 1878 245 160 44 0 0 0 2722 1116 140 118 0 0 0 0 3644 255 182 15 0 0 0 0
1578 1406 331 207 574 0 0 0 2390 895 104 692 15 0 0 0 3154 191 452 298 1 0 0 0
669 1424 545 374 1048 36 0 0 1363 1155 316 1125 137 0 0 0 2074 560 519 864 79 0 0 0
71 643 863 1091 1428 0 0 0 446 1575 286 1789 0 0 0 0 1583 631 1568 314 0 0 0 0
3 713 558 1144 1678 0 0 0 173 1416 318 2189 0 0 0 0 1268 475 1711 642 0 0 0 0
7 819 536 670 2063 1 0 0 112 1050 468 2434 32 0 0 0 991 495 1505 1105 0 0 0 0
0 976 483 602 2035 0 0 0 504 770 442 2371 9 0 0 0 1135 435 1770 756 0 0 0 0
142 1318 293 392 1951 0 0 0 271 1317 272 2234 2 0 0 0 1555 243 1543 755 0 0 0 0
42 866 1112 441 1635 0 0 0 407 1622 312 1709 46 0 0 0 1849 385 772 1090 0 0 0 0
1 827 1021 711 1533 3 0 0 462 1559 478 1541 56 0 0 0 1690 638 1030 738 0 0 0 0
5 723 1555 1143 648 12 4 6 212 1851 1171 811 32 11 1 7 1599 1303 946 218 13 6 5 6
41 834 1442 1213 513 52 1 0 370 1638 1257 735 91 5 0 0 1329 1706 815 215 26 5 0 0
6 460 1361 1348 855 66 0 0 260 1623 1348 784 81 0 0 0 740 1781 1268 265 42 0 0 0
9 512 1418 1577 515 59 5 1 301 1986 1177 525 96 8 3 0 827 1947 934 318 62 7 1 0
60 716 1458 1343 448 66 5 0 345 1487 1434 676 140 14 0 0 911 1671 1027 394 75 18 0 0
181 527 1105 1275 892 108 8 0 404 793 1387 1033 437 41 1 0 567 972 1339 835 335 46 2 0
1348 1093 776 618 218 41 1 1 1703 1108 756 387 119 21 2 0 2147 881 649 293 106 18 2 0
123 828 1799 1101 186 51 8 0 297 1579 1786 327 63 34 9 1 490 1815 1506 195 51 28 11 0
41 609 2229 1092 113 12 0 0 151 1162 2324 411 45 3 0 0 197 1390 1965 497 46 1 0 0
30 412 1925 1187 369 162 11 0 57 460 2109 992 361 113 4 0 60 451 1645 1354 479 91 16 0
102 700 850 1250 649 441 102 2 149 474 1289 998 726 410 50 0 200 464 1205 763 826 500 138 0
5 281 1503 1676 319 240 65 7 0 210 2137 1103 327 274 41 4 9 309 2042 786 475 338 129 8
8 131 753 1889 985 206 96 28 2 158 1520 1447 526 313 90 40 19 596 1700 760 364 379 202 76
0 158 580 1961 1240 110 40 7 12 351 1274 1961 251 207 37 3 68 600 2268 688 168 147 146 11
1 235 345 1795 1084 450 173 13 12 311 1251 1594 475 353 96 4 76 550 2040 606 466 307 50 1
0 311 788 1364 1093 348 169 23 58 469 1328 1408 434 313 73 13 109 940 1663 669 412 248 49 6
5 404 668 1431 1126 302 127 33 52 555 1290 1484 365 244 89 17 106 930 1844 590 354 201 63 8
0 342 902 1717 703 257 142 33 39 563 1783 1102 267 218 114 10 91 1131 1865 472 274 183 79 1
4 374 711 1692 594 537 152 32 33 527 1549 1022 347 513 88 17 111 892 1644 548 379 455 61 6
454 1046 740 1136 605 96 17 2 748 998 1214 710 367 46 11 2 703 988 1378 694 298 30 3 2
28 995 1237 1051 588 156 35 6 141 1330 1244 865 405 90 19 2 82 1247 1563 745 391 54 13 1
187 507 1555 1321 385 114 22 5 430 1604 1370 441 160 71 19 1 855 1749 981 303 137 63 8 0
98 2232 1178 311 228 49 0 0 1501 1697 405 246 188 59 0 0 2389 901 392 221 179 14 0 0
0 0 162 732 1198 1956 48 0 0 1 307 908 1549 1317 14 0 0 3 353 990 2102 643 5 0
0 0 11 432 1276 2357 20 0 0 0 44 865 1565 1615 7 0 0 0 57 1003 2183 849 4 0
0 0 4 292 1176 2612 12 0 0 0 22 666 1470 1935 3 0 0 1 30 749 2192 1123 1 0
0 0 11 391 1265 2412 17 0 0 0 44 732 1462 1852 6 0 0 0 42 806 2260 985 3 0
0 0 12 364 1424 2285 11 0 0 0 30 821 1755 1487 3 0 0 0 35 849 2336 874 2 0
0 0 4 434 1407 2247 4 0 0 0 33 671 1889 1503 0 0 0 0 31 714 2536 815 0 0
0 137 350 371 1178 2052 8 0 0 0 52 577 2203 1264 0 0 0 0 141 754 2417 784 0 0
0 49 519 2500 1027 1 0 0 27 274 1490 2301 4 0 0 0 95 696 3121 184 0 0 0 0
186 609 483 1522 1295 1 0 0 129 676 967 2296 28 0 0 0 751 664 2129 552 0 0 0 0
384 1739 908 652 407 6 0 0 261 1798 1188 793 56 0 0 0 1913 1208 744 218 13 0 0 0
454 2113 753 248 499 29 0 0 405 2160 939 583 9 0 0 0 2204 1174 458 260 0 0 0 0
850 2319 600 181 146 0 0 0 636 2318 863 230 49 0 0 0 2638 1098 258 84 18 0 0 0
635 2558 557 205 115 26 0 0 688 2328 754 226 99 1 0 0 2824 869 234 129 40 0 0 0
120 1706 882 1028 214 144 2 0 897 1801 708 505 164 21 0 0 2139 931 776 182 67 1 0 0
747 1930 1009 355 49 5 1 0 1181 2492 410 8 4 1 0 0 3708 353 30 2 3 0 0 0
703 2256 701 205 227 4 0 0 1256 1993 624 222 1 0 0 0 3666 199 143 88 0 0 0 0
51 1051 1499 893 552 49 1 0 606 2231 712 522 23 2 0 0 2720 733 384 250 9 0 0 0
45 1218 1363 967 451 44 6 2 504 2009 861 625 82 13 2 0 2321 1017 562 181 13 2 0 0
295 1874 1007 455 383 77 5 0 647 1978 829 473 155 14 0 0 2608 846 467 148 26 1 0 0
525 1921 1116 383 146 5 0 0 704 1978 1114 278 22 0 0 0 2885 929 248 31 3 0 0 0
357 1209 1228 1116 183 2 1 0 596 1625 1484 358 31 2 0 0 1650 1506 814 118 7 1 0 0
651 1268 1019 862 260 35 1 0 783 1241 1065 753 219 33 2 0 1531 1173 747 454 153 37 1 0
528 1384 1199 736 188 52 8 1 628 1492 1146 618 164 43 4 1 1668 1320 745 258 81 23 1 0
1592 1211 635 458 165 27 8 0 1654 1139 646 513 119 19 6 0 2661 924 328 128 39 14 2 0
589 1872 862 479 252 40 2 0 700 2085 833 352 103 23 0 0 2116 1364 451 117 35 13 0 0
115 1106 1495 1010 357 13 0 0 160 1609 1575 656 80 16 0 0 1058 1978 813 148 46 44 9 0
307 1407 1197 875 298 12 0 0 74 1324 1594 786 259 56 3 0 416 817 969 903 665 265 57 4
554 1236 1120 721 416 45 3 1 62 717 1458 1384 427 38 7 3 164 630 1080 1124 759 292 40 7
209 1420 1852 512 91 4 6 2 8 537 1566 1356 532 86 5 6 62 489 1128 949 723 608 131 6
807 1439 1387 348 86 22 4 3 2 95 1680 918 1108 259 27 7 2 26 230 1295 1017 1107 387 32
133 818 1528 1081 510 23 3 0 34 394 1547 826 843 438 11 3 222 829 618 656 461 583 710 17
40 606 662 1120 1083 438 138 9 179 1137 1231 670 474 345 57 3 880 1348 723 309 498 267 70 1
2 104 399 1161 1435 740 238 17 78 449 874 1328 679 568 117 3 317 815 1118 595 697 477 74 3
0 63 149 1250 1848 592 184 10 0 11 576 2271 626 525 84 3 0 31 2154 802 689 375 45 0
0 0 39 1524 2214 233 78 8 0 4 815 2819 242 175 35 6 0 46 3108 556 226 138 22 0
0 35 172 1584 2082 152 67 4 10 227 989 2547 147 135 39 2 68 409 2869 462 168 103 17 0
0 37 232 1376 1428 774 230 19 1 170 998 1570 615 599 139 4 59 377 1850 565 701 468 74 2
4 96 306 1112 1419 825 309 25 3 170 668 1657 693 709 179 17 9 186 1590 813 786 608 98 6
32 732 1166 934 629 416 177 10 442 1452 686 645 404 340 120 7 1072 1031 815 399 404 318 57 0
6 1043 967 763 603 557 152 5 581 1309 557 680 453 439 72 5 1272 790 748 401 515 332 38 0
0 0 9 1498 2033 424 128 4 0 0 641 2681 394 318 62 0 0 19 2657 731 402 257 30 0
0 0 15 2107 1825 121 28 0 0 2 1012 2849 142 84 7 0 0 16 3384 508 127 61 0 0
3 59 213 1252 2027 471 68 3 0 213 612 2476 429 330 34 2 9 249 2414 719 486 198 20 1
0 49 195 988 1426 1130 299 9 5 93 540 1436 922 934 161 5 7 146 1266 813 1101 705 58 0
0 0 31 1075 1367 1337 278 8 0 2 546 1284 1162 955 145 2 0 16 1110 850 1345 701 73 1
0 0 52 1087 1509 1254 190 4 0 6 530 1308 1320 827 103 2 0 15 1118 908 1458 553 44 0
0 102 444 1115 1210 1109 111 5 0 5 510 1304 1375 846 55 1 0 12 1035 1060 1500 459 30 0
0 23 166 1879 2028 0 0 0 0 69 618 3409 0 0 0 0 27 187 3250 632 0 0 0 0
2 498 287 1221 2088 0 0 0 25 600 404 3067 0 0 0 0 503 279 2592 722 0 0 0 0
118 1149 222 648 1959 0 0 0 97 1099 415 2483 2 0 0 0 1151 337 1758 850 0 0 0 0
199 1251 552 940 1148 6 0 0 177 1350 735 1816 18 0 0 0 1352 683 1843 218 0 0 0 0
66 1159 782 1102 987 0 0 0 619 1055 993 1392 37 0 0 0 1353 963 1385 393 2 0 0 0
42 1229 1393 1068 353 11 0 0 1162 1541 790 575 28 0 0 0 2113 1106 675 197 5 0 0 0
472 2468 652 404 95 5 0 0 1135 2591 287 79 4 0 0 0 3611 386 90 9 0 0 0 0
1918 1390 623 156 7 2 0 0 2646 1380 68 2 0 0 0 0 3957 133 6 0 0 0 0 0
542 732 1462 1219 135 6 0 0 2367 1573 147 9 0 0 0 0 3278 769 46 3 0 0 0 0
0 86 1335 2289 376 10 0 0 1167 2512 375 41 1 0 0 0 2479 1469 144 4 0 0 0 0
1 225 1778 1832 241 18 1 0 889 2560 586 51 9 1 0 0 2763 1222 94 13 4 0 0 0
122 2153 1421 327 66 7 0 0 704 2583 713 67 28 1 0 0 3648 353 74 17 4 0 0 0
545 2600 891 58 2 0 0 0 699 2276 1056 64 1 0 0 0 3954 138 4 0 0 0 0 0
822 2250 788 183 53 0 0 0 1368 1631 874 160 61 2 0 0 3406 486 138 59 7 0 0 0
1021 1471 899 546 143 16 0 0 1116 1392 915 507 150 16 0 0 2238 1111 510 191 42 4 0 0
1520 1630 574 297 65 10 0 0 1479 1619 600 318 69 11 0 0 3133 679 223 55 5 1 0 0
1366 1743 742 221 22 2 0 0 1263 1714 830 259 28 2 0 0 3137 761 174 22 2 0 0 0
1144 1145 433 903 464 7 0 0 932 1236 478 784 657 9 0 0 3264 719 110 3 0 0 0 0
207 1455 1188 984 247 10 4 1 154 1353 1235 1001 345 4 3 1 3191 775 119 7 3 0 1 0
135 2368 1149 303 136 5 0 0 164 2423 1327 172 10 0 0 0 3175 645 200 53 23 0 0 0
353 2049 1208 394 84 8 0 0 317 1874 1506 340 57 2 0 0 2582 912 327 226 46 3 0 0
277 1167 1956 670 18 7 1 0 62 1178 2441 393 18 4 0 0 546 1304 1503 686 54 3 0 0
672 768 1102 1372 129 36 15 2 8 498 2734 739 76 28 12 1 231 869 1452 920 588 28 7 1
606 1280 833 971 393 13 0 0 921 1376 1353 430 16 0 0 0 1861 1351 801 76 7 0 0 0
1433 1176 645 615 222 5 0 0 1915 1102 826 245 8 0 0 0 2774 1062 252 8 0 0 0 0
338 1041 1197 1059 407 41 13 0 709 1362 1251 627 107 30 10 0 1159 1298 1152 353 106 22 6 0
4 284 1012 1484 640 516 154 2 19 539 1469 1007 556 433 71 2 46 525 1498 1022 601 371 32 1
2 341 807 1563 865 405 109 4 79 1019 1272 861 511 303 51 0 613 1052 924 768 490 232 17 0
15 238 807 1378 994 504 145 15 37 668 1233 1056 654 358 86 4 450 1004 1089 684 577 248 44 0
1 186 711 1728 1176 234 54 6 56 868 1604 945 422 171 28 2 493 1485 1131 560 297 116 13 1
2 103 567 2208 729 363 121 3 9 370 1922 1031 411 284 67 2 45 684 2121 549 452 220 24 1
0 189 844 2557 455 36 15 0 71 924 2157 855 64 20 5 0 476 1201 2123 237 41 15 3 0
1 559 975 2197 354 10 0 0 186 1189 1912 782 21 6 0 0 674 1179 2065 160 16 2 0 0
28 704 885 1933 534 11 1 0 119 855 1828 1254 32 6 2 0 116 770 2886 295 22 5 2 0
4 32 397 1983 1143 457 80 0 2 85 1317 1716 649 280 47 0 6 149 2278 817 628 200 18 0
1 14 151 1647 1335 789 156 3 2 61 751 1826 855 542 59 0 5 105 1788 927 897 349 25 0
0 5 84 1748 1159 922 178 0 1 22 940 1504 901 670 56 2 0 74 1630 933 990 450 19 0
0 11 204 1858 1082 816 124 1 3 55 1217 1402 839 529 51 0 2 85 2005 742 913 329 20 0
21 262 460 1898 793 537 125 0 62 318 1642 1019 582 428 44 1 44 318 2049 767 633 271 14 0
24 852 884 1123 737 426 50 0 98 1034 870 857 798 409 30 0 86 1089 1163 768 791 190 9 0
7 450 267 2265 1107 0 0 0 19 595 906 2576 0 0 0 0 523 299 2820 454 0 0 0 0
0 1 45 1608 2442 0 0 0 2 20 468 3606 0 0 0 0 8 75 2769 1244 0 0 0 0
0 0 0 776 3320 0 0 0 0 0 135 3961 0 0 0 0 0 0 2270 1826 0 0 0 0
0 0 0 1090 3006 0 0 0 0 0 170 3926 0 0 0 0 0 0 2450 1646 0 0 0 0
0 0 0 979 3117 0 0 0 0 0 237 3857 2 0 0 0 0 0 2050 2046 0 0 0 0
0 0 1 579 3516 0 0 0 0 0 62 4033 1 0 0 0 0 1 2252 1843 0 0 0 0
855 1379 373 639 850 0 0 0 805 1355 549 1387 0 0 0 0 2389 327 1158 222 0 0 0 0
785 1541 266 518 986 0 0 0 1054 1440 358 1244 0 0 0 0 2377 250 1158 311 0 0 0 0
22 1057 625 740 1648 4 0 0 168 1554 418 1949 7 0 0 0 1473 499 1453 671 0 0 0 0
25 1128 719 1048 1166 10 0 0 388 2110 297 1296 5 0 0 0 2048 648 808 592 0 0 0 0
21 1052 1021 1450 543 9 0 0 453 2645 449 549 0 0 0 0 2358 1075 477 186 0 0 0 0
208 1329 1127 1201 220 9 2 0 777 2588 599 124 7 1 0 0 2758 1180 128 26 3 1 0 0
336 618 1098 1556 478 10 0 0 1430 1893 401 335 37 0 0 0 2568 1083 369 76 0 0 0 0
81 1506 1201 1005 300 3 0 0 1000 2307 448 308 33 0 0 0 2758 787 404 142 5 0 0 0
156 3185 587 149 17 2 0 0 979 2816 286 15 0 0 0 0 3748 334 13 1 0 0 0 0
411 2196 1034 415 36 4 0 0 1315 2623 152 6 0 0 0 0 3725 350 21 0 0 0 0 0
547 1370 1106 919 139 14 1 0 1119 2381 485 108 2 1 0 0 3183 835 69 7 2 0 0 0
93 739 1070 1500 585 105 4 0 760 1902 523 400 466 44 1 0 2794 1104 171 27 0 0 0 0
144 1318 1185 1236 201 11 1 0 821 2226 648 312 86 3 0 0 3289 743 54 9 1 0 0 0
564 3113 408 11 0 0 0 0 790 2871 428 7 0 0 0 0 3946 149 1 0 0 0 0 0
979 2861 244 12 0 0 0 0 926 2710 449 11 0 0 0 0 3976 118 2 0 0 0 0 0
693 2668 638 94 3 0 0 0 907 2380 741 65 3 0 0 0 3661 379 48 7 1 0 0 0
290 3028 724 54 0 0 0 0 544 2961 564 27 0 0 0 0 3750 338 8 0 0 0 0 0
560 3301 172 58 5 0 0 0 833 3042 194 24 3 0 0 0 3880 181 33 2 0 0 0 0
1910 1678 306 137 47 14 1 3 2494 1356 155 53 31 3 1 3 3704 259 93 29 4 3 3 1
1049 1372 648 889 118 13 3 4 2245 708 922 174 33 8 3 3 2655 701 649 60 17 9 3 2
533 937 701 1374 244 299 8 0 1511 567 1316 348 291 63 0 0 1776 750 1124 207 235 4 0 0
68 1105 1550 1163 205 5 0 0 366 1527 1504 582 117 0 0 0 1980 1493 573 47 3 0 0 0
155 1694 1200 644 289 112 2 0 428 1779 1107 562 196 24 0 0 2486 1071 380 130 29 0 0 0
325 1412 1176 897 275 11 0 0 352 1568 1440 620 115 1 0 0 2244 1263 538 51 0 0 0 0
160 983 1380 1273 290 10 0 0 167 1280 2022 527 75 25 0 0 1534 1632 788 105 37 0 0 0
39 450 1602 1438 421 136 10 0 52 745 1909 831 327 199 33 0 806 1532 1055 422 218 60 3 0
6 542 1534 1630 360 24 0 0 123 986 1717 822 265 182 1 0 482 1630 1389 357 229 9 0 0
2 546 1402 1779 356 10 1 0 37 1086 2054 769 146 3 1 0 111 1359 2047 500 75 3 1 0
0 69 724 2326 728 192 39 18 1 246 2260 959 472 116 29 13 1 569 2212 835 356 86 27 10
0 8 306 2325 999 357 74 27 0 68 1955 1067 708 216 52 30 7 370 1880 1043 577 148 43 28
0 0 236 2292 969 532 50 17 0 49 1951 894 856 291 36 19 0 327 1835 905 799 190 23 17
0 28 310 1992 1221 502 42 1 3 79 1617 1259 878 244 16 0 3 313 1651 1229 753 143 4 0
1 146 1261 1511 832 315 30 0 2 201 1570 1122 828 362 11 0 4 371 1603 1222 725 169 2 0
21 1216 2185 633 24 9 5 3 34 2401 1242 398 11 2 1 7 59 2499 1228 296 4 2 2 6
43 786 788 1964 482 33 0 0 193 1025 1770 977 131 0 0 0 1152 2064 662 210 8 0 0 0
6 674 955 1854 572 35 0 0 21 1076 1719 1136 144 0 0 0 785 2043 1039 203 26 0 0 0
37 1187 670 1330 872 0 0 0 122 1449 1281 1225 19 0 0 0 1403 1322 950 421 0 0 0 0
18 984 727 974 1393 0 0 0 99 1350 815 1830 2 0 0 0 1094 895 1585 522 0 0 0 0
0 70 396 1248 2382 0 0 0 11 284 909 2890 2 0 0 0 103 491 2343 1159 0 0 0 0
0 0 9 1639 2448 0 0 0 0 0 808 3283 5 0 0 0 0 62 2857 1177 0 0 0 0
925 1888 572 492 219 0 0 0 909 1907 769 511 0 0 0 0 3092 388 554 62 0 0 0 0
1282 817 154 664 1179 0 0 0 1659 555 414 1468 0 0 0 0 2106 187 1417 386 0 0 0 0
0 0 1 1404 2691 0 0 0 0 1 516 3579 0 0 0 0 0 10 3196 890 0 0 0 0
0 0 0 511 3584 1 0 0 0 0 94 3996 6 0 0 0 0 0 1651 2445 0 0 0 0
0 5 4 767 3320 0 0 0 5 3 193 3895 0 0 0 0 5 3 1636 2452 0 0 0 0
1 47 95 930 3023 0 0 0 5 62 493 3526 10 0 0 0 44 117 1682 2253 0 0 0 0
3 324 296 1076 2397 0 0 0 7 429 743 2885 32 0 0 0 390 281 1802 1623 0 0 0 0
1 664 555 586 2290 0 0 0 11 993 524 2565 3 0 0 0 867 489 1395 1345 0 0 0 0
12 973 715 433 1951 12 0 0 194 1496 390 1929 87 0 0 0 1430 606 659 1401 0 0 0 0
14 901 897 1337 930 17 0 0 482 1960 593 970 91 0 0 0 1907 808 908 473 0 0 0 0
24 762 1207 1490 601 12 0 0 715 2220 534 620 7 0 0 0 2355 1055 512 174 0 0 0 0
16 703 1275 1872 227 3 0 0 949 2764 317 61 5 0 0 0 2864 1139 80 13 0 0 0 0
2 182 1402 2061 411 36 2 0 1227 2364 433 68 4 0 0 0 2584 1352 143 16 1 0 0 0
1 673 1676 1536 200 10 0 0 942 2845 294 15 0 0 0 0 2949 1074 67 6 0 0 0 0
532 895 980 1411 254 24 0 0 2098 1777 196 22 3 0 0 0 3184 842 65 5 0 0 0 0
516 606 943 1840 190 1 0 0 2043 1925 126 2 0 0 0 0 3170 912 14 0 0 0 0 0
261 1670 1393 686 86 0 0 0 1954 2055 85 2 0 0 0 0 3628 440 28 0 0 0 0 0
2442 1650 4 0 0 0 0 0 3262 834 0 0 0 0 0 0 4093 3 0 0 0 0 0 0
1095 1448 804 617 123 6 3 0 3017 935 131 8 5 0 0 0 3558 490 40 7 1 0 0 0
3 77 1358 2328 295 34 1 0 1057 2716 262 50 11 0 0 0 2550 1418 108 18 2 0 0 0
0 90 1236 2300 430 40 0 0 1070 2436 415 142 32 1 0 0 2403 1478 185 29 1 0 0 0
5 243 1163 2130 520 35 0 0 982 2279 582 187 55 11 0 0 2378 1439 231 44 4 0 0 0
35 1068 1962 906 124 1 0 0 444 2196 1324 124 8 0 0 0 3311 737 47 1 0 0 0 0
258 1709 1640 344 145 0 0 0 275 1441 1741 406 204 29 0 0 3358 640 50 27 21 0 0 0
166 2350 1326 207 47 0 0 0 275 2241 1363 200 17 0 0 0 3704 379 12 1 0 0 0 0
373 1700 1705 303 15 0 0 0 573 1480 1492 337 96 103 15 0 2989 741 140 91 88 47 0 0
36 1162 2182 634 82 0 0 0 274 1691 1370 443 221 93 4 0 2064 1338 318 230 135 11 0 0
62 866 1812 1153 192 11 0 0 361 2263 1030 307 130 5 0 0 1477 1989 438 143 49 0 0 0
14 739 1689 1128 494 32 0 0 383 1953 1070 547 139 4 0 0 1078 1936 844 218 20 0 0 0
5 551 1485 1272 720 63 0 0 250 1436 1258 783 366 3 0 0 706 1680 1104 570 36 0 0 0
1 107 978 1383 1171 395 32 29 83 1161 796 1094 821 85 29 27 386 1197 1057 1040 327 32 31 26
7 105 286 934 1734 942 75 13 24 251 795 1539 1015 434 27 11 108 732 1290 1267 613 60 15 11
31 400 975 451 1577 653 9 0 105 392 458 955 1932 254 0 0 189 505 626 1973 775 28 0 0
10 95 583 635 1725 977 51 20 51 405 492 1173 1705 209 41 20 77 520 821 2028 503 91 37 19
117 2146 1359 454 20 0 0 0 72 2302 1523 197 2 0 0 0 2872 1082 142 0 0 0 0 0
19 1488 1092 1450 47 0 0 0 19 1801 1774 502 0 0 0 0 2011 1433 648 4 0 0 0 0
83 1687 741 1547 38 0 0 0 13 1894 2017 172 0 0 0 0 2174 1782 140 0 0 0 0 0
69 1205 1077 1708 37 0 0 0 69 1479 2376 172 0 0 0 0 1893 2065 138 0 0 0 0 0
44 508 1686 1832 26 0 0 0 33 956 2898 182 27 0 0 0 1033 2584 468 11 0 0 0 0
17 569 2013 1417 80 0 0 0 60 1129 2658 239 10 0 0 0 1118 2495 458 25 0 0 0 0
1605 2307 184 0 0 0 0 0 1480 2372 244 0 0 0 0 0 4062 34 0 0 0 0 0 0
2275 911 184 501 225 0 0 0 2631 697 349 419 0 0 0 0 3212 227 644 13 0 0 0 0
135 794 502 1074 1591 0 0 0 301 860 924 2007 4 0 0 0 936 588 2330 242 0 0 0 0
0 15 184 1512 2385 0 0 0 0 116 999 2980 1 0 0 0 46 315 2833 902 0 0 0 0
0 4 11 935 3146 0 0 0 2 13 450 3631 0 0 0 0 7 13 2050 2026 0 0 0 0
0 0 0 448 3648 0 0 0 0 0 99 3997 0 0 0 0 0 0 1730 2366 0 0 0 0
0 0 1 914 3181 0 0 0 0 0 394 3686 16 0 0 0 0 6 2143 1947 0 0 0 0
0 0 1 646 3449 0 0 0 0 1 153 3938 4 0 0 0 0 2 2380 1714 0 0 0 0
0 0 0 1373 2723 0 0 0 0 0 588 3508 0 0 0 0 0 11 2945 1140 0 0 0 0
0 0 12 975 3109 0 0 0 0 12 448 3636 0 0 0 0 3 28 3028 1037 0 0 0 0
0 0 0 629 3464 3 0 0 0 0 266 3827 3 0 0 0 0 0 2791 1305 0 0 0 0
2 65 75 720 3232 2 0 0 10 78 462 3485 61 0 0 0 87 87 2236 1686 0 0 0 0
5 201 417 725 2717 31 0 0 108 488 436 3015 42 7 0 0 457 328 2746 548 17 0 0 0
3 55 615 1099 2316 7 1 0 240 817 497 2528 14 0 0 0 732 723 2151 490 0 0 0 0
1 101 787 1615 1565 16 10 1 549 1423 514 1587 11 11 1 0 1316 923 1078 762 16 1 0 0
0 70 1241 1867 900 18 0 0 821 1984 367 916 8 0 0 0 1956 1027 679 433 1 0 0 0
1 50 1044 2387 579 30 4 1 898 2456 373 348 13 7 1 0 2163 1457 369 94 9 3 1 0
60 450 1179 1977 407 22 1 0 1448 2230 355 39 18 6 0 0 2575 1382 92 31 13 3 0 0
2 258 1161 2246 417 12 0 0 1355 2316 379 39 7 0 0 0 2570 1423 95 8 0 0 0 0
0 7 680 2862 536 11 0 0 866 2904 315 11 0 0 0 0 2323 1711 60 2 0 0 0 0
0 5 700 3027 343 21 0 0 879 2937 255 25 0 0 0 0 2446 1567 79 4 0 0 0 0
19 175 803 2580 505 14 0 0 834 2564 456 118 109 15 0 0 2175 1591 195 109 26 0 0 0
31 334 697 1320 1190 524 0 0 428 1246 487 396 1258 279 2 0 1617 1560 695 183 41 0 0 0
48 705 1033 934 1298 78 0 0 192 925 848 791 1268 70 2 0 2638 1310 137 11 0 0 0 0
679 1406 998 787 201 24 1 0 1188 1585 668 499 140 16 0 0 3274 682 94 46 0 0 0 0
1713 2004 308 68 3 0 0 0 3177 767 129 23 0 0 0 0 3412 579 91 14 0 0 0 0
1733 1713 442 191 12 5 0 0 3006 979 99 12 0 0 0 0 3267 745 70 14 0 0 0 0
276 513 694 2044 390 171 8 0 1086 2330 377 111 156 36 0 0 1879 1785 191 124 110 7 0 0
23 425 687 1683 767 505 6 0 226 1922 589 414 851 94 0 0 876 1710 397 781 326 6 0 0
28 349 576 959 1330 846 8 0 70 566 664 1089 1466 231 10 0 240 705 928 1618 577 28 0 0
29 383 597 577 1486 976 48 0 38 412 506 1043 1682 387 28 0 106 581 652 1713 807 227 10 0
10 151 452 1110 1352 952 69 0 11 135 782 1290 1204 643 31 0 29 425 1137 1132 961 404 8 0
1 69 200 532 1361 1722 207 4 1 90 300 761 1719 1132 92 1 11 124 444 1139 1609 725 44 0
0 4 68 306 1488 2056 174 0 1 22 177 664 1894 1272 66 0 1 38 276 856 2198 701 26 0
124 2627 1111 217 17 0 0 0 116 2618 1211 146 5 0 0 0 3267 764 65 0 0 0 0 0
142 3120 804 30 0 0 0 0 95 3231 742 28 0 0 0 0 3732 356 8 0 0 0 0 0
114 3007 949 26 0 0 0 0 89 3080 887 38 2 0 0 0 3674 408 13 1 0 0 0 0
203 3049 821 23 0 0 0 0 218 3207 656 15 0 0 0 0 3691 398 7 0 0 0 0 0
284 3167 598 33 14 0 0 0 206 3117 701 62 10 0 0 0 3701 356 25 14 0 0 0 0
166 2369 1133 323 104 1 0 0 157 2404 1214 287 34 0 0 0 3001 832 185 77 1 0 0 0
1897 2053 100 44 2 0 0 0 1904 2041 113 36 2 0 0 0 4014 65 17 0 0 0 0 0
2993 800 164 105 28 6 0 0 3304 602 149 38 3 0 0 0 3818 208 55 15 0 0 0 0
70 1181 820 1559 432 28 6 0 657 1290 1359 684 102 4 0 0 1509 1605 707 269 1 5 0 0
4 362 1003 2199 499 25 4 0 176 983 2130 732 65 7 2 1 654 2231 1094 105 6 4 2 0
1 210 1193 1989 674 22 7 0 39 926 2238 844 32 13 4 0 371 2162 1386 155 15 7 0 0
2 349 1069 1562 1114 0 0 0 76 1071 1582 1360 7 0 0 0 566 1331 1918 281 0 0 0 0
0 8 240 2133 1690 16 9 0 7 187 1802 2073 11 12 4 0 73 853 2768 380 14 8 0 0
0 62 209 1277 2538 10 0 0 42 170 1030 2834 20 0 0 0 84 498 2038 1466 10 0 0 0
0 18 104 953 3021 0 0 0 5 91 591 3409 0 0 0 0 22 118 2180 1776 0 0 0 0
0 0 22 838 3236 0 0 0 0 7 443 3641 5 0 0 0 0 47 2643 1406 0 0 0 0
0 0 0 570 3526 0 0 0 0 0 204 3889 3 0 0 0 0 3 3085 1008 0 0 0 0
0 8 16 627 3445 0 0 0 5 19 265 3802 5 0 0 0 13 31 3095 957 0 0 0 0
0 44 119 590 3343 0 0 0 35 114 281 3666 0 0 0 0 84 118 2369 1525 0 0 0 0
0 87 128 1198 2677 6 0 0 62 124 532 3367 11 0 0 0 78 129 2570 1319 0 0 0 0
0 47 80 1019 2950 0 0 0 23 87 508 3468 10 0 0 0 45 95 2084 1872 0 0 0 0
0 0 0 412 3684 0 0 0 0 0 128 3967 1 0 0 0 0 3 1319 2774 0 0 0 0
0 1 0 479 3616 0 0 0 1 0 162 3933 0 0 0 0 1 4 2121 1970 0 0 0 0
0 27 264 1160 2645 0 0 0 32 325 654 3079 6 0 0 0 158 334 2443 1161 0 0 0 0
0 41 474 998 2578 5 0 0 45 531 753 2753 14 0 0 0 323 608 2023 1135 7 0 0 0
2 82 646 1373 1916 33 32 12 192 1273 540 1903 129 27 31 1 752 920 1152 1175 48 33 16 0
138 791 819 1472 801 43 30 2 531 1449 669 1069 278 82 18 0 1162 1201 947 629 107 41 9 0
23 851 1139 1100 953 24 6 0 734 1706 612 910 96 36 2 0 1949 953 479 666 45 4 0 0
42 569 1110 1515 703 156 1 0 659 1948 672 447 310 60 0 0 2125 1348 390 227 5 1 0 0
46 607 836 1073 780 722 32 0 568 1468 556 256 820 425 3 0 1818 1120 737 405 13 3 0 0
49 781 980 1467 675 140 4 0 840 1950 653 339 290 24 0 0 1987 1352 434 282 40 1 0 0
16 172 642 2236 904 87 36 3 589 2432 444 481 93 39 18 0 1435 1881 500 211 23 36 10 0
0 52 548 2752 689 55 0 0 508 2956 551 81 0 0 0 0 1496 2322 268 10 0 0 0 0
11 1036 559 983 945 530 32 0 539 1742 431 418 880 67 18 1 827 1691 359 992 177 44 6 0
1 54 328 811 1546 1222 128 6 49 379 676 867 1584 470 70 1 127 546 818 1514 723 340 28 0
6 119 427 723 1418 1246 157 0 38 325 557 1088 1082 935 71 0 119 432 790 985 1109 635 26 0
0 0 68 343 1281 2087 315 2 0 24 188 633 1551 1585 115 0 0 45 218 738 1796 1254 45 0
0 0 34 195 1101 2476 282 8 0 7 84 417 1548 1912 128 0 0 8 101 531 1883 1515 58 0
0 1 31 210 1155 2508 188 3 0 4 82 429 1765 1748 65 3 0 3 100 561 2151 1238 41 2
0 2 18 322 1356 2212 186 0 0 3 115 613 1681 1618 66 0 0 3 149 717 1900 1302 25 0
35 2778 1217 62 4 0 0 0 58 3161 835 40 2 0 0 0 3621 458 17 0 0 0 0 0
9 2478 1556 52 1 0 0 0 34 3244 791 27 0 0 0 0 3552 534 10 0 0 0 0 0
21 2058 1352 576 89 0 0 0 140 2828 816 312 0 0 0 0 2937 715 444 0 0 0 0 0
13 1337 818 787 985 154 2 0 145 1687 946 1031 286 1 0 0 1741 746 992 594 23 0 0 0
188 1102 825 936 952 93 0 0 687 1012 864 1341 184 8 0 0 1660 735 1165 501 31 4 0 0
490 1043 1241 1053 264 5 0 0 1327 1697 707 338 27 0 0 0 2504 997 499 96 0 0 0 0
1295 2378 403 20 0 0 0 0 1288 2470 336 2 0 0 0 0 4022 72 2 0 0 0 0 0
3242 811 43 0 0 0 0 0 3474 585 37 0 0 0 0 0 4088 8 0 0 0 0 0 0
1005 779 1283 920 105 4 0 0 2607 1362 107 19 1 0 0 0 3318 738 37 3 0 0 0 0
0 183 1715 1848 336 14 0 0 1561 2107 380 48 0 0 0 0 2550 1381 161 4 0 0 0 0
0 67 1162 2401 427 26 9 4 902 1983 1113 51 23 19 4 1 1822 2078 128 31 21 11 5 0
1 141 1114 2561 279 0 0 0 451 1781 1743 121 0 0 0 0 1190 2626 280 0 0 0 0 0
2 108 1182 1667 667 452 18 0 282 1303 1193 665 571 80 2 0 713 1609 910 691 166 7 0 0
59 544 975 2326 192 0 0 0 403 668 1725 1290 10 0 0 0 541 1158 2069 323 5 0 0 0
12 149 826 2849 260 0 0 0 91 474 2252 1267 12 0 0 0 218 1435 2183 258 2 0 0 0
5 88 479 2955 569 0 0 0 37 321 2388 1341 9 0 0 0 149 1242 2519 186 0 0 0 0
0 5 122 2354 1612 3 0 0 2 72 1734 2283 5 0 0 0 16 658 2904 514 4 0 0 0
0 22 76 1762 2234 2 0 0 12 54 980 3041 9 0 0 0 25 206 2681 1181 3 0 0 0
0 0 1 1104 2991 0 0 0 0 0 606 3490 0 0 0 0 0 59 2256 1781 0 0 0 0
0 0 0 543 3553 0 0 0 0 0 225 3867 4 0 0 0 0 19 1544 2533 0 0 0 0
0 22 57 363 3654 0 0 0 23 53 127 3886 7 0 0 0 25 59 1663 2349 0 0 0 0
0 41 135 721 3198 1 0 0 21 137 411 3522 5 0 0 0 53 130 1695 2217 1 0 0 0
0 36 110 741 3207 2 0 0 20 93 403 3575 5 0 0 0 31 116 1765 2184 0 0 0 0
0 1 15 641 3439 0 0 0 0 0 360 3683 48 5 0 0 0 4 1822 2246 24 0 0 0
52 566 285 476 2716 1 0 0 134 223 374 3029 293 43 0 0 205 287 1547 1924 133 0 0 0
63 671 292 660 2410 0 0 0 119 406 531 2814 192 34 0 0 235 487 1573 1722 79 0 0 0
0 10 10 452 3624 0 0 0 3 9 295 3788 1 0 0 0 0 20 1675 2401 0 0 0 0
0 0 12 334 3743 7 0 0 2 15 205 3857 17 0 0 0 6 21 841 3222 6 0 0 0
0 0 0 177 3919 0 0 0 0 0 107 3987 2 0 0 0 0 1 913 3182 0 0 0 0
0 58 165 394 3478 1 0 0 50 197 279 3568 2 0 0 0 149 162 1224 2561 0 0 0 0
6 98 404 496 3065 24 3 0 89 526 357 3074 34 14 2 0 354 465 643 2608 21 5 0 0
0 34 294 825 2539 339 62 3 147 506 584 2279 297 254 27 2 306 522 845 1954 307 151 10 1
18 346 298 689 1147 1310 282 6 169 541 553 690 1086 946 106 5 285 586 542 779 1214 653 35 2
11 1024 275 459 886 1237 200 4 181 996 407 552 936 926 96 2 205 1055 417 686 1085 619 29 0
0 32 176 451 1219 1891 324 3 2 114 304 613 1467 1474 122 0 3 147 351 706 1739 1109 41 0
0 1 77 433 1368 1911 301 5 0 22 253 724 1596 1410 91 0 0 30 318 833 1906 971 38 0
0 2 26 293 1357 2208 206 4 0 8 137 573 1821 1490 63 4 1 15 181 737 2104 1033 21 4
0 3 62 380 1425 2041 185 0 0 17 198 730 1688 1400 63 0 2 26 263 818 1968 997 22 0
0 4 42 296 1069 2448 236 1 0 16 142 469 1499 1899 71 0 0 17 159 578 1969 1349 24 0
0 0 31 252 1191 2444 178 0 0 13 121 531 1708 1665 58 0 0 17 134 638 2003 1278 26 0
52 2490 1317 123 48 49 16 1 54 2880 957 118 68 19 0 0 3103 807 71 89 26 0 0 0
49 1667 1060 361 300 624 35 0 206 2029 725 379 541 216 0 0 2113 792 384 473 328 6 0 0
13 1268 1378 1371 66 0 0 0 653 1715 1225 503 0 0 0 0 1411 1903 752 30 0 0 0 0
5 662 1711 1367 319 30 2 0 1930 1567 447 127 20 5 0 0 2710 1077 256 34 14 5 0 0
0 299 1985 1554 238 15 4 1 1903 1896 241 36 11 5 4 0 2940 1006 125 8 13 4 0 0
16 799 2361 840 79 1 0 0 1467 2386 241 2 0 0 0 0 3442 633 20 1 0 0 0 0
1438 2379 275 4 0 0 0 0 1763 2143 188 2 0 0 0 0 4085 11 0 0 0 0 0 0
3074 904 101 17 0 0 0 0 3439 630 27 0 0 0 0 0 4062 34 0 0 0 0 0 0
862 847 1400 908 76 1 2 0 2939 1118 34 3 1 1 0 0 3603 487 2 2 1 1 0 0
8 393 2108 1328 232 26 1 0 2228 1609 230 21 6 2 0 0 3101 926 57 8 4 0 0 0
69 736 1521 1578 192 0 0 0 2175 1769 152 0 0 0 0 0 3097 962 37 0 0 0 0 0
18 737 1402 1727 207 5 0 0 1745 2049 291 11 0 0 0 0 2669 1342 85 0 0 0 0 0
0 176 1588 1997 322 12 1 0 1521 2248 317 6 4 0 0 0 2547 1459 86 4 0 0 0 0
38 219 1596 1891 338 14 0 0 1428 2285 376 7 0 0 0 0 2450 1556 90 0 0 0 0 0
75 593 1172 1570 652 31 3 0 1331 1722 553 414 60 16 0 0 2001 1332 566 146 40 11 0 0
122 451 1032 1741 734 15 1 0 990 1406 890 795 15 0 0 0 1614 1291 889 301 1 0 0 0
28 501 876 1796 832 62 1 0 676 1188 1011 1104 117 0 0 0 1151 1164 1078 688 15 0 0 0
23 328 1285 2181 276 3 0 0 170 595 2082 1215 34 0 0 0 479 1255 1921 437 4 0 0 0
0 211 654 2944 282 5 0 0 24 425 1676 1959 12 0 0 0 44 707 2805 536 4 0 0 0
0 4 117 3192 750 24 9 0 4 79 2055 1904 28 22 4 0 29 342 3606 85 20 14 0 0
0 82 103 2082 1829 0 0 0 44 123 832 3092 5 0 0 0 63 143 2808 1082 0 0 0 0
27 157 122 1145 2643 2 0 0 22 57 738 3081 161 37 0 0 31 123 1766 2095 81 0 0 0
128 632 324 850 2162 0 0 0 162 297 685 2612 269 71 0 0 237 459 1560 1702 138 0 0 0
71 713 264 542 2506 0 0 0 133 346 387 2985 229 16 0 0 232 428 1321 2034 81 0 0 0
32 113 36 553 3362 0 0 0 63 69 436 3528 0 0 0 0 81 115 2069 1831 0 0 0 0
0 0 0 322 3773 1 0 0 0 0 239 3855 2 0 0 0 0 9 2120 1967 0 0 0 0
0 0 0 241 3850 5 0 0 0 0 186 3900 10 0 0 0 0 6 1417 2673 0 0 0 0
0 0 0 166 3923 7 0 0 0 0 147 3926 23 0 0 0 0 0 982 3114 0 0 0 0
0 0 0 135 3954 7 0 0 0 0 111 3955 30 0 0 0 0 3 586 3507 0 0 0 0
0 0 0 193 3868 35 0 0 0 0 131 3906 59 0 0 0 0 0 563 3533 0 0 0 0
3 52 178 354 2723 654 132 0 14 158 275 2578 480 539 52 0 32 188 522 2370 576 391 17 0
0 20 154 531 1331 1622 422 16 9 102 352 918 1188 1321 201 5 37 110 484 893 1467 1008 96 1
1 14 51 334 1013 2322 359 2 8 31 183 570 1340 1827 135 2 8 49 245 671 1734 1340 49 0
0 16 109 456 1194 1952 365 4 2 50 272 771 1318 1541 141 1 2 65 351 932 1582 1120 44 0
0 0 37 330 1149 2365 215 0 0 8 142 600 1565 1726 55 0 0 18 198 749 1938 1177 16 0
0 2 67 375 1295 2161 196 0 0 78 234 574 1673 1477 60 0 0 117 264 688 2003 1009 15 0
0 7 105 518 1473 1788 204 1 0 20 279 786 1581 1337 93 0 0 30 335 882 1855 960 34 0
0 1 61 411 1481 1937 204 1 0 7 178 718 1620 1467 106 0 0 10 204 825 1813 1196 48 0
0 15 93 460 1451 1879 198 0 1 72 323 718 1495 1415 72 0 2 87 396 756 1662 1164 29 0
0 0 50 269 1510 2087 176 4 0 21 176 532 1862 1433 72 0 0 30 193 627 2059 1153 34 0
95 820 613 1487 1033 47 1 0 119 1019 963 1754 235 5 1 0 861 571 1350 1245 65 4 0 0
10 142 322 2087 1500 31 4 0 100 390 969 2420 208 8 1 0 251 488 2361 958 30 8 0 0
22 496 1537 1217 814 10 0 0 1460 1318 377 789 152 0 0 0 2122 850 611 503 10 0 0 0
5 375 2222 1317 177 0 0 0 2318 1632 144 2 0 0 0 0 3207 853 36 0 0 0 0 0
7 321 2020 1584 162 2 0 0 2130 1777 175 14 0 0 0 0 3130 908 56 2 0 0 0 0
2 536 2406 1049 103 0 0 0 2265 1706 125 0 0 0 0 0 3307 775 14 0 0 0 0 0
1504 1183 1075 308 25 1 0 0 2976 1069 46 5 0 0 0 0 3839 243 14 0 0 0 0 0
2672 757 487 163 17 0 0 0 3559 497 40 0 0 0 0 0 3956 140 0 0 0 0 0 0
2010 945 778 332 31 0 0 0 3526 541 29 0 0 0 0 0 3859 231 6 0 0 0 0 0
906 1546 945 646 52 1 0 0 3298 741 55 2 0 0 0 0 3724 354 18 0 0 0 0 0
412 1284 890 1271 235 4 0 0 2494 1464 132 5 1 0 0 0 3275 796 24 1 0 0 0 0
16 427 1641 1683 310 19 0 0 1977 1830 266 22 1 0 0 0 2919 1079 92 6 0 0 0 0
0 112 1313 2240 406 25 0 0 1580 2217 257 37 4 1 0 0 2746 1225 112 11 2 0 0 0
0 65 1486 2271 253 21 0 0 1585 2267 203 34 7 0 0 0 2758 1233 94 11 0 0 0 0
0 108 1373 2226 387 2 0 0 1477 2395 222 2 0 0 0 0 2641 1415 39 1 0 0 0 0
2 138 1436 2147 355 18 0 0 1584 2217 268 27 0 0 0 0 2600 1384 103 9 0 0 0 0
1 68 1261 2444 315 7 0 0 1249 2496 293 57 1 0 0 0 2332 1615 141 8 0 0 0 0
14 285 677 2698 408 8 5 1 686 1467 1641 286 9 5 2 0 1131 1393 1520 44 4 4 0 0
2 117 319 3621 37 0 0 0 77 426 3387 206 0 0 0 0 130 518 3448 0 0 0 0 0
15 141 193 3729 18 0 0 0 11 92 3671 193 116 13 0 0 13 303 3573 153 54 0 0 0
278 712 368 2642 96 0 0 0 290 410 2449 608 285 54 0 0 343 630 2633 329 161 0 0 0
179 440 217 3014 246 0 0 0 179 284 2546 943 123 21 0 0 250 352 3140 299 55 0 0 0
0 0 72 3376 648 0 0 0 0 79 2847 1170 0 0 0 0 0 255 3544 297 0 0 0 0
0 3 112 3311 665 5 0 0 4 99 3075 913 5 0 0 0 6 449 3182 459 0 0 0 0
0 6 57 3228 805 0 0 0 6 50 2834 1205 1 0 0 0 13 62 3688 333 0 0 0 0
0 0 2 2234 1860 0 0 0 0 3 1973 2120 0 0 0 0 0 61 3148 887 0 0 0 0
0 0 0 1226 2868 2 0 0 0 0 865 3227 4 0 0 0 0 27 1936 2133 0 0 0 0
0 0 2 622 3459 13 0 0 0 2 383 3652 58 1 0 0 0 7 1023 3030 36 0 0 0
1 15 56 257 3718 44 5 0 1 34 161 3807 44 38 11 0 2 48 451 3517 37 37 4 0
0 25 163 522 2088 1128 169 1 0 75 339 1747 1004 854 76 1 0 90 563 1651 1133 640 19 0
0 32 175 475 1122 1906 378 8 6 72 313 602 1287 1634 176 6 6 78 342 730 1564 1297 78 1
0 0 98 390 1159 2070 377 2 0 17 249 602 1364 1744 119 1 1 26 330 647 1619 1420 53 0
0 11 77 412 1094 2112 389 1 2 24 221 630 1398 1646 173 2 2 25 273 720 1677 1323 76 0
0 7 73 369 1101 2188 357 1 0 13 215 609 1400 1699 160 0 1 34 248 702 1654 1393 64 0
0 0 71 342 1181 2183 318 1 0 11 160 571 1475 1775 103 1 0 13 188 652 1773 1426 44 0
0 1 45 289 1272 2259 230 0 0 7 126 551 1649 1651 112 0 0 8 145 637 1839 1422 45 0
0 6 57 374 1290 2103 263 3 1 16 185 702 1477 1620 95 0 0 18 220 789 1741 1284 44 0
0 4 91 464 1247 2013 275 2 0 7 231 720 1438 1576 124 0 0 9 240 792 1677 1311 67 0
0 8 52 222 1174 2390 250 0 0 17 120 431 1641 1820 67 0 0 13 133 484 1866 1559 41 0
0 1 38 327 1301 2206 223 0 0 10 133 602 1745 1509 97 0 0 7 146 688 1977 1225 53 0
2 262 772 1847 1190 23 0 0 65 659 846 2397 129 0 0 0 377 797 1937 975 10 0 0 0
15 660 1705 1347 369 0 0 0 953 1562 951 588 42 0 0 0 1482 1627 806 177 4 0 0 0
0 487 2131 1311 166 1 0 0 2095 1751 241 9 0 0 0 0 2991 1040 65 0 0 0 0 0
0 339 2369 1277 111 0 0 0 2223 1754 117 2 0 0 0 0 3211 862 23 0 0 0 0 0
0 609 2450 979 58 0 0 0 2695 1337 62 2 0 0 0 0 3525 551 20 0 0 0 0 0
0 304 1796 1814 180 2 0 0 1954 1961 176 5 0 0 0 0 2933 1116 46 1 0 0 0 0
5 280 1880 1574 299 58 0 0 2115 1673 220 79 9 0 0 0 3089 858 122 27 0 0 0 0
3 295 1719 1751 318 10 0 0 2059 1747 256 34 0 0 0 0 2952 1034 110 0 0 0 0 0
0 139 1732 1854 348 21 2 0 1970 1839 263 20 2 2 0 0 2942 1057 90 3 3 1 0 0
2 179 1485 2093 328 9 0 0 1811 2052 193 40 0 0 0 0 2902 1097 90 7 0 0 0 0
0 127 1204 2229 502 34 0 0 1605 2135 308 48 0 0 0 0 2660 1281 151 4 0 0 0 0
0 86 1299 2296 389 26 0 0 1668 2071 320 37 0 0 0 0 2796 1173 121 6 0 0 0 0
0 124 1577 2090 300 5 0 0 1892 2046 154 4 0 0 0 0 3021 1045 27 3 0 0 0 0
0 54 1406 2398 229 9 0 0 1609 2307 164 16 0 0 0 0 2968 1066 59 3 0 0 0 0
0 105 1506 2117 351 17 0 0 1732 1923 398 42 1 0 0 0 2731 1116 239 10 0 0 0 0
0 45 893 2886 267 5 0 0 930 1292 1759 115 0 0 0 0 1492 950 1636 18 0 0 0 0
0 13 216 3659 205 3 0 0 139 366 3236 355 0 0 0 0 235 455 3358 48 0 0 0 0
0 0 17 4017 62 0 0 0 0 11 3786 299 0 0 0 0 0 116 3958 22 0 0 0 0
60 411 248 3124 253 0 0 0 74 159 1812 1896 152 3 0 0 71 437 2690 823 74 1 0 0
308 727 408 2508 145 0 0 0 357 400 1898 1242 196 3 0 0 410 565 2510 527 84 0 0 0
0 2 82 3785 227 0 0 0 6 69 3061 960 0 0 0 0 8 129 3722 237 0 0 0 0
0 5 116 3920 55 0 0 0 5 126 3665 300 0 0 0 0 10 355 3667 64 0 0 0 0
0 0 44 3690 362 0 0 0 0 53 3282 761 0 0 0 0 1 202 3850 43 0 0 0 0
0 11 33 3566 400 64 21 1 11 28 2883 1047 62 55 10 0 10 43 3749 174 68 45 7 0
0 0 22 3498 576 0 0 0 0 43 2642 1411 0 0 0 0 0 149 3678 269 0 0 0 0
0 0 22 3998 76 0 0 0 0 76 3766 254 0 0 0 0 0 303 3774 19 0 0 0 0
0 0 33 3331 732 0 0 0 0 37 2557 1502 0 0 0 0 0 199 3740 157 0 0 0 0
1 43 187 2707 518 520 118 2 11 212 2269 766 308 473 57 0 32 271 2710 318 376 372 17 0
8 61 246 805 1294 1461 221 0 14 173 543 880 1311 1072 103 0 28 197 718 933 1445 737 38 0
2 30 165 599 1346 1661 292 1 7 70 391 885 1384 1246 113 0 10 96 511 1025 1529 901 24 0
0 13 111 389 1092 2167 315 9 1 36 222 595 1378 1740 120 4 1 45 288 674 1689 1346 49 4
0 6 80 360 1229 2100 313 8 0 31 196 570 1653 1479 165 2 0 46 207 673 1880 1204 86 0
0 11 101 436 1156 2038 349 5 2 30 249 620 1321 1747 127 0 3 21 262 694 1605 1455 56 0
0 8 92 326 1080 2254 336 0 1 32 177 520 1391 1858 117 0 1 32 208 598 1735 1478 44 0
0 13 93 407 1355 1960 259 9 0 26 280 656 1491 1501 139 3 0 28 298 703 1682 1294 89 2
0 5 55 373 1270 2088 305 0 0 20 186 536 1490 1746 118 0 0 9 192 613 1674 1538 70 0
1 17 128 420 1400 1846 282 2 4 64 225 621 1599 1472 111 0 3 57 225 702 1834 1221 54 0
0 2 36 242 1405 2278 132 1 0 11 106 473 1866 1577 63 0 0 10 113 524 2149 1261 39 0
0 3 76 424 1315 2093 184 1 0 14 232 661 1558 1600 31 0 0 14 256 722 1672 1409 23 0
0 5 75 430 1834 1657 95 0 0 9 168 825 1895 1183 16 0 0 4 176 908 2014 980 14 0
