27 319 1033 962 799 445 337 174 23 404 1086 809 551 441 402 380 359 1229 781 575 447 320 293 92
0 27 626 1114 791 877 409 252 0 90 1065 1344 776 355 249 217 199 1432 1293 468 286 219 161 38
0 16 383 1166 760 413 1034 324 3 156 809 679 1341 430 306 372 125 862 1561 639 324 262 241 82
0 13 402 1409 835 434 960 43 3 239 952 967 1492 286 127 30 157 886 1948 695 252 134 24 0
0 106 753 1292 752 788 370 35 28 580 1131 984 1130 154 63 26 363 1262 1701 515 155 59 20 21
149 418 1261 2038 159 36 23 12 183 1880 1706 199 61 31 21 15 2612 1111 227 68 33 22 19 4
20 1334 2014 683 35 8 2 0 212 2591 1075 195 17 5 1 0 1037 2342 629 79 7 2 0 0
3 202 1281 1733 519 192 105 61 27 539 1728 1026 458 173 109 36 89 1406 1412 705 285 117 69 13
13 230 929 1362 655 445 265 197 47 334 1107 1207 666 368 221 146 82 542 1519 936 475 294 192 56
4 79 687 1328 837 362 232 567 14 113 865 1469 617 278 219 521 26 280 1297 1115 423 253 223 479
249 804 804 1007 340 174 127 591 264 913 832 914 326 160 120 567 614 823 948 667 264 141 112 527
16 353 690 440 339 179 330 1749 72 554 598 472 267 427 252 1454 183 660 674 378 517 189 72 1423
30 384 915 756 600 295 445 671 90 465 818 887 515 383 395 543 146 512 835 923 503 425 283 469
82 735 1396 842 568 127 204 142 192 836 785 1338 481 160 183 121 382 734 621 1436 499 199 153 72
180 556 1475 1182 471 71 53 108 160 568 758 1771 624 52 59 104 205 536 603 1784 710 87 60 111
