0 0 0 0 24 4072 0 0 0 0 0 0 0 3056 1040 0 0 0 0 0 0 0 8 4088
0 0 0 0 88 4008 0 0 0 0 0 0 0 3288 808 0 0 0 0 0 0 0 0 4096
0 0 0 0 48 4048 0 0 0 0 0 0 0 3510 586 0 0 0 0 0 0 0 16 4080
0 0 0 0 144 3952 0 0 0 0 0 0 0 3688 408 0 0 0 0 0 0 0 0 4096
12 134 84 420 369 3068 5 4 20 140 305 232 71 2835 489 4 76 110 299 116 116 46 145 3188
107 492 534 1755 344 835 22 7 190 489 632 1675 165 543 386 16 449 377 508 1555 208 93 211 695
80 229 1109 2674 4 0 0 0 114 349 911 2719 3 0 0 0 200 311 1011 2571 3 0 0 0
4 53 1829 2197 9 2 2 0 16 398 1513 2160 6 2 1 0 67 444 1576 1999 7 2 1 0
0 26 2399 1626 36 7 2 0 0 380 2303 1367 38 6 2 0 88 436 2454 1093 22 2 1 0
1 96 2874 1094 26 4 1 0 6 645 2371 1055 15 3 1 0 60 741 2648 635 8 3 1 0
0 57 2933 1041 48 10 5 2 4 626 2556 870 28 6 6 0 74 804 2638 553 17 6 4 0
0 32 3076 922 53 7 5 1 4 698 2648 698 41 4 3 0 171 950 2558 390 21 3 3 0
0 43 3314 677 48 11 3 0 1 1124 2440 485 36 8 2 0 466 1132 2324 142 26 5 1 0
0 43 3365 587 75 21 5 0 0 1190 2501 332 57 15 1 0 358 1561 1992 150 25 10 0 0
0 167 3248 604 65 10 2 0 4 1258 2466 323 39 5 1 0 341 1617 2020 88 25 4 1 0
0 49 3516 518 13 0 0 0 0 1289 2528 277 2 0 0 0 489 1670 1906 30 1 0 0 0
0 35 3493 568 0 0 0 0 0 1217 2728 151 0 0 0 0 396 1915 1763 22 0 0 0 0
0 18 3565 513 0 0 0 0 0 1347 2611 138 0 0 0 0 335 2018 1739 4 0 0 0 0
0 42 3587 467 0 0 0 0 0 1311 2666 119 0 0 0 0 354 1543 2194 5 0 0 0 0
0 39 3500 539 12 6 0 0 0 1148 2730 205 10 3 0 0 317 1578 2073 116 10 2 0 0
0 35 3651 366 25 15 4 0 0 1099 2785 178 25 8 1 0 460 1436 2080 89 26 3 2 0
0 35 2673 1332 48 8 0 0 0 501 3231 325 39 0 0 0 206 641 3088 140 21 0 0 0
0 84 1431 2581 0 0 0 0 2 331 3703 60 0 0 0 0 52 493 3522 29 0 0 0 0
0 158 3867 71 0 0 0 0 2 1566 2521 7 0 0 0 0 432 2002 1662 0 0 0 0 0
0 226 3789 81 0 0 0 0 0 1747 2334 15 0 0 0 0 573 1960 1562 1 0 0 0 0
0 41 3895 160 0 0 0 0 5 1662 2372 57 0 0 0 0 644 1790 1600 62 0 0 0 0
0 195 3787 114 0 0 0 0 0 1680 2411 5 0 0 0 0 751 1712 1631 2 0 0 0 0
0 283 3619 181 13 0 0 0 0 1739 2280 74 3 0 0 0 555 1909 1545 71 16 0 0 0
0 148 3770 178 0 0 0 0 0 1438 2639 19 0 0 0 0 417 1971 1708 0 0 0 0 0
0 997 2874 225 0 0 0 0 140 1518 2388 50 0 0 0 0 701 1899 1494 2 0 0 0 0
0 553 3384 159 0 0 0 0 5 1812 2215 64 0 0 0 0 665 1906 1525 0 0 0 0 0
0 646 3271 179 0 0 0 0 0 1824 2245 27 0 0 0 0 807 1881 1408 0 0 0 0 0
0 1078 2831 186 1 0 0 0 71 1829 2152 44 0 0 0 0 774 1992 1288 42 0 0 0 0
0 1131 2824 121 20 0 0 0 18 1858 2182 23 15 0 0 0 682 1966 1410 24 14 0 0 0
1 1392 2655 48 0 0 0 0 16 2316 1757 7 0 0 0 0 331 2649 1110 6 0 0 0 0
32 1589 2410 64 1 0 0 0 164 2429 1466 36 1 0 0 0 389 2712 956 37 2 0 0 0
0 1948 2148 0 0 0 0 0 9 2951 1136 0 0 0 0 0 400 3027 669 0 0 0 0 0
0 2626 1458 12 0 0 0 0 11 3257 827 1 0 0 0 0 471 3072 544 9 0 0 0 0
0 0 229 892 173 2802 0 0 0 0 146 451 646 180 2673 0 0 0 0 249 898 130 215 2604
0 0 226 1027 175 2668 0 0 0 0 153 600 627 141 2575 0 0 0 0 310 914 161 216 2495
0 0 242 1054 188 2593 19 0 0 0 124 642 651 203 2476 0 0 0 0 237 1051 119 267 2422
0 0 125 1115 270 2584 2 0 0 0 209 488 703 223 2473 0 0 0 0 177 1066 157 336 2360
0 0 17 1109 354 2614 2 0 0 0 158 495 777 261 2405 0 0 0 0 217 1031 159 261 2428
0 0 157 1092 795 1928 52 72 0 0 178 440 1039 1190 1142 107 0 0 9 380 985 737 762 1223
0 118 1603 1607 626 47 29 66 3 574 1240 1319 802 59 24 75 80 506 817 1256 1182 150 27 78
0 32 1527 1730 726 79 2 0 0 717 901 1492 900 85 1 0 30 708 686 1182 1085 373 32 0
0 46 1029 2567 404 49 1 0 3 457 613 2496 474 53 0 0 26 502 358 2091 1022 89 8 0
0 79 1573 2010 262 48 26 98 0 386 1339 1916 293 49 20 93 20 412 936 1836 687 62 53 90
0 14 1868 1965 237 12 0 0 0 258 1624 1858 342 14 0 0 19 306 1143 1825 779 24 0 0
0 11 2283 1611 187 4 0 0 0 118 2136 1472 369 1 0 0 0 226 1419 1680 771 0 0 0
0 44 2218 1610 211 13 0 0 0 314 1982 1433 360 7 0 0 33 376 1796 1107 780 4 0 0
0 12 2121 1607 350 6 0 0 0 510 1705 1363 517 1 0 0 23 529 1358 1227 955 4 0 0
0 27 2319 1560 180 9 1 0 0 420 1913 1460 294 8 1 0 41 384 1682 1308 673 7 1 0
2 23 2235 1555 275 6 0 0 3 309 2114 1253 415 2 0 0 3 274 1862 1223 719 15 0 0
0 3 2416 1666 11 0 0 0 0 218 2270 1466 142 0 0 0 5 241 1903 1407 539 1 0 0
0 7 2932 1068 89 0 0 0 0 264 2724 920 188 0 0 0 13 217 2482 923 453 8 0 0
0 10 2955 1025 106 0 0 0 0 74 2905 922 195 0 0 0 0 95 2680 820 487 14 0 0
0 39 2776 1178 103 0 0 0 0 54 2770 1095 177 0 0 0 0 40 2438 1250 366 2 0 0
0 6 2480 1103 507 0 0 0 0 0 2519 991 586 0 0 0 0 3 2094 978 763 258 0 0
0 6 2543 1370 177 0 0 0 0 32 3165 765 134 0 0 0 2 105 3145 663 150 31 0 0
0 83 1432 2581 0 0 0 0 0 105 3595 395 1 0 0 0 1 237 3618 240 0 0 0 0
0 116 2769 954 251 6 0 0 0 135 2746 758 447 10 0 0 0 219 2487 505 818 64 3 0
0 134 2813 879 270 0 0 0 0 132 2762 845 357 0 0 0 0 189 2479 747 642 39 0 0
0 7 3029 777 283 0 0 0 0 4 2950 781 361 0 0 0 0 20 2474 988 580 34 0 0
0 66 3122 709 199 0 0 0 0 55 3097 715 229 0 0 0 0 146 2559 840 521 30 0 0
0 42 2948 954 152 0 0 0 0 93 2833 970 200 0 0 0 0 88 2427 1122 459 0 0 0
0 10 3167 698 221 0 0 0 0 8 3129 647 312 0 0 0 0 4 2825 719 548 0 0 0
0 68 3001 860 167 0 0 0 0 129 2941 683 343 0 0 0 0 139 2619 827 511 0 0 0
0 248 2962 672 214 0 0 0 0 250 2934 540 372 0 0 0 0 284 2536 624 652 0 0 0
0 0 3230 691 175 0 0 0 0 19 3203 552 322 0 0 0 0 71 2860 579 581 5 0 0
0 136 2875 781 304 0 0 0 0 237 2784 797 278 0 0 0 0 262 2495 831 505 3 0 0
0 54 1830 899 1206 87 20 0 0 104 1760 719 1369 105 39 0 0 33 1359 837 1013 777 77 0
0 66 3502 525 3 0 0 0 0 80 3443 551 22 0 0 0 0 172 2980 822 122 0 0 0
0 270 2925 851 50 0 0 0 0 237 2944 864 51 0 0 0 0 274 2565 948 307 2 0 0
0 431 2881 782 2 0 0 0 0 438 2808 835 15 0 0 0 0 649 2287 897 263 0 0 0
1 1175 2309 582 29 0 0 0 1 1032 2334 601 128 0 0 0 0 1080 2017 671 325 3 0 0
0 59 942 1138 363 1483 111 0 0 9 869 1015 485 434 1268 16 0 2 305 861 815 334 494 1285
0 0 546 950 355 2169 76 0 0 0 400 907 388 412 1983 6 0 0 28 543 839 198 476 2012
0 24 613 891 336 2130 102 0 0 1 462 892 371 393 1957 20 0 0 39 602 766 262 385 2042
0 4 431 970 277 2368 46 0 0 0 361 878 339 236 2279 3 0 0 31 606 713 185 327 2234
0 11 543 977 382 2083 100 0 0 2 403 874 465 353 1988 11 0 0 45 641 718 257 548 1887
0 37 682 878 753 1590 78 78 0 5 550 869 498 982 1093 99 0 2 135 791 730 570 791 1077
0 36 909 1591 1249 178 53 80 0 18 888 1482 1261 270 89 88 0 6 488 1261 895 1237 123 86
0 22 932 1857 1014 193 61 17 0 3 806 1509 1438 215 101 24 0 9 642 949 1708 613 150 25
0 0 105 2898 917 176 0 0 0 0 24 2519 1296 252 5 0 0 0 8 1531 1830 658 69 0
0 0 789 2367 391 243 81 225 0 0 636 2480 404 255 85 236 0 0 815 2130 402 294 221 234
0 1 1455 2037 323 246 21 13 0 0 1212 2233 288 315 29 19 0 14 1156 1998 457 386 74 11
0 0 1708 2177 171 40 0 0 0 0 958 2885 202 51 0 0 0 0 857 2949 226 64 0 0
0 2 3036 586 247 61 35 129 0 2 2900 696 255 67 47 129 0 40 2020 1472 254 125 27 158
0 0 1989 1546 293 162 23 83 0 0 2045 1474 313 158 29 77 0 0 1547 1939 269 157 99 85
0 0 1956 1976 148 16 0 0 0 0 1707 2211 152 26 0 0 0 0 902 2975 183 36 0 0
0 0 2543 1055 305 166 9 18 0 0 2481 1108 265 215 8 19 0 0 1897 1641 256 257 25 20
0 0 2706 1068 314 8 0 0 0 0 2545 1179 348 24 0 0 0 8 1784 1850 401 53 0 0
0 0 3336 756 4 0 0 0 0 0 3377 715 4 0 0 0 0 0 2640 1448 8 0 0 0
0 7 3228 849 12 0 0 0 0 5 3217 852 22 0 0 0 0 37 2938 1088 33 0 0 0
0 0 2951 971 174 0 0 0 0 0 3014 920 162 0 0 0 0 12 2517 1309 255 3 0 0
0 0 2048 1138 872 38 0 0 0 0 2057 1077 802 160 0 0 0 0 1280 1634 441 734 7 0
0 4 2518 931 488 123 12 20 0 78 2644 539 631 165 27 12 0 349 2311 410 471 475 80 0
0 88 1960 1724 288 36 0 0 0 361 2995 397 268 73 2 0 1 526 2803 373 225 128 40 0
0 8 3111 471 506 0 0 0 0 0 3114 234 747 1 0 0 0 0 2942 253 451 450 0 0
0 124 2299 1149 524 0 0 0 0 83 2240 1040 733 0 0 0 0 23 2030 813 980 250 0 0
0 1 3037 855 203 0 0 0 0 0 2993 801 302 0 0 0 0 4 2833 758 494 7 0 0
0 20 3199 751 126 0 0 0 0 19 3178 716 183 0 0 0 0 72 2616 959 443 6 0 0
0 27 2851 1027 191 0 0 0 0 34 2799 1012 251 0 0 0 0 15 2380 1178 522 1 0 0
0 5 3130 806 155 0 0 0 0 5 3090 769 232 0 0 0 0 0 2487 1128 481 0 0 0
0 63 2869 1001 163 0 0 0 0 58 2911 948 179 0 0 0 0 120 2302 1295 379 0 0 0
0 197 3009 737 153 0 0 0 0 172 3027 640 257 0 0 0 0 256 2463 1024 344 9 0 0
0 20 3139 872 65 0 0 0 0 9 3076 867 144 0 0 0 0 26 2650 932 484 4 0 0
0 86 3276 620 111 3 0 0 0 132 3179 558 223 4 0 0 0 155 2796 746 364 35 0 0
0 24 1444 1037 1448 143 0 0 0 53 1336 614 1848 222 23 0 0 30 940 796 1195 1071 64 0
0 2 4041 52 1 0 0 0 0 4 4025 62 5 0 0 0 0 43 3872 177 4 0 0 0
0 179 3547 199 171 0 0 0 0 221 3524 191 160 0 0 0 0 261 3327 391 117 0 0 0
0 210 3468 367 51 0 0 0 0 232 3439 378 47 0 0 0 0 389 3235 429 43 0 0 0
0 296 3796 4 0 0 0 0 0 391 3700 5 0 0 0 0 0 482 3598 16 0 0 0 0
0 8 688 484 720 1746 444 6 0 1 599 397 539 897 1617 46 0 0 295 410 254 466 882 1789
0 45 1015 533 666 1415 415 7 0 1 921 483 535 759 1344 53 0 2 543 510 308 500 780 1453
0 31 955 472 457 1739 422 20 0 3 808 486 445 476 1815 63 0 1 454 531 308 382 524 1896
0 17 412 387 419 2506 350 5 0 0 248 395 400 418 2579 56 0 0 135 271 216 354 567 2553
0 2 69 242 333 3151 299 0 0 0 19 136 319 315 3271 36 0 0 0 7 97 279 378 3335
0 3 94 655 1030 1945 221 148 0 1 30 410 870 1078 1524 183 0 0 1 110 655 906 747 1677
0 1 677 1290 2044 84 0 0 0 2 502 1083 1996 513 0 0 0 0 204 832 1349 1647 64 0
0 3 829 1650 1493 121 0 0 0 2 717 1214 1901 258 4 0 0 0 380 955 1732 964 65 0
0 0 63 2414 1412 204 3 0 0 0 42 2019 1601 398 36 0 0 0 11 728 2087 1166 104 0
0 0 425 2659 479 271 111 151 0 0 346 2653 527 263 146 161 0 2 410 1937 912 403 247 185
0 0 696 2555 329 339 67 110 0 0 436 2719 376 323 103 139 0 5 479 2039 818 318 289 148
0 0 748 3043 211 94 0 0 0 0 321 3449 225 101 0 0 0 0 172 3495 321 100 8 0
0 0 1867 1622 252 130 71 154 0 0 1214 2247 231 173 59 172 0 44 893 2400 257 226 99 177
0 1 727 2673 317 238 68 72 0 1 544 2825 272 287 76 91 0 0 469 2425 660 298 171 73
0 0 245 3392 378 81 0 0 0 0 80 3416 505 95 0 0 0 0 28 2537 1385 144 2 0
0 2 582 2736 264 171 75 266 0 0 404 2744 424 149 108 267 0 4 425 2186 885 193 135 268
0 1 941 2447 442 174 13 78 0 0 719 2600 435 237 24 81 0 0 628 2188 836 340 27 77
0 0 1811 2150 135 0 0 0 0 0 829 3099 167 1 0 0 0 0 549 3157 379 11 0 0
0 0 2426 1357 270 8 12 23 0 0 2053 1643 345 20 10 25 0 0 1317 2289 435 19 8 28
0 0 1589 2004 417 86 0 0 0 0 1209 2359 415 113 0 0 0 0 713 2766 453 159 5 0
0 0 504 2795 684 113 0 0 0 0 271 2864 628 329 4 0 0 0 130 2664 675 563 64 0
0 0 1310 1862 406 254 90 174 0 25 2386 507 639 261 150 128 0 163 2316 300 587 457 266 7
0 42 906 2518 407 204 19 0 0 109 2931 431 224 344 57 0 0 217 2951 309 169 246 204 0
0 28 1877 856 1183 142 10 0 0 0 1688 1008 1117 258 25 0 0 8 880 1711 214 1152 131 0
0 120 2210 1292 474 0 0 0 0 44 2156 1018 859 19 0 0 0 34 1436 1230 1192 193 11 0
0 0 2996 963 137 0 0 0 0 0 2728 1201 167 0 0 0 0 0 1468 2379 247 2 0 0
0 5 2448 1641 2 0 0 0 0 6 2387 1698 5 0 0 0 0 11 1098 2920 67 0 0 0
0 8 1877 1983 226 2 0 0 0 7 1578 2264 234 13 0 0 0 5 983 2772 315 21 0 0
0 0 2553 1543 0 0 0 0 0 0 2250 1846 0 0 0 0 0 0 848 3248 0 0 0 0
0 36 2465 1550 45 0 0 0 0 32 2330 1658 76 0 0 0 0 7 1450 2471 168 0 0 0
0 114 3199 771 12 0 0 0 0 113 2978 985 20 0 0 0 0 148 1956 1937 55 0 0 0
0 5 3095 843 150 3 0 0 0 1 2898 848 344 5 0 0 0 0 2025 1389 643 39 0 0
1 21 1819 1360 819 76 0 0 0 10 1672 1079 1117 212 6 0 0 4 887 1444 885 800 76 0
0 12 1386 1442 1028 201 23 4 0 18 1095 1334 1350 226 69 4 0 0 407 1477 1232 877 97 6
0 0 3762 334 0 0 0 0 0 0 3549 547 0 0 0 0 0 0 2405 1691 0 0 0 0
0 124 3431 281 235 25 0 0 0 119 3350 364 214 49 0 0 0 65 2646 1100 247 38 0 0
0 161 3413 263 259 0 0 0 0 156 3423 250 265 2 0 0 0 86 3134 684 192 0 0 0
0 185 3911 0 0 0 0 0 0 138 3953 5 0 0 0 0 0 109 3822 165 0 0 0 0
0 7 102 377 764 1687 1155 4 0 1 34 247 584 866 2207 157 0 0 1 22 207 508 918 2440
0 2 84 375 786 1650 1195 4 0 1 32 227 577 934 2196 129 0 0 2 15 179 539 1095 2266
0 4 96 360 811 1550 1261 14 0 1 45 209 595 980 2120 146 0 0 1 23 183 550 1030 2309
0 4 426 497 767 1438 944 20 0 1 309 452 548 961 1719 106 0 0 158 373 233 526 980 1826
0 19 755 524 581 1277 927 13 0 3 529 593 480 735 1633 123 0 0 347 507 304 441 835 1662
0 20 798 946 849 1051 363 69 0 4 664 761 850 904 769 144 0 0 509 386 981 736 659 825
0 1 728 1085 2029 250 3 0 0 0 407 970 2112 577 30 0 0 0 120 801 1485 1388 296 6
0 0 469 1254 2222 148 3 0 0 0 381 1033 2383 284 15 0 0 0 66 921 1379 1625 105 0
0 0 44 874 2862 304 12 0 0 0 13 459 2912 657 55 0 0 0 2 127 1391 2402 172 2
0 0 235 2117 1105 396 104 139 0 0 80 1631 1560 560 103 162 0 0 32 886 1766 873 366 173
0 0 182 2550 770 290 111 193 0 0 60 1985 1394 346 121 190 0 0 60 945 2134 464 270 223
0 0 74 2911 1001 108 2 0 0 0 25 2436 1502 122 11 0 0 0 1 1042 2518 469 66 0
0 0 415 2000 1284 134 39 224 0 0 315 1747 1588 173 44 229 0 0 211 837 1887 838 104 219
0 5 242 1784 1639 374 51 1 0 1 120 1415 2052 428 77 3 0 0 69 709 2015 1112 183 8
0 1 27 1237 2757 74 0 0 0 0 17 589 3285 205 0 0 0 0 3 82 2256 1747 8 0
0 1 141 1510 1887 225 117 215 0 0 111 1057 2321 252 134 221 0 3 12 695 1814 1110 230 232
0 2 318 1521 1720 328 93 114 0 2 265 1021 2158 430 63 157 0 2 137 609 1762 1344 92 150
0 0 42 2530 1524 0 0 0 0 0 19 1767 2302 8 0 0 0 0 0 554 2814 728 0 0
0 0 505 2392 911 129 43 116 0 0 314 1982 1475 165 44 116 0 0 288 912 2323 416 41 116
0 0 357 2305 1121 187 32 94 0 0 243 1995 1462 254 43 99 0 0 126 1097 2085 611 74 103
0 0 26 1974 1916 180 0 0 0 0 13 1632 2000 449 2 0 0 0 5 318 2638 1047 88 0
0 6 902 1879 902 209 99 99 0 10 1804 750 1061 311 95 65 0 120 1723 471 853 769 148 12
0 61 678 2358 723 270 6 0 0 70 2309 674 618 380 45 0 6 123 2266 609 362 561 169 0
0 59 261 2251 1292 212 21 0 0 22 204 2029 1442 344 55 0 0 19 99 1117 1533 1151 175 2
0 77 649 2716 652 2 0 0 0 37 582 2199 1264 14 0 0 0 39 329 1277 2118 322 11 0
2 19 423 3199 394 58 1 0 0 18 157 3109 747 62 3 0 0 4 49 1997 1893 137 16 0
0 4 441 3229 422 0 0 0 0 0 385 2669 1042 0 0 0 0 0 230 1555 2269 42 0 0
0 15 516 2809 697 57 2 0 0 3 434 2371 1205 76 7 0 0 5 301 1148 2472 157 13 0
0 15 144 3593 344 0 0 0 0 12 85 3029 970 0 0 0 0 1 25 1525 2508 37 0 0
0 35 515 2842 685 19 0 0 0 10 416 2204 1433 33 0 0 0 7 220 1390 2313 166 0 0
0 108 729 2895 355 9 0 0 0 69 579 2627 807 14 0 0 0 29 318 1648 2042 59 0 0
0 1 971 2879 245 0 0 0 0 0 478 2913 705 0 0 0 0 0 52 1957 2063 24 0 0
5 72 640 2263 854 242 20 0 1 34 523 1992 1111 390 45 0 0 22 129 1232 1873 672 161 7
1 68 505 1742 1360 300 108 12 1 37 425 1511 1639 303 158 22 1 11 120 992 1475 1234 249 14
0 0 785 3311 0 0 0 0 0 0 372 3698 26 0 0 0 0 0 15 2936 1145 0 0 0
0 81 1299 2353 249 101 13 0 0 58 797 2772 332 119 18 0 0 33 328 2503 1076 131 25 0
0 89 1742 1882 309 74 0 0 0 76 1396 2183 314 125 2 0 0 4 377 2174 1393 146 2 0
0 105 2630 1361 0 0 0 0 0 72 2155 1868 1 0 0 0 0 67 876 2359 794 0 0 0
0 4 93 399 638 1158 1770 34 0 0 28 244 578 728 2198 320 0 0 0 29 233 530 775 2529
0 5 68 343 768 1184 1701 27 0 0 34 206 522 885 2116 333 0 0 0 15 175 541 980 2385
0 3 62 383 719 1202 1694 33 0 0 20 212 587 917 2053 307 0 0 0 14 181 557 985 2359
0 2 78 313 686 1373 1627 17 0 0 34 189 477 1002 2113 281 0 0 0 19 186 465 1045 2381
0 2 64 303 710 1435 1564 18 0 0 22 184 470 1059 2129 232 0 0 0 17 186 478 1115 2300
0 33 286 833 976 962 820 186 0 29 266 666 906 827 1085 317 1 21 102 533 708 739 781 1211
4 50 1167 1811 933 129 2 0 0 38 934 1892 1057 160 15 0 0 7 207 2065 1180 503 124 10
5 60 494 2163 1308 66 0 0 2 51 304 1919 1618 200 2 0 0 4 78 1123 1899 939 53 0
0 0 63 673 3276 83 1 0 0 0 32 434 3381 246 3 0 0 0 0 100 1197 2772 27 0
0 0 101 1476 2009 263 80 167 0 0 34 864 2471 467 94 166 0 0 5 698 1557 1421 238 177
0 0 57 1300 2117 280 83 259 0 0 35 879 2368 501 38 275 0 0 9 644 1491 1454 259 239
0 0 38 677 3332 49 0 0 0 0 25 352 3616 103 0 0 0 0 1 62 1484 2536 13 0
0 0 229 1116 2362 116 62 211 0 0 177 810 2671 155 52 231 0 0 47 653 980 2092 97 227
0 1 108 1047 2628 305 7 0 0 0 40 709 2840 480 27 0 0 0 9 493 1038 2458 98 0
0 1 41 453 3548 53 0 0 0 0 19 255 3579 243 0 0 0 0 1 62 877 3155 1 0
0 1 46 1066 2448 285 116 134 0 0 34 794 2628 382 95 163 0 0 14 603 1000 2123 203 153
0 2 111 939 2434 308 66 236 0 2 55 749 2467 516 72 235 0 2 11 595 773 2324 152 239
0 0 43 657 3394 2 0 0 0 0 24 333 3657 82 0 0 0 0 1 60 1142 2893 0 0
0 3 199 1315 2160 134 77 208 0 0 78 1011 2485 237 75 210 0 0 104 594 1640 1474 70 214
0 2 57 1305 2405 222 99 6 0 1 36 869 2656 418 97 19 0 0 8 466 1501 1959 118 44
0 0 31 814 2861 348 42 0 0 0 17 368 3074 552 85 0 0 0 2 58 1706 2156 174 0
0 0 932 1753 697 358 189 167 0 0 2188 500 654 400 242 112 0 45 2343 229 358 718 376 27
0 66 970 2425 413 218 4 0 0 96 2743 625 273 350 9 0 5 226 2718 565 78 434 70 0
0 41 224 1423 2228 162 18 0 0 9 145 639 2902 376 25 0 0 0 80 302 2429 1194 85 6
0 75 434 2064 1520 3 0 0 0 14 351 1282 2431 18 0 0 0 5 235 550 2679 625 2 0
0 1 82 2203 1801 9 0 0 0 0 44 1056 2964 32 0 0 0 0 12 225 3524 335 0 0
0 5 317 1666 2108 0 0 0 0 0 269 1050 2777 0 0 0 0 0 135 352 2693 916 0 0
0 6 354 1435 2264 36 1 0 0 1 266 933 2821 74 1 0 0 7 165 449 2327 1131 17 0
0 1 43 1791 2261 0 0 0 0 0 18 963 3115 0 0 0 0 0 1 104 3103 888 0 0
0 24 298 1484 2289 1 0 0 0 2 259 936 2883 16 0 0 0 0 140 342 2794 820 0 0
0 74 332 2255 1430 5 0 0 0 24 241 1396 2425 10 0 0 0 0 159 468 2918 551 0 0
0 4 90 2785 1217 0 0 0 0 2 45 1282 2767 0 0 0 0 0 5 184 3675 232 0 0
0 0 59 1674 1761 524 78 0 0 0 21 930 2317 684 144 0 0 0 0 162 2373 1209 352 0
0 15 228 1747 1518 363 225 0 0 38 165 1089 2149 315 327 13 0 0 61 411 1989 1060 510 65
0 0 188 3892 16 0 0 0 0 0 68 3475 553 0 0 0 0 0 2 1172 2922 0 0 0
0 51 513 2918 459 138 17 0 0 42 383 2759 725 144 43 0 0 0 186 1327 2295 216 72 0
0 78 522 3024 169 271 32 0 0 60 425 2926 364 255 66 0 0 1 127 1153 2460 279 76 0
0 21 1800 2227 41 7 0 0 0 5 630 3390 62 9 0 0 0 12 104 3022 925 32 1 0
0 3 77 337 612 865 2103 99 0 1 31 210 477 748 1948 681 0 0 1 29 214 501 815 2536
0 5 85 327 661 879 2033 106 0 2 36 198 509 758 1874 719 0 0 2 36 203 517 837 2501
0 3 62 309 653 929 2073 67 0 1 36 184 471 832 1952 620 0 0 1 27 179 516 882 2491
0 4 78 304 640 1057 1969 44 0 1 19 186 441 928 1933 588 0 0 0 27 201 472 959 2437
0 0 67 260 564 1199 1967 39 0 0 27 168 356 931 2122 492 0 0 0 17 178 413 1077 2411
0 6 140 705 1067 1000 945 233 0 3 85 626 968 887 1074 453 1 1 42 399 742 921 727 1263
0 0 345 1230 2265 172 84 0 0 0 210 1125 2432 195 134 0 0 0 7 774 1617 1482 144 72
0 0 167 1554 2180 195 0 0 0 0 67 1308 2361 359 1 0 0 0 3 685 1622 1687 99 0
0 0 54 533 3256 252 1 0 0 0 24 337 3212 517 6 0 0 0 0 90 1174 2763 69 0
0 0 58 1207 2309 296 105 121 0 0 30 816 2439 568 112 131 0 0 5 607 1913 1194 236 141
0 1 38 961 2320 433 62 281 0 0 26 748 2461 513 64 284 0 0 3 486 1285 1763 288 271
0 0 34 638 3359 61 4 0 0 0 21 331 3536 200 8 0 0 0 3 90 1490 2485 28 0
0 0 55 1381 2299 92 59 210 0 0 33 982 2677 123 63 218 0 0 4 680 1582 1519 111 200
0 0 53 1056 2692 289 6 0 0 0 36 744 2832 466 18 0 0 0 4 417 1270 2350 55 0
0 1 44 517 3481 53 0 0 0 0 26 284 3563 223 0 0 0 0 4 90 1031 2964 7 0
0 0 46 979 2572 329 45 125 0 0 23 751 2765 355 72 130 0 0 3 528 1251 1953 215 146
0 0 81 910 2453 318 70 264 0 0 43 677 2608 427 69 272 0 0 18 519 927 2223 105 304
0 0 40 687 3329 40 0 0 0 0 24 335 3623 114 0 0 0 0 0 59 1156 2878 3 0
0 0 41 1324 2349 83 104 195 0 0 23 957 2669 124 78 245 0 0 7 592 1690 1504 69 234
0 0 42 1044 2683 320 7 0 0 0 23 782 2762 507 22 0 0 0 1 482 1482 2043 88 0
0 3 18 886 2869 311 9 0 0 2 6 372 3064 620 32 0 0 0 4 56 2136 1748 152 0
0 0 449 2231 828 322 100 166 0 2 2113 577 768 393 129 114 0 9 2357 317 409 778 213 13
0 101 2181 1222 258 313 21 0 0 183 2896 418 151 415 33 0 6 621 2544 342 42 376 165 0
0 34 170 2129 1624 139 0 0 0 9 125 1240 2404 288 30 0 0 0 91 290 2487 1135 93 0
0 33 419 2969 675 0 0 0 0 8 361 1982 1743 2 0 0 0 7 199 749 2882 259 0 0
0 0 22 3031 1035 8 0 0 0 0 8 1596 2459 33 0 0 0 0 0 113 3851 132 0 0
0 2 298 2056 1740 0 0 0 0 0 252 1212 2632 0 0 0 0 0 147 292 3328 329 0 0
0 2 313 1692 1893 102 86 8 0 0 219 1028 2590 147 93 19 0 0 90 489 2723 681 81 32
0 4 95 2682 1315 0 0 0 0 0 52 1207 2837 0 0 0 0 0 9 173 3805 109 0 0
0 4 336 1614 1967 52 58 65 0 0 265 982 2667 55 56 71 0 0 108 443 2994 430 39 82
0 29 333 2315 1328 48 13 30 0 5 254 1561 2187 44 13 32 0 0 151 539 3089 249 34 34
0 0 22 3339 735 0 0 0 0 0 2 1420 2674 0 0 0 0 0 0 154 3646 296 0 0
0 0 8 2126 1302 582 73 5 0 0 0 1174 2113 631 173 5 0 0 0 160 2470 1181 285 0
0 3 256 1914 1362 459 102 0 0 2 210 1210 2004 460 209 1 0 0 26 620 1778 1306 362 4
0 0 172 3874 50 0 0 0 0 0 74 3775 247 0 0 0 0 0 6 2082 1995 13 0 0
0 55 395 2951 571 123 1 0 0 23 231 2972 704 165 1 0 0 5 132 2128 1543 283 5 0
1 64 649 2843 384 151 4 0 0 35 385 3063 364 235 14 0 0 3 145 2563 1036 333 16 0
0 2 686 3338 59 11 0 0 0 1 159 3844 75 16 1 0 0 0 21 2818 1213 40 4 0
0 2 60 284 602 748 2111 289 0 0 30 199 479 719 1534 1135 0 0 1 32 210 544 789 2520
0 2 79 262 570 774 2154 255 0 0 36 209 431 748 1478 1194 0 0 1 55 205 520 789 2526
0 2 64 255 532 835 2219 189 0 1 34 152 412 764 1546 1187 0 0 1 32 186 489 841 2547
0 1 60 236 556 962 2108 173 0 0 18 154 389 834 1649 1052 0 0 0 32 178 453 958 2475
0 3 66 225 513 1080 2074 135 0 1 21 143 377 853 1797 904 0 0 2 30 180 474 981 2429
0 2 84 764 1081 842 1068 255 0 1 58 653 992 793 1021 578 0 0 50 375 790 881 779 1221
0 0 309 1009 2541 191 46 0 0 0 155 974 2666 227 74 0 0 0 1 685 1772 1430 190 18
0 0 163 1604 2249 80 0 0 0 0 101 1195 2550 250 0 0 0 0 9 784 1757 1518 28 0
0 1 49 403 3372 270 1 0 0 0 25 262 3244 564 1 0 0 0 5 87 1046 2894 64 0
0 0 45 970 2490 359 71 161 0 0 30 729 2464 626 77 170 0 0 5 437 1705 1543 219 187
0 0 31 893 2438 419 63 252 0 0 22 697 2506 521 91 259 0 0 3 579 1273 1667 294 280
0 0 51 550 3354 120 21 0 0 0 19 344 3444 250 39 0 0 0 0 111 1187 2715 83 0
0 0 48 1420 2254 121 145 108 0 0 34 1058 2574 168 129 133 0 0 11 695 1569 1553 148 120
0 0 39 1031 2655 369 2 0 0 0 21 716 2847 493 19 0 0 0 13 421 1178 2399 84 1
0 2 34 559 3392 109 0 0 0 1 20 316 3502 257 0 0 0 0 3 83 1465 2524 21 0
0 1 42 971 2621 320 47 94 0 0 27 754 2685 476 55 99 0 0 2 390 1314 2142 149 99
0 1 48 907 2523 288 95 234 0 0 24 694 2611 431 85 251 0 0 5 454 1013 2223 148 253
0 1 38 556 3478 23 0 0 0 0 22 290 3644 140 0 0 0 0 2 52 915 3115 12 0
0 2 44 1305 2344 110 153 138 0 0 29 913 2663 193 125 173 0 0 15 586 1634 1558 125 178
0 0 34 1038 2724 299 1 0 0 0 19 743 2806 526 2 0 0 0 7 468 1236 2345 40 0
0 0 63 898 2849 277 9 0 0 0 25 477 3089 491 14 0 0 0 1 134 1854 2001 106 0
0 0 279 2490 983 226 84 34 0 0 1880 893 914 305 95 9 0 20 2042 791 402 787 54 0
0 75 876 2531 331 263 20 0 0 100 2224 1133 247 356 36 0 1 269 2642 555 85 486 58 0
0 31 263 2454 1028 247 46 27 0 21 172 1967 1421 415 72 28 0 4 121 477 2446 858 168 22
0 22 493 2643 934 4 0 0 0 3 399 2094 1576 24 0 0 0 7 228 802 2438 621 0 0
0 0 4 3405 686 1 0 0 0 0 0 2509 1575 12 0 0 0 0 0 170 3878 48 0 0
0 0 222 2129 1745 0 0 0 0 0 173 1336 2583 4 0 0 0 0 84 376 3292 344 0 0
0 0 280 1959 1777 80 0 0 0 0 200 1085 2690 119 2 0 0 0 110 410 3201 358 17 0
0 2 87 2452 1555 0 0 0 0 2 53 1179 2862 0 0 0 0 0 15 173 3611 297 0 0
0 1 295 1294 2489 17 0 0 0 0 226 826 3007 37 0 0 0 0 103 372 2532 1089 0 0
0 8 303 2114 1640 12 7 12 0 0 264 1377 2417 18 5 15 0 0 146 538 2989 404 6 13
0 0 25 2316 1755 0 0 0 0 0 14 1027 3055 0 0 0 0 0 0 103 3524 469 0 0
0 0 28 1771 1480 571 162 84 0 0 14 971 2222 585 207 97 0 0 0 156 2333 1082 444 81
0 0 269 1598 1664 405 158 2 0 0 179 1272 2018 404 205 18 0 0 1 664 1870 1182 369 10
0 3 158 3812 123 0 0 0 0 3 76 3747 270 0 0 0 0 0 16 2020 2058 2 0 0
0 10 415 2964 581 122 4 0 0 4 294 2936 699 155 7 1 0 1 126 2288 1362 305 13 1
0 45 558 2960 408 123 2 0 0 22 346 3080 449 197 2 0 0 2 169 2119 1556 245 5 0
0 1 364 3564 140 24 3 0 0 0 92 3788 182 27 6 1 0 0 16 2657 1332 82 8 1
0 8 698 1357 607 441 853 132 0 13 949 1026 565 393 604 546 0 13 839 976 476 409 441 942
0 5 669 1080 598 489 1073 182 0 7 790 875 558 466 630 770 0 27 707 753 453 456 446 1254
0 12 675 960 775 601 923 150 0 30 717 762 698 582 721 586 0 73 634 681 538 524 618 1028
2 8 270 1527 740 642 839 68 2 7 285 1452 629 551 760 410 2 4 222 1397 577 414 588 892
0 13 483 1755 646 499 617 83 0 20 596 1589 537 447 574 333 2 116 561 1411 499 388 441 678
8 36 490 1278 1305 457 363 159 7 37 502 1166 1249 483 390 262 1 37 378 963 1074 866 361 416
0 0 272 1369 2260 163 32 0 0 0 165 1129 2543 192 67 0 0 0 21 644 2274 1009 148 0
0 0 64 1286 2571 169 6 0 0 0 44 912 2804 314 22 0 0 0 2 607 1787 1613 87 0
0 0 36 351 3518 191 0 0 0 0 16 235 3248 597 0 0 0 0 4 93 1015 2973 11 0
0 0 30 989 2501 326 112 138 0 0 20 682 2420 717 93 164 0 0 2 400 1561 1718 270 145
0 0 52 902 2452 366 93 231 0 0 29 681 2535 503 116 232 0 0 14 497 1552 1505 295 233
0 0 33 552 3336 172 3 0 0 0 11 342 3439 295 9 0 0 0 0 82 1265 2680 69 0
0 0 74 1386 2310 99 138 89 0 0 43 1067 2643 104 70 169 0 0 16 789 1727 1304 154 106
0 0 41 1043 2704 308 0 0 0 0 23 778 2771 512 12 0 0 0 8 462 1510 2072 44 0
0 0 33 612 3367 84 0 0 0 0 17 301 3509 269 0 0 0 0 0 82 1542 2468 4 0
0 1 43 980 2501 471 64 36 0 0 23 818 2484 664 41 66 0 0 6 527 1135 2199 157 72
0 3 72 910 2609 468 33 1 0 0 33 717 2661 619 61 5 0 0 12 431 1118 2391 137 7
0 0 44 504 3525 23 0 0 0 0 27 295 3618 156 0 0 0 0 2 90 1008 2992 4 0
0 2 147 1920 1920 72 27 8 0 3 107 1542 2309 91 34 10 0 1 134 796 2463 655 34 13
1 83 392 1336 2150 133 1 0 2 351 427 1012 2237 65 2 0 165 542 319 760 1516 792 2 0
0 122 390 1600 1855 129 0 0 0 343 216 1228 1950 359 0 0 155 243 233 929 1581 937 18 0
0 0 228 2764 911 145 48 0 0 0 1536 1518 708 301 33 0 0 26 2085 971 292 702 20 0
6 82 711 2695 305 182 67 48 0 153 1839 1499 309 180 63 53 0 285 2730 450 297 207 66 61
3 47 636 2394 879 64 35 38 4 37 526 2170 1149 137 34 39 2 11 277 1359 1817 549 34 47
31 39 569 2240 1207 10 0 0 20 42 430 1955 1621 28 0 0 1 54 188 1170 2061 622 0 0
0 5 28 2901 1160 2 0 0 0 3 23 1811 2251 8 0 0 0 0 17 264 3751 64 0 0
0 0 219 1948 1929 0 0 0 0 0 158 1250 2683 5 0 0 0 0 57 476 3156 407 0 0
0 7 236 1664 2070 113 6 0 0 5 199 1168 2571 142 11 0 0 0 78 471 3032 477 38 0
0 5 62 2407 1622 0 0 0 0 3 41 1524 2528 0 0 0 0 0 20 325 3451 300 0 0
0 3 274 1349 2454 16 0 0 0 3 183 1025 2854 31 0 0 0 3 98 393 2571 1031 0 0
0 11 310 2102 1673 0 0 0 0 6 285 1306 2498 1 0 0 0 2 192 512 3109 281 0 0
0 0 41 2087 1968 0 0 0 0 0 15 1030 3050 1 0 0 0 0 9 146 3671 270 0 0
0 2 29 1500 1669 549 232 115 0 2 13 1023 2095 575 264 124 0 2 7 97 2278 1208 404 100
0 0 200 1649 1628 523 96 0 0 0 165 1209 1981 531 204 6 0 0 2 687 1539 1523 341 4
0 0 83 3551 454 8 0 0 0 0 37 2979 1063 17 0 0 0 0 5 1472 2535 84 0 0
0 1 301 3045 348 262 84 55 0 0 210 2964 473 279 101 69 0 1 67 1768 1721 372 105 62
0 12 399 3047 474 101 32 31 0 8 332 3032 508 148 35 33 0 0 150 1852 1834 189 32 39
0 1 189 3744 137 25 0 0 0 0 65 3808 183 38 2 0 0 0 7 1935 2062 84 8 0
10 454 2524 913 168 27 0 0 10 880 2331 725 126 24 0 0 6 613 2556 769 127 25 0 0
8 396 2616 872 190 14 0 0 13 762 2440 712 162 7 0 0 7 519 2507 890 164 9 0 0
11 1054 2061 746 204 20 0 0 20 1224 1958 703 175 16 0 0 14 914 2054 892 195 27 0 0
28 839 1919 1023 270 17 0 0 17 945 1887 969 263 15 0 0 23 696 1929 1146 272 30 0 0
9 681 1804 1301 277 24 0 0 19 847 1970 1014 225 21 0 0 20 666 2018 1150 223 19 0 0
16 447 873 1211 1077 208 84 180 16 542 888 1115 992 253 126 164 9 338 810 1029 906 663 169 172
0 0 297 2742 835 211 11 0 0 0 140 2725 961 230 40 0 0 0 58 1491 2130 268 148 1
0 0 77 1550 2381 86 2 0 0 0 46 1124 2762 160 4 0 0 0 0 788 2259 1029 20 0
0 1 29 552 3448 66 0 0 0 1 21 361 3514 199 0 0 0 0 8 97 2384 1602 5 0
0 0 45 1260 2430 197 44 120 0 0 35 939 2663 283 47 129 0 0 8 715 2251 923 80 119
0 1 53 1032 2437 287 61 225 0 2 39 779 2597 382 55 242 0 0 12 648 2055 1007 126 248
0 0 42 987 2977 89 1 0 0 0 23 477 3420 169 7 0 0 0 4 145 2739 1178 30 0
0 0 183 2145 1462 88 166 52 0 0 126 1663 1989 74 164 80 0 0 95 915 2627 263 124 72
0 7 69 2563 1444 13 0 0 0 4 74 2191 1766 61 0 0 0 2 42 1443 2254 355 0 0
0 0 34 1502 2557 3 0 0 0 0 24 1140 2892 40 0 0 0 0 10 720 2659 707 0 0
0 2 41 1253 2433 269 59 39 0 2 27 959 2657 328 78 45 0 0 8 621 2314 995 98 60
0 0 56 1110 2521 404 5 0 0 0 24 778 2812 468 14 0 0 0 4 463 2299 1295 35 0
0 0 25 706 3365 0 0 0 0 0 16 415 3646 19 0 0 0 0 0 180 2272 1644 0 0
0 0 331 1657 1313 694 101 0 0 111 647 1711 1573 50 4 0 45 618 1043 1115 1213 61 1 0
44 778 1638 887 563 186 0 0 146 1810 1196 885 59 0 0 0 692 2064 1099 226 15 0 0 0
46 1631 795 697 837 90 0 0 508 1515 647 437 820 169 0 0 1148 965 587 262 567 566 1 0
0 9 248 2745 882 116 73 23 0 48 1316 1691 767 220 54 0 16 87 1857 1146 226 752 12 0
0 54 725 2637 378 223 47 32 0 78 1837 1489 315 287 58 32 1 169 2681 557 177 397 75 39
0 0 50 2849 1032 124 14 27 0 0 20 2703 1047 275 22 29 0 0 2 2013 1209 811 30 31
0 2 305 2901 888 0 0 0 0 2 269 2517 1299 9 0 0 0 2 168 1295 2096 535 0 0
0 0 43 3543 505 5 0 0 0 0 28 2744 1316 8 0 0 0 0 10 875 3185 26 0 0
0 0 282 2104 1710 0 0 0 0 0 191 1574 2331 0 0 0 0 0 112 739 3187 58 0 0
0 0 215 1811 1946 123 1 0 0 0 132 1356 2462 142 4 0 0 0 28 678 3179 184 27 0
0 0 39 3063 994 0 0 0 0 0 27 2065 2004 0 0 0 0 0 2 486 3591 17 0 0
0 0 208 2415 1470 3 0 0 0 0 171 1796 2118 11 0 0 0 0 114 513 3394 75 0 0
0 6 416 3251 423 0 0 0 0 3 332 2740 1021 0 0 0 0 2 181 1238 2675 0 0 0
0 0 26 3066 1003 1 0 0 0 0 12 2086 1993 5 0 0 0 0 0 513 3081 502 0 0
0 0 11 1849 1643 389 142 62 0 0 7 1428 2020 404 171 66 0 0 3 212 2483 1093 249 56
0 5 154 1784 1778 332 43 0 0 1 149 1584 1738 543 81 0 0 1 18 959 1459 1579 80 0
0 0 47 3723 290 34 2 0 0 0 29 3667 359 39 2 0 0 0 5 2758 1252 75 6 0
0 3 178 3114 357 289 100 55 0 2 110 3134 363 285 137 65 0 3 27 2743 808 324 141 50
0 16 165 3157 427 180 43 108 0 16 173 3099 458 197 45 108 0 10 70 2867 737 206 83 123
0 8 115 3812 145 14 2 0 0 5 72 3832 161 22 4 0 0 3 35 3497 517 37 7 0
184 1908 1132 663 192 16 1 0 277 1847 1117 655 182 18 0 0 98 1637 1305 811 217 23 5 0
45 1142 1735 917 223 33 1 0 82 1406 1631 737 208 30 2 0 52 1043 1937 824 201 37 2 0
89 948 1909 963 170 17 0 0 94 971 1958 884 175 14 0 0 71 829 1914 1079 192 11 0 0
362 1476 1251 778 197 29 3 0 371 1432 1249 795 209 38 2 0 192 1296 1364 938 253 48 5 0
58 865 1509 1316 329 19 0 0 71 958 1546 1257 249 15 0 0 21 717 1553 1455 322 28 0 0
20 319 649 1523 1126 218 96 145 33 392 751 1416 1037 203 117 147 4 303 618 1213 1158 537 130 133
0 0 217 2796 897 157 29 0 0 0 35 2544 1311 171 35 0 0 0 32 1362 2361 252 89 0
0 0 23 2025 1981 60 7 0 0 0 5 1396 2615 66 14 0 0 0 0 956 2549 555 31 5
0 0 39 764 3272 21 0 0 0 0 21 514 3509 52 0 0 0 0 4 203 3306 581 2 0
0 0 37 1566 2168 120 88 117 0 0 24 1091 2588 182 79 132 0 0 17 741 2623 520 92 103
0 0 35 1232 2440 146 65 178 0 0 35 999 2604 207 70 181 0 2 25 706 2208 899 84 172
0 0 26 1526 2536 8 0 0 0 0 16 762 3306 12 0 0 0 0 3 221 3663 209 0 0
0 0 218 2877 761 106 91 43 0 0 181 2520 1146 90 115 44 0 0 122 1267 2371 233 59 44
0 0 59 2092 1932 13 0 0 0 0 52 1854 2155 35 0 0 0 0 49 1266 2488 293 0 0
0 0 19 1756 2293 28 0 0 0 0 11 1050 2987 48 0 0 0 0 0 294 3642 160 0 0
0 0 18 1416 2436 151 58 17 0 0 9 1003 2779 206 75 24 0 0 4 694 2889 409 74 26
0 0 43 1534 2249 270 0 0 0 0 21 1112 2584 377 2 0 0 0 22 706 2822 541 5 0
0 3 30 1309 2536 214 4 0 0 31 62 1012 2961 30 0 0 49 103 140 508 3147 148 1 0
2 228 1727 1077 618 424 20 0 33 1077 1765 801 386 32 2 0 338 2250 992 282 208 26 0 0
33 1332 2180 468 73 10 0 0 162 2632 952 309 36 5 0 0 863 2386 544 266 35 2 0 0
97 786 1375 1010 824 3 1 0 243 1304 1038 684 824 3 0 0 516 1428 751 393 862 146 0 0
0 166 1432 1671 777 34 9 7 14 401 2173 691 755 54 8 0 75 589 2086 490 177 676 3 0
0 48 908 2444 586 108 2 0 0 127 2267 996 441 261 4 0 2 231 2818 341 135 556 13 0
0 0 9 2892 1072 123 0 0 0 0 2 2807 1020 267 0 0 0 0 0 2463 792 839 2 0
0 4 272 3036 781 3 0 0 0 1 213 2990 879 13 0 0 0 1 194 2245 1146 510 0 0
0 0 24 3757 315 0 0 0 0 0 16 3313 765 2 0 0 0 0 0 1374 2716 6 0 0
0 0 175 3265 656 0 0 0 0 0 148 2558 1390 0 0 0 0 0 88 864 3143 1 0 0
0 0 111 2399 1480 97 9 0 0 0 116 2213 1642 111 14 0 0 0 47 870 3054 110 15 0
0 0 19 2516 1558 3 0 0 0 0 18 2735 1342 1 0 0 0 0 2 741 3342 11 0 0
0 0 119 2965 1012 0 0 0 0 0 134 2086 1876 0 0 0 0 0 137 715 3240 4 0 0
0 0 350 3555 190 1 0 0 0 0 288 3407 401 0 0 0 0 0 189 1994 1908 5 0 0
0 0 23 3350 723 0 0 0 0 0 3 3142 951 0 0 0 0 0 0 1360 2467 269 0 0
0 0 7 2461 1229 365 29 5 0 0 2 2296 1262 484 44 8 0 0 0 1840 1201 1000 52 3
0 0 87 2057 1721 231 0 0 0 0 90 1966 1694 332 14 0 0 0 10 1792 813 1461 20 0
0 0 36 3891 142 27 0 0 0 0 38 3892 133 33 0 0 0 0 9 3717 331 38 1 0
0 2 45 3302 315 240 104 88 0 0 89 3270 289 264 98 86 0 2 24 3132 543 193 113 89
0 0 59 3229 415 212 60 121 0 0 106 3204 458 137 65 126 0 1 75 3162 407 259 87 105
0 0 49 3800 175 67 5 0 0 0 39 3809 177 66 5 0 0 0 28 3734 243 84 7 0
3 16 92 611 1250 1232 531 361 3 17 159 921 1358 887 471 280 0 12 287 1261 1292 473 386 385
0 2 105 694 1284 1286 475 250 0 8 217 967 1328 1042 372 162 0 8 247 1274 1450 561 312 244
0 3 87 549 1292 1447 440 278 0 3 154 782 1550 1072 295 240 0 4 192 1228 1580 602 229 261
0 2 35 490 1341 1375 518 335 0 7 95 810 1493 1049 360 282 0 3 188 1159 1442 630 311 363
0 0 48 477 1414 1456 458 243 0 3 109 696 1681 1061 349 197 0 2 143 1228 1551 630 282 260
0 1 120 799 1573 1083 357 163 0 1 156 877 1745 922 251 144 0 1 112 888 1694 1044 240 117
0 0 109 2474 1117 295 92 9 0 0 27 2145 1435 376 104 9 0 0 9 1019 2439 430 179 20
0 0 67 1710 2063 165 72 19 0 0 47 1399 2356 184 80 30 0 0 28 917 2429 594 104 24
0 0 27 820 3208 41 0 0 0 0 18 552 3483 43 0 0 0 0 2 214 3700 179 1 0
0 0 27 1390 2389 104 87 99 0 0 16 1181 2580 130 92 97 0 0 11 805 2667 434 95 84
0 0 22 1472 2248 84 82 188 0 0 14 1277 2433 98 55 219 0 1 10 930 2482 386 109 178
0 4 48 2122 1701 188 33 0 0 4 32 1019 2794 185 62 0 0 0 15 326 3399 186 151 19
0 1 133 2964 710 95 128 65 0 1 128 2674 987 99 124 83 0 1 132 1797 1777 225 90 74
0 0 37 2466 1520 63 10 0 0 0 43 2161 1795 88 9 0 0 0 16 1252 2523 291 13 1
0 0 4 2795 1162 120 15 0 0 0 2 2308 1640 127 19 0 0 0 5 768 3151 142 29 1
0 0 17 2108 1820 130 21 0 0 0 10 1706 2211 146 23 0 0 0 9 831 2949 273 34 0
0 0 16 2698 1168 193 21 0 0 0 23 2641 1214 200 18 0 0 0 39 1396 2404 229 27 1
0 27 742 1991 1095 220 20 1 4 556 794 1674 1009 50 9 0 210 1076 532 874 1343 52 9 0
2 251 2881 703 132 79 40 8 27 2046 1517 329 91 68 17 1 414 2734 564 234 89 49 11 1
1 944 2428 560 143 17 3 0 30 2572 1077 363 43 9 2 0 755 2478 495 317 45 6 0 0
0 63 1457 1229 1248 96 3 0 1 610 1565 742 1160 17 1 0 132 1348 1023 520 964 109 0 0
0 136 718 2509 716 17 0 0 27 182 1705 1467 697 18 0 0 88 135 1916 1203 442 312 0 0
0 26 1070 2266 671 63 0 0 0 147 2304 893 627 125 0 0 0 580 2335 434 239 508 0 0
0 0 46 2911 1139 0 0 0 0 0 8 2829 1259 0 0 0 0 0 1 2578 913 604 0 0
0 0 242 3063 775 15 1 0 0 0 235 3042 803 15 1 0 0 0 213 2725 694 461 3 0
0 0 22 3617 455 2 0 0 0 0 20 3466 607 3 0 0 0 0 5 2072 2011 8 0 0
0 0 163 3392 502 36 3 0 0 0 173 3307 580 33 3 0 0 0 96 1802 2147 47 4 0
0 11 179 2887 971 48 0 0 0 10 257 2935 852 42 0 0 0 7 104 1512 2379 94 0 0
0 9 37 3303 683 52 10 2 0 10 30 3420 574 50 10 2 0 4 27 1958 1957 135 12 3
0 0 176 3021 848 50 1 0 0 0 202 3129 719 45 1 0 0 0 152 2067 1816 60 1 0
0 20 258 3655 154 9 0 0 0 18 321 3629 121 7 0 0 0 15 298 3056 718 9 0 0
0 2 62 3155 846 27 4 0 0 2 65 3100 884 41 4 0 0 0 26 2567 1161 338 4 0
0 6 47 2799 886 254 96 8 0 6 45 2747 881 306 96 15 0 5 64 2478 900 537 103 9
0 0 67 2078 1807 140 4 0 0 0 96 2016 1749 229 6 0 0 0 8 1941 903 1235 8 1
0 0 55 3887 77 42 25 10 0 0 58 3886 77 41 24 10 0 0 65 3851 105 37 28 10
0 0 55 3372 285 265 101 18 0 0 139 3298 277 264 101 17 0 0 62 3297 409 195 109 24
0 0 38 3397 274 181 66 140 0 0 114 3351 268 163 59 141 0 0 125 3271 277 204 98 121
0 0 60 3847 140 40 8 1 0 0 57 3847 140 40 10 2 0 0 35 3850 154 46 9 2
0 5 85 816 1532 1120 413 125 0 4 178 1167 1534 854 282 77 0 10 281 1320 1498 696 240 51
0 0 48 619 1413 1236 600 180 0 0 96 913 1486 1033 463 105 0 2 156 1046 1524 856 378 134
0 0 57 685 1303 1038 738 275 0 3 132 986 1293 882 648 152 0 11 209 1110 1187 762 522 295
0 0 39 581 1386 1144 660 286 0 0 88 867 1439 925 582 195 0 0 122 976 1357 859 471 311
0 0 38 486 1256 1266 748 302 0 3 85 695 1361 1129 622 201 0 0 121 839 1315 1011 579 231
0 6 149 987 1699 723 331 201 0 7 187 1141 1736 593 258 174 0 4 166 1139 1654 785 275 73
0 0 99 2333 1308 113 114 129 0 0 55 2653 1012 120 114 142 0 0 21 1239 2430 151 111 144
0 2 119 1340 2285 129 102 119 0 1 60 1292 2382 124 107 130 0 0 20 935 2314 621 98 108
0 0 28 1089 2927 48 4 0 0 0 17 831 3179 64 5 0 0 0 3 325 3628 124 16 0
0 0 23 1745 2039 140 58 91 0 0 9 1252 2499 170 66 100 0 0 11 903 2658 342 122 60
0 0 14 1650 2034 129 67 202 0 0 11 1338 2329 137 64 217 0 0 27 806 2692 289 109 173
0 90 738 2125 1048 74 14 7 0 134 674 1230 1943 90 16 9 0 353 500 461 2553 197 22 10
0 9 522 3311 226 28 0 0 0 35 925 2967 154 15 0 0 0 136 1770 2015 165 10 0 0
0 0 51 3750 290 5 0 0 0 0 210 3767 115 4 0 0 0 0 896 3030 166 4 0 0
0 1 110 3679 251 46 8 1 0 1 218 3688 142 40 7 0 0 2 852 3074 125 38 5 0
0 0 171 3816 73 23 13 0 0 1 412 3591 58 26 8 0 0 5 881 2989 190 24 7 0
0 0 48 3600 353 73 21 1 0 0 42 3419 538 75 21 1 0 0 110 2563 1315 82 23 3
0 21 317 2608 969 159 20 2 3 145 899 2578 432 28 11 0 31 759 1106 1557 615 19 9 0
0 16 2355 1487 124 64 42 8 1 602 2926 413 72 60 21 1 31 2593 1051 289 68 48 16 0
1 258 3004 562 253 18 0 0 29 2610 979 375 98 5 0 0 788 2560 332 338 77 1 0 0
4 875 984 962 1262 9 0 0 167 1282 885 653 1107 2 0 0 739 1302 486 396 979 194 0 0
0 74 851 2394 728 48 1 0 4 116 2187 1037 735 17 0 0 69 104 2201 981 624 117 0 0
0 56 1111 2184 735 10 0 0 0 176 2215 898 766 41 0 0 0 458 2230 580 435 393 0 0
0 0 11 3078 1006 1 0 0 0 0 4 2918 1170 4 0 0 0 0 0 2659 1050 387 0 0
0 0 263 3091 741 1 0 0 0 1 259 3070 765 1 0 0 0 0 233 2864 625 374 0 0
0 0 75 3719 256 45 1 0 0 0 78 3725 249 43 1 0 0 0 40 2918 1079 55 4 0
0 0 128 3565 292 83 28 0 0 0 132 3622 235 82 25 0 0 0 146 2514 1313 88 35 0
0 6 260 3175 592 53 10 0 0 8 259 3092 673 53 10 1 0 4 179 1980 1835 72 25 1
0 2 140 3330 462 104 55 3 0 3 230 3391 321 107 43 1 0 9 917 2603 383 141 42 1
0 1 42 3124 753 110 57 9 0 1 161 3531 237 117 44 5 0 2 630 3159 165 101 35 4
0 0 41 3578 450 25 2 0 0 0 154 3842 78 19 3 0 0 0 724 3203 149 20 0 0
0 6 269 3015 755 38 13 0 0 5 415 2861 757 47 11 0 0 8 712 2436 561 373 6 0
0 0 524 2673 536 173 139 51 0 0 507 2650 549 185 138 67 0 2 522 2355 565 447 141 64
0 0 164 1755 1995 178 4 0 0 1 195 1694 1963 239 4 0 0 0 40 1659 1034 1348 15 0
0 5 57 3801 118 88 25 2 0 5 81 3782 118 91 18 1 0 7 79 3768 121 98 21 2
0 85 788 2698 451 65 9 0 4 238 926 2457 412 52 7 0 60 439 709 2216 608 58 6 0
81 326 1011 2432 129 90 23 4 166 501 1800 1422 111 80 13 3 272 616 1987 1035 118 61 7 0
81 197 1202 2425 102 58 28 3 150 443 1440 1876 100 61 23 3 196 686 1278 1761 108 48 19 0
0 0 86 482 778 887 966 897 0 5 107 583 732 759 1103 807 0 0 70 375 715 756 1048 1132
0 0 30 396 1004 1081 956 629 0 0 57 568 1029 1007 927 508 0 1 64 408 1017 984 962 660
0 0 46 729 1382 1027 520 392 0 0 132 992 1272 934 467 299 0 1 111 939 1202 936 561 346
0 1 47 557 1456 1092 568 375 0 2 94 783 1494 925 503 295 0 3 93 740 1354 1016 555 335
0 19 117 592 1266 1085 654 363 0 31 140 784 1250 950 652 289 6 40 201 772 1111 959 643 364
0 46 416 1297 1394 468 259 216 1 85 495 1343 1342 426 224 180 3 105 535 1165 1256 639 233 160
0 0 103 2699 991 109 100 94 0 0 54 2718 998 127 88 111 0 0 29 1604 2114 152 107 90
0 0 38 2071 1645 109 89 144 0 0 95 1659 1976 113 98 155 0 0 3 1175 2377 306 84 151
0 0 36 2321 1668 62 9 0 0 0 36 1612 2370 71 7 0 0 0 5 704 3260 113 14 0
0 3 52 2502 1205 173 68 93 0 4 48 1943 1757 182 63 99 0 3 140 880 2677 243 93 60
0 5 76 2538 1091 131 82 173 0 4 57 1950 1686 142 99 158 0 4 208 1093 2284 257 143 107
0 61 744 2920 216 125 30 0 0 88 714 2646 488 123 36 1 0 236 615 1408 1687 109 40 1
0 4 392 3415 134 96 54 1 0 14 752 3100 94 98 37 1 0 31 974 2857 99 101 33 1
0 0 0 3617 360 97 22 0 0 0 1 3807 188 85 15 0 0 0 1 3773 226 83 13 0
0 0 1 3359 597 104 35 0 0 0 7 3719 242 102 26 0 0 0 3 3463 497 103 30 0
0 0 33 3707 307 41 8 0 0 0 34 3806 208 40 8 0 0 0 29 3520 497 42 8 0
0 3 151 3411 287 114 37 93 0 3 290 3298 269 108 36 92 0 3 554 2965 345 99 46 84
0 0 517 2098 1019 306 156 0 0 96 1493 1992 366 148 1 0 6 1182 1499 1222 185 2 0 0
0 30 2448 1422 185 10 1 0 0 1324 2324 372 71 4 1 0 168 2464 1141 275 46 2 0 0
0 3 1470 2432 189 2 0 0 0 517 2810 727 42 0 0 0 137 2069 1451 421 18 0 0 0
3 420 954 1392 1302 25 0 0 194 496 1020 1037 1327 22 0 0 476 827 518 814 1154 307 0 0
0 113 1869 1324 711 56 23 0 0 328 2447 542 710 68 1 0 5 487 2436 381 517 270 0 0
0 67 2009 1216 793 11 0 0 0 246 2582 427 790 51 0 0 1 987 2000 247 524 337 0 0
0 2 64 3134 883 13 0 0 0 2 48 2977 1058 11 0 0 0 0 12 2769 1068 247 0 0
0 0 213 3037 846 0 0 0 0 0 236 2962 898 0 0 0 0 0 169 2777 739 411 0 0
0 0 35 3837 160 56 8 0 0 0 33 3850 149 59 5 0 0 0 12 3749 258 67 10 0
0 0 126 3686 180 80 23 1 0 0 179 3675 143 78 21 0 0 0 154 3294 540 77 31 0
0 0 203 3469 372 29 16 7 0 0 277 3501 265 30 16 7 0 0 295 2814 924 39 17 7
0 0 14 3536 365 90 84 7 0 0 34 3750 142 91 76 3 0 0 43 3716 164 104 67 2
0 0 3 3173 784 99 35 2 0 0 13 3759 209 91 23 1 0 0 7 3654 316 100 19 0
0 0 12 3537 528 17 2 0 0 0 14 3988 76 17 1 0 0 0 8 3822 246 19 1 0
0 0 249 2955 854 21 13 4 0 0 244 2978 831 26 13 4 0 0 25 3013 620 419 13 6
0 0 468 2691 822 78 33 4 0 0 419 2657 843 130 40 7 0 0 301 2596 657 490 46 6
0 0 187 2108 1684 107 9 1 0 0 389 1856 1673 168 9 1 0 0 223 1921 1152 780 19 1
0 1 267 3588 100 102 36 2 0 2 325 3527 101 103 36 2 0 4 350 3502 105 101 33 1
4 520 1590 1608 306 42 22 4 26 1124 1328 1318 249 34 16 1 183 1460 946 1117 340 37 12 1
466 1220 1713 441 113 78 59 6 700 1709 1254 202 109 71 46 5 645 2158 857 213 102 77 37 7
16 694 2384 703 107 94 71 27 107 1809 1661 265 80 98 69 7 429 2176 1083 174 88 86 54 6
5 229 1070 1367 676 548 189 12 15 281 1321 1236 569 440 224 10 24 403 1373 1002 571 405 288 30
33 301 954 954 923 661 255 15 33 373 931 978 884 653 237 7 53 329 871 852 952 758 265 16
100 497 762 1139 789 627 174 8 134 546 858 1082 711 556 203 6 131 596 942 948 562 424 443 50
38 354 806 969 934 817 157 21 71 417 891 925 893 729 157 13 96 429 901 845 772 713 307 33
10 120 595 1622 1227 469 48 5 10 185 838 1722 976 332 28 5 28 278 1190 1724 602 229 44 1
3 118 307 1651 1278 425 161 153 17 140 416 1771 1153 318 123 158 34 160 569 1531 1154 396 141 111
0 0 318 3074 685 19 0 0 0 0 189 2901 984 22 0 0 0 0 138 2492 1417 45 4 0
0 0 17 2548 1216 100 104 111 0 0 23 2285 1465 99 108 116 0 0 27 1243 2413 200 110 103
0 0 95 3652 270 63 15 1 0 0 98 3506 413 64 13 2 0 0 13 1550 2438 73 20 2
0 0 52 2257 784 547 397 59 0 1 126 2260 1196 370 100 43 1 91 690 1378 1690 147 75 24
19 701 683 1302 808 411 149 23 71 1126 664 1260 723 171 56 25 592 1111 541 978 696 120 43 15
176 1122 798 1549 274 109 59 9 680 910 591 1562 214 91 45 3 995 823 468 1298 379 92 40 1
137 770 440 2142 413 129 59 6 703 345 783 2003 126 99 34 3 826 428 974 1630 106 94 35 3
30 432 649 2084 683 156 57 5 217 798 607 2201 150 86 37 0 615 888 566 1768 152 84 23 0
204 1051 358 1832 499 71 66 15 925 633 281 1943 178 72 59 5 1173 569 188 1745 290 83 45 3
100 843 257 2600 240 32 21 3 764 282 398 2443 165 26 17 1 834 255 522 2201 235 35 13 1
15 112 94 2390 506 300 394 285 55 90 216 2581 402 464 196 92 108 89 638 2519 565 65 20 92
0 4 396 1677 1309 308 271 131 0 71 1678 1657 308 308 74 0 7 1267 1912 717 167 24 2 0
0 133 3184 535 231 13 0 0 3 2459 1194 346 92 2 0 0 454 2788 463 331 59 1 0 0
0 0 416 3625 55 0 0 0 0 51 1978 2061 6 0 0 0 0 902 2308 874 12 0 0 0
0 0 85 2857 1153 1 0 0 0 0 252 2650 1172 22 0 0 0 47 389 2394 869 397 0 0
0 0 1970 1357 578 187 4 0 0 5 2929 401 586 173 2 0 0 145 2793 397 384 377 0 0
0 141 1745 1425 778 7 0 0 0 224 2608 427 800 37 0 0 3 927 2028 250 712 176 0 0
0 1 85 3100 898 12 0 0 0 0 140 3006 939 11 0 0 0 0 20 2939 935 202 0 0
0 0 404 2965 726 1 0 0 0 0 449 2906 739 2 0 0 0 0 359 2946 573 218 0 0
0 0 43 3926 84 39 4 0 0 0 33 3937 88 34 4 0 0 0 14 3884 146 43 9 0
0 0 162 3751 97 65 19 2 0 0 152 3763 96 64 19 2 0 0 262 3584 162 64 21 3
0 0 233 3719 94 34 15 1 0 0 220 3735 91 34 15 1 0 0 273 3519 255 33 16 0
0 0 22 3521 366 94 81 12 0 0 50 3712 164 101 60 9 0 0 58 3706 164 105 56 7
0 0 15 2624 1359 67 28 3 0 1 23 3818 166 64 22 2 0 1 20 3741 244 65 23 2
0 0 13 3098 977 8 0 0 0 0 26 3990 75 5 0 0 0 0 14 3877 198 7 0 0
0 0 394 2906 751 45 0 0 0 0 420 2910 711 55 0 0 0 0 174 2962 581 379 0 0
0 0 460 2589 746 233 62 6 0 0 404 2597 735 283 71 6 0 0 496 2492 380 668 57 3
0 1 291 2206 1516 69 8 5 0 1 377 2069 1547 87 10 5 0 0 355 1930 1260 536 10 5
0 0 191 3193 163 216 297 36 0 0 285 3125 186 328 170 2 0 1 514 3029 331 179 41 1
0 6 1753 957 504 427 437 12 1 737 1548 826 510 442 32 0 25 1658 939 897 523 51 3 0
1 175 2846 742 125 117 57 33 7 1903 1677 232 126 89 46 16 347 2526 774 215 118 69 39 8
6 607 2799 400 95 117 60 12 200 2461 1002 202 86 102 42 1 782 2270 655 178 103 81 26 1
18 346 778 1152 986 518 185 113 37 433 806 1133 957 465 167 98 29 303 724 1048 1002 688 213 89
16 355 672 1301 846 383 315 208 30 409 729 1394 704 366 300 164 57 330 860 1197 826 384 260 182
5 171 554 1693 1087 304 208 74 15 323 693 1907 682 282 142 52 34 339 1136 1754 482 225 93 33
8 118 526 1160 985 681 461 157 16 215 721 1168 909 605 379 83 34 319 930 1181 804 524 280 24
7 198 589 870 889 721 550 272 16 285 637 988 896 571 567 136 32 394 851 1073 800 531 373 42
0 5 212 1234 1327 593 450 275 0 15 342 1454 1188 511 383 203 0 34 525 1413 1066 672 307 79
0 0 763 2673 646 9 4 1 0 0 619 2538 922 10 5 2 0 0 367 2230 1405 82 6 6
3 49 325 2330 1273 53 34 29 3 42 317 2202 1414 52 36 30 0 11 212 1392 2207 207 36 31
0 0 144 3340 395 151 57 9 0 8 329 3427 229 67 30 6 5 177 283 2903 641 62 20 5
4 58 227 1176 1065 815 469 282 19 265 647 1598 813 463 235 56 240 889 952 1302 499 168 45 1
153 1698 1507 452 145 96 38 7 843 2290 480 287 97 80 18 1 2148 1164 390 218 103 57 16 0
791 2545 299 237 86 67 65 6 2543 933 227 198 75 77 41 2 3008 491 229 180 76 71 39 2
854 2582 192 237 98 79 44 10 2816 666 186 219 91 74 43 1 3124 374 194 208 92 74 29 1
373 3010 229 246 110 77 42 9 2667 798 213 225 92 62 37 2 3001 464 199 233 108 60 31 0
826 2588 161 203 159 76 53 30 2787 673 157 232 114 64 59 10 3080 390 154 219 132 64 53 4
281 2812 241 240 232 188 84 18 2372 852 189 306 266 71 36 4 2812 483 284 312 144 35 26 0
38 432 125 268 883 1059 1156 135 377 182 254 989 1319 899 76 0 486 364 1222 1631 370 23 0 0
5 488 1771 1096 601 132 2 1 90 1921 1147 751 172 14 1 0 1012 1992 688 367 37 0 0 0
0 35 1427 2541 91 2 0 0 1 917 1869 1291 18 0 0 0 403 1458 1740 473 22 0 0 0
0 0 96 3999 1 0 0 0 0 0 895 3199 2 0 0 0 0 113 1997 1976 10 0 0 0
0 0 25 2929 1142 0 0 0 0 0 44 2871 1179 2 0 0 0 0 611 2218 845 422 0 0
0 62 1647 1537 588 224 38 0 0 337 2352 570 578 259 0 0 3 528 2183 573 482 327 0 0
0 125 1732 1385 854 0 0 0 8 217 2642 311 907 11 0 0 11 876 2053 171 806 179 0 0
0 0 120 3081 846 49 0 0 0 0 62 3101 889 44 0 0 0 0 59 2925 911 200 1 0
0 0 468 2994 634 0 0 0 0 2 425 3042 627 0 0 0 0 0 427 2946 648 75 0 0
0 0 47 4013 27 9 0 0 0 0 48 4010 29 9 0 0 0 0 19 4021 47 9 0 0
0 0 105 3901 64 24 2 0 0 0 178 3830 67 19 2 0 0 0 200 3805 65 24 2 0
0 0 116 3871 64 24 19 2 0 0 196 3817 43 21 17 2 0 0 251 3669 134 23 17 2
0 1 37 3755 185 85 31 2 0 0 38 3838 110 83 26 1 0 1 54 3827 109 83 21 1
0 0 16 3485 535 48 11 1 0 0 22 3877 145 42 9 1 0 0 12 3769 259 46 9 1
0 0 16 3875 181 20 4 0 0 0 12 4006 58 17 3 0 0 0 4 3969 97 22 4 0
0 133 441 2666 752 88 15 1 0 133 445 2655 733 114 15 1 0 19 394 2638 584 425 34 2
0 0 393 2524 990 165 23 1 0 0 324 2550 998 193 30 1 0 0 276 2519 742 538 21 0
0 0 132 2858 1004 76 20 6 0 0 313 2571 1117 71 21 3 0 0 322 2249 1330 168 24 3
0 0 67 3416 175 159 274 5 0 0 161 3369 165 326 70 5 0 0 382 3218 331 139 22 4
0 2 1092 1810 538 483 170 1 0 37 1748 1343 663 284 21 0 8 560 1602 1362 467 96 1 0
3 83 2889 843 104 99 57 18 12 957 2711 185 101 90 34 6 72 2637 1017 160 94 82 28 6
0 19 1643 2137 126 121 44 6 2 438 2637 783 98 110 27 1 29 1469 1953 431 112 88 13 1
0 72 1077 1982 542 224 160 39 0 129 1469 1695 434 206 139 24 3 90 1308 1890 465 183 117 40
48 317 950 1434 778 398 127 44 59 384 1127 1413 684 312 101 16 76 357 1232 1449 650 234 68 30
1 75 423 1797 1190 321 186 103 4 111 597 1985 867 286 199 47 0 164 774 1976 770 256 135 21
3 34 382 1334 1447 765 126 5 7 38 565 1525 1336 549 72 4 15 53 815 1737 1124 316 35 1
0 1 344 1000 1371 1136 217 27 0 1 464 1186 1358 943 133 11 0 2 634 1367 1344 670 73 6
2 19 355 931 803 1371 549 66 3 29 453 989 792 1448 329 53 12 33 626 925 1274 1076 111 39
0 5 798 1423 1352 508 9 1 0 19 988 1062 1759 263 3 2 0 45 1082 970 1931 58 8 2
0 30 490 1893 1326 300 42 15 1 45 711 1595 1488 184 56 16 5 20 699 1600 1390 294 68 20
0 7 1251 2128 411 265 32 2 0 14 1620 1840 474 123 23 2 0 32 1293 2364 308 79 19 1
7 38 648 1489 989 671 166 88 18 71 922 1498 1152 271 118 46 45 213 1100 1947 507 188 84 12
40 734 911 662 911 476 261 101 317 1169 620 680 853 324 119 14 1094 801 615 1006 413 151 16 0
25 1255 1736 452 170 170 184 104 322 2442 559 280 160 183 124 26 1942 1208 389 256 132 124 41 4
98 2131 1361 262 108 74 51 11 1300 2152 250 210 77 74 31 2 2749 728 246 189 91 62 30 1
107 2212 1175 376 99 45 65 17 1404 1930 397 191 69 57 44 4 2769 736 266 168 64 56 34 3
229 1731 1255 274 138 107 209 153 1069 1899 384 216 125 192 169 42 2218 947 226 243 207 185 67 3
8 603 173 155 786 770 1229 372 372 392 108 947 953 952 367 5 587 342 1250 1056 717 137 6 1
0 2 426 766 774 630 912 586 0 60 975 894 671 870 570 56 7 632 1305 1081 762 265 44 0
0 64 2491 1329 187 22 2 1 3 1532 2047 461 43 9 1 0 288 2788 760 227 27 6 0 0
0 0 436 3587 71 2 0 0 0 14 2568 1500 14 0 0 0 0 525 3004 565 2 0 0 0
0 5 483 3397 190 20 1 0 0 20 1698 2294 82 2 0 0 0 127 2928 1035 6 0 0 0
0 9 236 2565 1243 43 0 0 0 29 505 2314 1230 18 0 0 2 131 1567 1133 882 381 0 0
0 0 1218 2052 618 208 0 0 0 16 2429 852 618 181 0 0 0 22 2471 813 621 169 0 0
0 156 1535 1760 645 0 0 0 0 275 2447 630 724 20 0 0 1 893 1870 409 811 112 0 0
0 3 442 3142 441 68 0 0 0 5 666 2749 612 64 0 0 0 42 989 2046 906 113 0 0
0 5 1638 1788 655 10 0 0 0 38 1922 1482 648 6 0 0 0 51 1860 1435 625 125 0 0
0 16 1477 2437 105 50 11 0 0 19 1682 2231 104 51 9 0 0 82 1491 2362 106 50 5 0
0 4 1466 2427 97 62 38 2 0 23 1867 2026 95 62 22 1 0 132 1792 1989 97 65 20 1
0 12 681 3280 67 35 20 1 0 23 998 2972 53 36 13 1 0 64 1525 2399 58 39 11 0
1 150 1053 2712 75 57 40 8 6 229 1374 2313 74 54 39 7 9 319 1135 2458 77 62 33 3
10 110 633 3273 40 19 11 0 29 140 713 3155 37 18 4 0 14 137 573 3297 48 19 8 0
0 11 790 3292 3 0 0 0 0 35 1069 2989 3 0 0 0 0 42 875 3176 3 0 0 0
6 133 1088 2019 759 76 15 0 12 161 1190 1891 743 88 11 0 0 215 961 1984 641 281 14 0
3 63 1176 1916 841 94 3 0 2 50 1180 1916 868 75 5 0 2 39 813 1934 1087 216 5 0
0 7 645 2358 1010 58 15 3 0 18 924 2086 1011 43 12 2 0 43 978 1737 1079 246 10 3
0 0 582 3306 99 82 25 2 0 3 1009 2893 91 82 17 1 0 10 1778 2124 95 74 14 1
0 4 867 2167 687 326 42 3 0 16 1836 1423 615 184 20 2 0 296 1777 1475 433 102 13 0
0 23 1910 1863 110 95 78 17 0 367 3215 264 94 105 42 9 31 1369 2219 232 109 86 43 7
0 27 2224 1594 97 95 54 5 0 221 2806 858 87 91 30 3 34 1620 1711 519 107 84 20 1
6 75 905 1319 883 792 99 17 9 89 1145 1222 1052 500 73 6 7 134 1095 1327 1130 345 51 7
4 23 673 1389 860 1013 121 13 7 37 898 1346 961 757 82 8 5 86 964 1312 1138 537 52 2
0 14 379 987 722 1788 205 1 2 15 561 963 928 1564 62 1 0 27 639 949 1607 843 31 0
0 0 58 505 1041 2368 115 9 0 0 171 526 1840 1510 43 6 0 0 212 679 2512 649 41 3
7 75 81 323 1678 1845 82 5 13 79 127 440 2294 1113 28 2 31 74 139 993 2375 465 17 2
0 0 41 486 2170 1374 25 0 0 1 105 792 2377 812 9 0 0 1 108 1469 2322 195 1 0
0 4 631 1486 1670 303 2 0 0 4 635 1219 2176 62 0 0 0 4 645 1280 1898 269 0 0
0 4 690 1151 2061 183 7 0 0 7 926 947 2124 80 12 0 0 4 664 1120 1878 421 9 0
0 0 60 329 2405 1215 82 5 0 7 133 468 3175 283 27 3 0 6 193 1848 1916 121 9 3
0 0 13 278 2190 1563 49 3 0 0 45 673 3064 288 25 1 0 2 145 2279 1586 74 9 1
0 1 16 231 2698 1059 89 2 0 1 41 903 2791 319 41 0 0 11 156 2872 950 98 9 0
0 19 369 693 1136 783 625 471 2 228 677 779 1262 708 423 17 132 749 815 1398 768 207 25 2
1 97 1974 822 977 137 76 12 25 1926 700 782 532 101 30 0 1095 1236 628 931 112 77 17 0
0 1 55 470 3090 385 79 16 1 38 137 1670 2102 98 46 4 6 99 453 3156 288 72 22 0
0 9 192 368 611 313 648 1955 4 147 232 597 388 493 1750 485 72 226 464 583 632 1580 533 6
0 0 11 103 1565 907 820 690 0 3 31 1089 1215 631 980 147 0 5 884 1340 714 866 267 20
0 0 38 969 1353 514 467 755 0 13 480 1419 816 390 641 337 0 207 1106 1240 601 600 306 36
0 74 1807 1873 264 38 29 11 19 719 2383 858 57 34 21 5 92 1938 1654 332 32 34 12 2
0 0 609 2043 1330 114 0 0 0 17 2206 1391 466 16 0 0 0 1209 1711 1139 36 1 0 0
0 1 28 733 2933 401 0 0 0 8 115 2915 1007 51 0 0 4 82 1539 2325 146 0 0 0
0 0 13 652 2923 497 11 0 0 0 120 1604 2203 167 2 0 0 2 775 1640 1615 64 0 0
0 36 1938 1506 558 58 0 0 0 196 2407 944 490 59 0 0 0 256 2388 743 657 52 0 0
0 147 1566 1872 509 2 0 0 0 291 2457 722 604 22 0 0 13 655 2134 361 848 85 0 0
0 6 113 1088 912 1865 112 0 0 9 174 1116 1859 926 12 0 4 13 205 1645 2087 142 0 0
0 15 548 535 1702 1255 41 0 0 41 658 693 2351 353 0 0 0 71 751 1402 1848 24 0 0
0 30 2673 502 362 449 74 6 0 84 2810 419 525 212 44 2 0 181 2823 575 376 105 34 2
0 2 164 287 628 2848 160 7 0 9 245 381 1925 1505 30 1 0 65 313 930 2620 161 7 0
0 0 67 383 561 2924 159 2 0 9 129 488 1967 1470 32 1 0 52 268 942 2701 132 1 0
0 8 106 269 576 2963 160 14 0 17 154 388 2088 1388 56 5 4 62 244 762 2804 191 26 3
0 0 170 340 600 2872 112 2 0 1 240 436 2095 1311 13 0 0 20 380 993 2591 109 3 0
0 1 183 354 620 2811 127 0 0 2 272 486 1796 1532 8 0 0 21 391 915 2648 121 0 0
0 0 153 286 1221 2284 150 2 0 5 194 366 2329 1169 33 0 0 31 238 758 2758 297 14 0
0 1 278 949 1400 1431 37 0 0 5 312 920 2204 654 1 0 0 48 302 1036 2487 223 0 0
0 10 167 532 1409 1943 35 0 0 17 259 552 2514 752 2 0 6 54 240 766 2748 282 0 0
0 5 424 417 688 2527 35 0 0 40 507 493 2168 886 2 0 0 186 527 1053 2288 42 0 0
0 3 304 2035 536 1172 41 5 0 19 1212 1291 1147 412 14 1 2 436 1032 1436 1134 50 6 0
4 115 2764 975 83 102 45 8 6 1238 2467 187 89 80 26 3 132 2188 1415 173 96 73 18 1
0 52 1891 1912 100 86 50 5 5 605 2288 996 100 70 32 0 46 1438 1623 798 100 77 14 0
0 29 1259 831 988 944 44 1 0 41 1316 856 1471 394 15 3 4 48 928 1641 1238 222 11 4
0 1 830 641 1320 1085 212 7 0 3 757 759 1589 941 47 0 0 11 351 1596 1629 480 29 0
0 7 717 715 1435 1153 69 0 0 2 714 921 1917 537 5 0 0 4 294 1878 1705 203 12 0
0 6 866 840 1668 668 47 1 0 2 764 1114 2014 174 28 0 0 2 434 1842 1662 133 22 1
0 4 1200 915 1808 147 22 0 0 1 1123 1321 1547 89 15 0 0 1 668 2412 906 85 23 1
0 3 1810 1434 781 58 10 0 0 1 1909 1411 733 37 5 0 0 0 838 2536 659 60 3 0
23 198 1386 1506 784 196 3 0 60 156 1445 1395 991 49 0 0 67 124 1168 1668 984 85 0 0
0 0 84 1158 2228 602 20 4 0 4 243 1116 2578 136 15 4 0 21 275 1237 2267 269 21 6
9 143 191 361 1951 1317 113 11 36 178 243 588 2741 239 65 6 81 182 262 2062 1330 152 24 3
0 26 90 336 1168 2403 73 0 10 42 164 467 2872 522 19 0 24 62 247 1336 2305 121 1 0
1 92 135 255 801 2493 277 42 6 151 163 401 2205 1080 78 12 60 176 256 1106 2277 195 20 6
4 92 583 704 894 1509 232 78 13 534 654 665 1634 508 83 5 235 906 557 947 1339 95 15 2
1 35 512 644 1992 823 82 7 14 212 637 1170 1850 177 34 2 66 429 866 2001 623 94 17 0
0 12 322 451 2514 641 138 18 0 114 322 1678 1809 124 43 6 2 227 912 2660 223 58 13 1
37 241 255 453 1259 1020 610 221 101 353 256 976 1377 666 318 49 277 341 933 1471 682 298 89 5
1 582 944 593 1357 444 158 17 31 1202 475 1182 917 233 55 1 283 1155 805 1436 297 107 13 0
1 49 462 1050 1069 546 551 368 2 265 880 1219 767 465 379 119 18 738 1368 1037 371 319 240 5
4 95 980 2426 471 67 40 13 17 268 2736 882 107 51 32 3 65 1914 1719 276 51 47 22 2
11 1048 751 743 1478 49 15 1 32 1327 666 1615 419 26 10 1 226 1478 1088 1229 47 24 4 0
3 1219 779 954 1136 5 0 0 9 1452 782 1614 239 0 0 0 131 1671 1242 1030 22 0 0 0
3 773 709 1291 1311 9 0 0 3 1209 456 1205 1221 2 0 0 8 1224 556 896 1244 168 0 0
0 3 1379 2097 617 0 0 0 0 39 2568 850 639 0 0 0 0 87 2436 626 941 6 0 0
0 228 2173 1451 244 0 0 0 0 406 2454 909 327 0 0 0 0 877 1984 506 729 0 0 0
0 503 1027 1070 1042 448 6 0 0 966 679 1009 1416 26 0 0 2 1100 479 1302 1168 45 0 0
0 138 1613 1016 1007 318 3 1 0 410 1240 1198 1207 37 2 2 0 439 949 1537 1123 45 2 1
1 221 3091 477 139 96 58 13 3 395 2938 480 125 90 55 10 7 749 2353 631 200 95 50 11
1 94 1733 560 571 1076 54 7 1 131 1683 677 1145 423 35 1 1 185 1505 1339 973 76 17 0
0 68 1685 458 615 1205 57 8 0 77 1711 595 1237 445 29 2 0 103 1508 1253 1126 83 22 1
2 65 2074 765 333 736 110 11 2 111 2231 649 530 507 54 12 11 444 1786 896 747 165 40 7
2 38 2135 647 211 985 74 4 0 51 2335 470 558 648 30 4 2 70 2043 880 944 132 21 4
0 7 1741 954 371 1004 18 1 0 5 2229 597 848 411 6 0 0 12 2158 815 1054 56 1 0
0 9 420 734 1499 1383 48 3 0 33 632 646 2212 558 14 1 0 36 689 893 2011 457 9 1
0 1 124 1013 1389 1544 20 5 0 2 167 1116 2479 314 13 5 0 0 191 1542 2115 231 13 4
0 0 21 402 1547 2108 18 0 0 0 45 499 3159 392 1 0 0 3 125 1329 2267 372 0 0
0 0 3 171 937 2975 10 0 0 1 45 404 3333 313 0 0 0 0 123 2379 1579 15 0 0
0 0 33 2195 801 1022 44 1 0 0 131 2390 1377 185 13 0 0 7 292 3130 597 68 2 0
0 47 1981 1361 521 131 45 10 6 664 2242 826 225 104 25 4 71 1569 1697 530 137 73 14 5
0 28 1374 2375 220 80 18 1 0 672 1403 1826 132 51 12 0 38 1061 1295 1522 124 50 6 0
0 137 1417 1674 756 94 16 2 1 404 1685 1293 646 60 6 1 1 331 1690 1359 385 326 4 0
0 24 1196 1662 1073 123 18 0 0 63 1351 1721 828 130 3 0 0 114 1619 1520 430 411 2 0
0 30 1995 1124 928 18 1 0 0 32 1933 1457 619 55 0 0 0 19 1922 1474 393 285 3 0
0 6 1986 1121 939 44 0 0 0 8 1857 1308 914 9 0 0 0 4 1695 1510 665 222 0 0
31 86 1229 1366 1246 138 0 0 30 93 1077 1664 1207 25 0 0 51 76 1035 1943 932 59 0 0
52 98 683 1297 1679 283 4 0 100 77 558 1682 1632 47 0 0 50 120 552 2184 1154 36 0 0
0 0 1234 1171 1213 475 3 0 0 1 1180 1291 1550 74 0 0 0 11 1056 1903 1096 30 0 0
1 27 565 1287 1490 715 10 1 8 40 684 1147 2027 185 5 0 17 43 691 1146 1937 250 8 4
105 242 674 1508 1022 492 44 9 145 241 755 1569 1153 193 32 8 204 219 709 1647 1135 134 42 6
0 1 258 1541 1410 845 40 1 0 7 313 1613 1924 222 17 0 0 14 397 1689 1869 112 14 1
5 139 337 1490 1327 720 66 12 26 143 451 1596 1521 309 45 5 84 127 605 1647 1388 207 29 9
10 124 417 1590 1343 546 61 5 27 175 557 1693 1378 223 42 1 55 203 624 1800 1204 151 55 4
0 16 288 1521 1860 345 55 11 2 41 370 2066 1424 155 37 1 12 60 618 2342 918 106 37 3
3 49 188 1557 2048 214 34 3 16 57 274 1966 1718 42 23 0 22 62 495 2707 748 51 11 0
0 2 108 1477 2116 299 80 14 0 7 253 2183 1478 113 59 3 0 22 694 2585 640 95 52 8
0 47 495 1892 1357 262 38 5 2 179 504 2411 901 73 24 2 81 305 1078 2000 587 38 7 0
0 21 534 1704 1098 453 231 55 5 56 910 1920 838 279 75 13 14 486 1053 1761 637 99 35 11
0 9 845 1854 762 476 132 18 0 84 1388 1591 815 167 45 6 19 857 1167 1354 580 76 40 3
0 2 458 1677 1635 268 50 6 0 12 674 2487 768 115 38 2 0 127 1538 1617 697 72 44 1
0 2 199 1937 1695 222 35 6 0 4 311 2992 705 66 16 2 1 45 1170 2213 613 50 4 0
0 73 520 1421 1915 150 17 0 0 151 533 1928 1406 74 4 0 28 200 871 1569 1148 280 0 0
0 51 2661 1164 220 0 0 0 0 83 3155 670 188 0 0 0 0 188 2975 499 434 0 0 0
1 394 2001 1137 563 0 0 0 1 547 1892 1083 573 0 0 0 15 591 1751 732 988 19 0 0
0 404 1302 1422 905 63 0 0 0 887 849 1726 628 6 0 0 29 929 856 1266 1004 12 0 0
0 300 1155 1801 790 46 3 1 0 627 805 2242 414 4 3 1 11 734 798 1747 795 6 2 3
0 502 1488 1670 435 1 0 0 0 1069 863 1882 282 0 0 0 1 1026 789 1465 813 2 0 0
0 343 1583 1756 404 10 0 0 0 974 917 1812 393 0 0 0 0 901 900 1388 857 50 0 0
0 181 799 1491 1373 252 0 0 0 296 691 1764 1335 10 0 0 2 329 538 2007 1147 73 0 0
0 177 369 2022 1353 175 0 0 0 244 229 2477 1146 0 0 0 0 244 231 2591 1030 0 0 0
0 146 277 2095 1407 171 0 0 5 179 294 2448 1157 13 0 0 2 182 365 2391 1089 67 0 0
0 90 437 2014 1192 352 9 2 0 133 477 2343 1090 44 7 2 2 139 549 2372 902 121 8 3
1 63 952 1375 1242 462 1 0 2 83 918 1514 1510 69 0 0 2 97 614 2209 1105 69 0 0
0 20 637 1593 1295 549 2 0 0 32 755 1656 1629 22 2 0 0 50 716 2101 1192 37 0 0
0 7 283 1214 1806 776 9 1 1 12 362 1250 2314 152 4 1 0 11 280 1829 1765 206 4 1
0 3 358 1183 1006 1530 16 0 0 4 445 1262 2200 183 2 0 0 5 352 2610 1097 29 3 0
0 0 592 2226 563 687 27 1 0 0 888 2089 1006 102 10 1 0 0 630 2866 549 40 10 1
1 28 1240 1587 871 314 51 4 2 217 1522 1432 780 108 33 2 32 558 1326 1592 482 81 22 3
1 46 1480 2144 302 92 30 1 7 227 1883 1642 233 86 18 0 69 374 1499 1658 403 82 11 0
0 439 1759 651 667 580 0 0 0 516 1747 680 989 164 0 0 0 247 1890 791 1114 54 0 0
0 33 1578 668 798 984 35 0 0 30 1643 760 1296 353 14 0 0 18 1592 965 1455 66 0 0
0 5 1253 1052 911 864 10 1 0 16 1434 1020 1207 416 3 0 1 73 1311 1191 1399 121 0 0
0 3 1527 787 675 1095 9 0 0 5 1661 746 1223 461 0 0 0 18 1455 1005 1534 82 2 0
6 249 1407 817 881 736 0 0 6 413 1360 835 1098 384 0 0 22 410 1269 1009 1274 112 0 0
6 32 1636 693 694 1027 8 0 6 36 1915 549 796 792 2 0 9 31 1457 985 1256 357 1 0
0 0 1385 970 595 1143 3 0 0 0 1512 989 768 827 0 0 0 0 1448 1143 1215 290 0 0
0 0 1473 765 572 1242 44 0 0 0 1665 766 597 1063 5 0 0 0 1528 1016 1234 318 0 0
0 0 1404 655 679 1219 139 0 0 0 1519 868 692 1014 3 0 0 0 1486 1071 1376 163 0 0
0 0 1253 825 672 1211 135 0 0 0 1458 871 638 1125 4 0 0 0 1553 959 1446 136 2 0
0 12 1490 766 548 1075 205 0 0 15 1817 667 596 996 5 0 0 14 1686 962 1310 122 2 0
0 0 1445 789 511 1137 213 1 0 0 1745 703 719 919 10 0 0 3 1738 935 1243 177 0 0
55 604 1037 615 591 1121 71 2 106 618 1268 562 811 720 9 2 304 425 1148 884 1263 61 9 2
33 440 1259 549 431 1240 143 1 80 465 1388 476 842 831 13 1 207 442 1349 699 1255 142 2 0
181 185 1635 784 456 640 210 5 254 148 1934 617 389 732 18 4 281 183 1860 732 680 348 10 2
8 260 1767 598 467 736 244 16 13 310 1844 637 518 731 35 8 53 423 1734 751 834 272 27 2
0 71 1759 676 462 786 341 1 13 92 2023 558 431 953 25 1 27 180 2100 569 1025 190 5 0
5 356 1853 580 246 929 118 9 14 511 1964 387 423 759 36 2 14 513 2039 396 923 190 19 2
3 248 2262 332 122 849 275 5 4 444 2167 257 238 954 29 3 8 445 2227 261 770 372 11 2
0 62 2513 389 69 837 220 6 0 193 2564 219 210 871 36 3 0 193 2522 279 713 364 22 3
16 415 1888 553 283 777 164 0 45 576 1746 509 494 721 5 0 66 824 1468 491 1092 154 1 0
0 562 2057 462 115 785 115 0 0 396 2231 494 259 704 12 0 0 308 2058 803 848 79 0 0
2 497 1774 791 123 739 170 0 0 258 2035 810 306 669 18 0 0 159 1954 1086 820 77 0 0
0 678 2310 116 118 761 113 0 0 1695 1342 99 189 755 16 0 0 1230 1837 170 556 302 1 0
0 60 3027 71 65 699 174 0 0 240 2872 72 123 775 14 0 0 142 2950 142 600 262 0 0
0 598 2454 84 38 849 73 0 0 1430 1663 55 198 742 8 0 0 976 2101 113 816 90 0 0
30 1565 1584 95 99 681 42 0 196 1643 1392 66 375 418 6 0 252 1540 1455 171 629 49 0 0
0 845 2091 212 169 619 160 0 0 1512 1512 172 353 529 18 0 0 1306 1635 383 653 119 0 0
0 1570 1465 126 63 579 290 3 0 1855 1238 96 149 720 38 0 0 1868 1107 243 466 407 5 0
0 2194 651 256 80 401 514 0 0 2363 594 176 85 841 37 0 0 2383 611 187 453 462 0 0
0 1428 1269 320 102 795 182 0 0 1975 813 252 226 828 2 0 0 2111 720 284 894 87 0 0
0 115 2889 82 127 788 95 0 0 563 2474 84 363 612 0 0 0 393 2700 210 709 84 0 0
0 236 2670 206 328 622 34 0 2 456 2552 232 542 310 2 0 18 398 2659 436 548 37 0 0
0 19 2657 452 199 711 56 2 0 266 2549 391 327 543 20 0 0 112 2867 356 715 45 1 0
0 53 2496 413 213 791 129 1 0 308 2368 358 419 625 17 1 1 174 2536 487 810 77 10 1
0 173 2443 476 155 737 111 1 1 441 2384 320 401 543 6 0 4 699 2234 331 795 33 0 0
1 486 2378 336 154 687 51 3 1 1347 1661 229 360 484 11 3 8 832 2270 196 728 42 17 3
0 352 2375 406 212 547 192 12 5 919 1941 353 255 520 103 0 35 772 2147 394 550 182 16 0
0 2433 1623 40 0 0 0 0 4 2510 1512 70 0 0 0 0 0 1071 2536 484 5 0 0 0
3 1087 2367 367 143 124 5 0 5 1232 2214 414 197 34 0 0 4 510 2576 864 139 3 0 0
0 1028 1897 664 393 109 5 0 0 1208 1974 608 225 80 1 0 0 530 2774 631 114 47 0 0
0 60 881 1270 1077 677 129 2 0 106 1279 1248 979 460 23 1 10 118 1581 1477 804 104 2 0
0 237 604 1295 1477 463 20 0 0 367 844 1714 1016 153 2 0 1 422 1336 1797 515 25 0 0
0 26 342 501 1431 1545 247 4 0 61 469 934 1982 619 31 0 0 94 882 1819 1232 67 2 0
0 1 70 1062 1546 1160 253 4 0 5 274 1634 1641 524 18 0 0 34 897 2323 802 39 1 0
0 0 145 723 1676 1315 229 8 0 10 361 1449 1606 625 44 1 0 72 768 2155 998 101 2 0
0 0 28 502 1425 1662 467 12 0 3 124 1120 1765 1014 68 2 0 24 490 2006 1403 170 3 0
0 8 221 809 2010 784 194 70 2 18 449 1622 1583 236 182 4 6 78 893 2257 634 194 31 3
0 3 241 983 1889 946 27 7 1 11 450 1525 1892 201 15 1 0 22 894 2423 723 30 4 0
0 0 98 1507 1550 869 70 2 0 2 338 2180 1293 271 12 0 0 35 1054 2418 563 26 0 0
0 0 28 1247 2004 692 117 8 0 6 243 2135 1403 286 22 1 0 14 931 2469 616 61 4 1
0 0 640 2304 977 175 0 0 0 4 1302 2233 506 51 0 0 0 38 2142 1669 244 3 0 0
0 0 294 1900 1063 696 142 1 0 3 1144 1544 1047 348 10 0 0 9 1787 1580 676 43 1 0
0 0 1660 1547 510 215 161 3 0 38 2443 962 402 208 43 0 0 100 2785 779 387 45 0 0
2 23 1496 1291 949 257 69 9 2 45 2051 1180 631 157 29 1 8 85 2366 1148 427 59 2 1
0 4 1268 1285 847 590 102 0 0 17 1961 985 820 305 8 0 0 71 2155 1228 600 41 1 0
0 3 997 1332 1198 478 71 17 0 11 1423 1501 913 219 22 7 2 27 1845 1576 579 58 8 1
0 0 1568 1250 1000 259 19 0 0 23 2217 1119 643 88 6 0 0 52 2403 1181 425 35 0 0
0 0 2052 1088 669 268 19 0 0 28 2530 918 473 143 4 0 1 170 2731 756 375 62 1 0
0 2 1553 1055 763 563 124 36 1 15 2145 846 753 278 48 10 3 116 2235 1138 494 97 13 0
0 6 1680 1046 660 341 103 260 0 26 2188 871 474 215 111 211 4 146 2322 822 374 154 192 82
0 3 922 1031 921 863 325 31 0 13 1415 881 895 763 126 3 0 95 1478 998 974 515 36 0
1 49 1815 742 749 712 28 0 1 130 2047 707 765 445 1 0 8 180 2066 818 746 278 0 0
0 1 839 1131 873 1146 102 4 0 9 1529 855 949 745 9 0 3 76 1790 1215 855 157 0 0
0 2 862 1197 1133 772 130 0 0 52 1479 1164 856 542 3 0 1 251 1744 1146 792 161 1 0
0 5 567 780 713 743 606 682 0 31 851 833 604 664 651 462 2 171 1000 797 793 525 609 199
0 0 5 35 175 1895 1433 553 0 0 16 54 452 2151 1140 283 0 0 20 114 859 2130 835 138
0 0 31 192 210 828 1533 1302 0 2 104 205 262 1148 1543 832 0 13 105 253 569 1028 1554 574
0 0 20 181 909 1149 1542 295 0 1 60 432 989 1214 1250 150 0 6 89 552 1058 834 1440 117
0 2 176 1360 1282 1208 68 0 0 8 873 1145 1347 718 5 0 0 31 1056 1486 1229 290 4 0
0 9 932 1144 1200 780 30 1 0 48 1479 1299 850 410 10 0 0 216 1755 1273 811 37 4 0
0 0 412 1603 948 1014 117 2 0 6 1236 1341 926 575 12 0 0 93 1785 1214 918 85 1 0
0 2 328 1054 1399 1253 57 3 0 16 889 1265 1352 571 1 2 6 123 1347 1706 832 80 2 0
0 22 907 783 929 805 233 417 0 157 1187 966 749 492 217 328 39 359 1183 1093 781 120 271 250
0 4 1508 944 903 593 117 27 0 76 1875 1116 526 375 111 17 1 529 1808 925 603 167 56 7
0 0 174 215 238 381 1114 1974 0 2 221 289 267 257 2410 650 1 137 194 267 409 312 2699 77
241 336 1853 1191 296 179 0 0 188 352 1696 1338 303 217 2 0 15 394 853 1525 889 397 23 0
108 1558 621 904 504 394 7 0 107 1486 685 889 506 419 4 0 78 982 975 688 807 543 23 0
125 507 451 935 812 873 364 29 144 546 408 1021 933 810 218 16 57 430 591 748 1244 776 249 1
0 17 745 761 597 1037 705 234 0 81 932 664 722 955 627 115 3 270 947 699 785 826 515 51
26 527 1233 936 855 359 151 9 38 433 1406 988 838 285 103 5 54 410 1358 804 1090 325 55 0
36 539 987 785 858 561 312 18 67 577 1183 885 646 520 218 0 87 587 1415 885 495 447 180 0
0 28 370 650 859 646 1240 303 0 86 595 832 806 356 1325 96 12 198 814 1051 476 418 1086 41
0 17 403 626 679 529 938 904 0 90 579 743 576 515 1229 364 8 285 737 755 587 385 1236 103
0 52 709 1020 808 801 610 96 1 162 1049 894 894 574 492 30 20 373 1285 962 661 499 280 16
0 12 242 679 595 526 1126 916 0 51 490 671 633 305 1657 289 5 134 659 791 507 157 1796 47
0 7 402 815 485 1075 1137 175 0 35 914 533 437 1190 958 29 9 164 997 540 479 1409 496 2
0 88 946 1039 974 605 375 69 5 205 1179 1139 733 571 222 42 16 299 1416 1128 548 524 144 21
0 29 236 542 1257 1327 504 201 2 71 349 954 1527 705 441 47 10 89 616 1607 1108 372 284 10
0 7 184 408 637 360 555 1945 0 36 309 559 576 210 1700 706 3 86 485 702 362 207 2094 157
0 6 440 582 628 509 779 1152 0 49 581 705 589 405 1193 574 2 163 776 823 459 336 1258 279
0 1 145 730 982 519 789 930 0 4 382 976 749 377 1031 577 0 52 740 1107 495 264 1111 327
0 1 129 354 732 629 1550 701 0 3 231 566 793 485 1710 308 0 41 445 840 589 675 1417 89
0 2 147 397 292 645 1786 827 1 13 323 381 233 962 1868 315 2 43 495 358 341 1192 1582 83
0 2 58 261 638 962 1286 889 1 22 165 451 721 1068 1075 593 4 65 275 639 781 1097 900 335
0 0 18 71 460 1180 1454 913 0 4 25 187 787 1027 1520 546 0 17 77 517 906 916 1427 236
0 0 2 94 497 420 406 2677 0 1 20 277 538 293 613 2354 0 3 118 490 437 185 902 1961
0 0 0 84 503 1212 1435 862 0 0 10 213 848 1169 1292 564 0 4 131 590 896 1021 1124 330
0 0 1 17 19 450 1689 1920 0 0 4 18 17 707 2367 983 0 4 18 16 10 825 2511 712
0 0 12 107 559 1359 1115 944 0 0 28 255 854 1344 1001 614 0 3 69 382 1040 1393 810 399
0 0 3 180 795 536 772 1810 0 1 7 271 819 610 1033 1355 0 2 15 151 846 933 1596 553
0 1 62 447 904 965 1094 623 0 5 148 676 966 892 1126 283 0 26 265 778 1109 911 927 80
0 12 423 1505 1681 440 30 5 0 91 674 1654 1448 217 11 1 5 223 801 1277 1550 226 14 0
0 0 69 868 576 638 1603 342 0 7 107 1034 711 851 1212 174 0 17 150 1046 1015 1046 719 103
0 0 4 38 180 386 1654 1834 0 1 11 65 271 731 2051 966 0 1 18 118 364 1305 1898 392
0 0 0 0 10 326 2941 819 0 0 0 2 18 966 2765 345 0 0 0 0 14 905 2939 238
0 0 0 33 2043 1731 289 0 0 0 0 74 2334 1540 148 0 0 0 0 0 833 3103 160 0
0 1 11 417 3210 416 31 10 0 2 16 622 3182 250 17 7 0 3 16 463 2011 1545 44 14
0 16 293 840 2227 702 18 0 0 133 444 1308 1823 387 1 0 0 169 862 1490 759 761 55 0
0 0 12 606 1766 1522 174 16 0 0 162 1143 2107 656 14 14 0 5 581 2077 1335 75 8 15
0 0 3 37 610 1534 1462 450 0 0 19 78 1053 1284 1497 165 0 6 34 302 675 1612 1329 138
0 0 2 73 840 1069 1459 653 0 0 20 235 866 1234 1420 321 0 0 83 235 637 1286 1545 310
0 0 1 75 1134 2209 415 262 0 0 15 220 1640 1719 368 134 0 0 85 428 1090 1998 460 35
0 0 0 26 924 1552 1475 119 0 0 5 68 1271 1655 1062 35 0 0 7 159 1389 1818 719 4
