0 0 2 368 716 78 95 2837 0 256 786 43 31 96 47 2837 1 788 290 28 67 67 29 2826
0 0 34 761 799 130 106 2266 0 789 667 136 77 116 47 2264 26 1204 334 82 93 75 31 2251
0 0 40 774 881 225 482 1694 0 896 591 216 129 233 347 1684 41 1263 320 170 154 293 183 1672
0 0 38 790 836 273 724 1435 5 630 843 229 134 253 681 1321 20 1153 429 200 173 369 624 1128
0 0 19 769 904 263 802 1339 3 578 925 245 126 269 749 1201 31 1092 499 225 155 375 793 926
0 0 10 659 998 264 707 1458 0 555 938 228 150 213 736 1276 22 989 615 210 152 338 763 1007
0 0 0 350 853 313 688 1892 0 258 775 258 164 159 730 1752 5 514 678 220 125 294 817 1443
0 0 0 256 477 214 900 2249 0 98 383 270 196 154 824 2171 0 188 463 180 195 303 932 1835
0 0 0 63 277 137 700 2919 0 0 98 218 107 155 794 2724 0 10 231 136 123 271 877 2448
0 0 0 0 5 47 633 3411 0 0 0 4 28 67 694 3303 0 0 0 19 36 220 801 3020
0 0 0 0 0 0 256 3840 0 0 0 0 0 0 313 3783 0 0 0 0 0 17 626 3453
0 0 0 0 0 0 209 3887 0 0 0 0 0 0 211 3885 0 0 0 0 0 1 336 3759
0 0 0 0 0 0 95 4001 0 0 0 0 0 0 80 4016 0 0 0 0 0 0 208 3888
0 0 0 0 0 0 69 4027 0 0 0 0 0 0 51 4045 0 0 0 0 0 0 138 3958
0 0 0 0 0 0 62 4034 0 0 0 0 0 0 56 4040 0 0 0 0 0 0 127 3969
0 0 0 0 0 0 57 4039 0 0 0 0 0 0 50 4046 0 0 0 0 0 0 134 3962
0 0 0 0 0 0 39 4057 0 0 0 0 0 0 33 4063 0 0 0 0 0 0 118 3978
0 0 0 0 0 0 52 4044 0 0 0 0 0 0 35 4061 0 0 0 0 0 0 133 3963
0 0 0 0 0 0 50 4046 0 0 0 0 0 0 40 4056 0 0 0 0 0 0 116 3980
0 0 0 0 0 0 36 4060 0 0 0 0 0 0 21 4075 0 0 0 0 0 0 116 3980
0 0 0 0 0 0 4 4092 0 0 0 0 0 0 2 4094 0 0 0 0 0 0 39 4057
0 0 0 0 0 0 6 4090 0 0 0 0 0 0 6 4090 0 0 0 0 0 0 42 4054
0 0 0 0 0 0 1 4095 0 0 0 0 0 0 1 4095 0 0 0 0 0 0 27 4069
0 0 0 0 0 0 0 4096 0 0 0 0 0 0 0 4096 0 0 0 0 0 0 22 4074
0 0 0 0 0 0 0 4096 0 0 0 0 0 0 0 4096 0 0 0 0 0 0 2 4094
0 0 0 0 0 0 0 4096 0 0 0 0 0 0 0 4096 0 0 0 0 0 0 0 4096
0 0 0 369 204 138 753 2632 0 45 337 180 106 133 783 2512 0 209 309 115 87 256 919 2201
0 0 0 22 68 99 925 2982 0 0 17 56 73 132 944 2874 0 10 56 53 78 269 1085 2545
0 0 0 0 0 0 394 3702 0 0 0 0 0 2 522 3572 0 0 0 0 0 49 778 3269
0 0 0 0 0 0 152 3944 0 0 0 0 0 0 158 3938 0 0 0 0 0 0 329 3767
0 0 0 0 0 0 284 3812 0 0 0 0 0 0 273 3823 0 0 0 0 0 0 399 3697
0 0 0 0 0 0 113 3983 0 0 0 0 0 0 107 3989 0 0 0 0 0 1 188 3907
0 0 0 0 25 59 714 3298 0 0 0 1 33 74 1180 2808 0 0 0 14 40 408 1225 2409
0 0 0 0 0 0 162 3934 0 0 0 0 0 0 190 3906 0 0 0 0 0 0 416 3680
0 0 0 0 0 0 17 4079 0 0 0 0 0 0 22 4074 0 0 0 0 0 0 79 4017
0 0 0 0 0 0 69 4027 0 0 0 0 0 0 54 4042 0 0 0 0 0 0 160 3936
62 35 74 154 180 378 516 2697 61 26 81 146 169 371 545 2697 68 39 193 37 266 345 544 2604
0 0 363 1200 40 201 376 1916 0 0 926 621 47 206 387 1909 0 119 1406 35 54 226 428 1828
3 125 1084 855 270 360 418 981 9 173 1501 369 242 332 414 1056 64 781 1059 226 200 356 419 991
189 280 274 543 410 156 190 2054 204 321 293 523 336 142 180 2097 335 395 457 392 159 140 183 2035
0 0 0 173 525 126 226 3046 0 0 0 224 454 84 241 3093 0 0 95 474 153 102 254 3018
0 0 0 2 12 13 139 3930 0 0 0 0 11 9 125 3951 0 0 0 9 6 12 254 3815
0 0 0 0 0 0 1 4095 0 0 0 0 0 0 1 4095 0 0 0 0 0 0 28 4068
0 0 0 0 0 0 0 4096 0 0 0 0 0 0 0 4096 0 0 0 0 0 0 41 4055
0 0 0 0 0 0 0 4096 0 0 0 0 0 0 1 4095 0 0 0 0 0 0 12 4084
0 0 0 0 0 0 0 4096 0 0 0 0 0 0 0 4096 0 0 0 0 0 0 14 4082
0 0 0 0 0 0 0 4096 0 0 0 0 0 0 0 4096 0 0 0 0 0 0 0 4096
0 0 0 0 0 0 0 4096 0 0 0 0 0 0 0 4096 0 0 0 0 0 0 1 4095
0 0 0 0 0 0 0 4096 0 0 0 0 0 0 0 4096 0 0 0 0 0 0 0 4096
0 0 0 0 0 0 0 4096 0 0 0 0 0 0 0 4096 0 0 0 0 0 0 1 4095
0 0 0 0 0 0 4 4092 0 0 0 0 0 0 4 4092 0 0 0 0 0 0 6 4090
0 0 0 0 0 0 6 4090 0 0 0 0 0 0 6 4090 0 0 0 0 0 0 6 4090
0 0 0 0 0 0 48 4048 0 0 0 0 0 0 45 4051 0 0 0 0 0 0 185 3911
0 0 0 0 0 0 66 4030 0 0 0 0 0 0 77 4019 0 0 0 0 0 0 205 3891
0 0 0 0 0 0 43 4053 0 0 0 0 0 0 55 4041 0 0 0 0 0 0 131 3965
0 0 0 0 0 0 0 4096 0 0 0 0 0 0 0 4096 0 0 0 0 0 0 36 4060
0 0 0 0 0 0 14 4082 0 0 0 0 0 0 12 4084 0 0 0 0 0 0 184 3912
0 0 0 0 0 0 53 4043 0 0 0 0 0 0 45 4051 0 0 0 0 0 0 159 3937
0 0 0 0 0 0 213 3883 0 0 0 0 0 0 423 3673 0 0 0 0 0 17 689 3390
4 3 3 8 4 6 51 4017 1 6 2 8 5 3 42 4029 3 4 3 7 5 3 365 3706
0 27 158 211 365 42 89 3204 0 69 145 208 321 54 74 3225 27 168 190 352 50 27 134 3148
0 17 149 2022 410 59 543 896 0 44 129 2285 134 52 473 979 12 101 1914 552 31 74 642 770
42 24 224 3712 28 21 37 8 35 35 594 3342 24 19 35 12 56 146 3757 58 20 23 34 2
398 280 1000 2248 155 15 0 0 493 233 1674 1611 78 7 0 0 621 976 2434 51 14 0 0 0
491 382 1598 1002 518 105 0 0 534 562 1769 772 392 67 0 0 785 1650 1084 443 134 0 0 0
207 490 1215 1291 664 229 0 0 267 715 1122 1337 509 146 0 0 581 1266 1354 698 196 1 0 0
245 337 651 691 929 1234 9 0 289 394 641 774 919 1079 0 0 508 608 719 888 1315 58 0 0
300 171 201 251 1087 744 304 1038 348 151 261 216 1163 616 277 1064 416 215 234 593 1108 263 295 972
31 73 34 159 273 411 773 2342 61 48 29 158 249 393 845 2313 70 46 42 224 341 296 1094 1983
0 0 0 1 114 466 1211 2304 0 0 0 2 97 380 1306 2311 0 0 0 35 215 415 1481 1950
0 0 0 0 0 13 861 3222 0 0 0 0 0 4 823 3269 0 0 0 0 0 29 1124 2943
0 9 8 9 9 10 293 3758 0 11 7 8 9 10 262 3789 0 11 8 8 11 12 360 3686
0 0 0 0 0 0 6 4090 0 0 0 0 0 0 6 4090 0 0 0 0 0 0 8 4088
0 0 0 0 0 0 4 4092 0 0 0 0 0 0 4 4092 0 0 0 0 0 0 6 4090
0 0 0 0 0 0 9 4087 0 0 0 0 0 0 9 4087 0 0 0 0 0 0 10 4086
0 0 0 0 0 0 5 4091 0 0 0 0 0 0 4 4092 0 0 0 0 0 0 6 4090
0 0 0 0 0 0 0 4096 0 0 0 0 0 0 0 4096 0 0 0 0 0 0 0 4096
0 0 0 0 0 0 0 4096 0 0 0 0 0 0 0 4096 0 0 0 0 0 0 0 4096
0 0 0 0 0 0 2 4094 0 0 0 0 0 0 3 4093 0 0 0 0 0 0 60 4036
0 0 0 0 0 0 0 4096 0 0 0 0 0 0 1 4095 0 0 0 0 0 0 32 4064
0 0 0 0 0 0 3 4093 0 0 0 0 0 0 0 4096 0 0 0 0 0 0 88 4008
0 0 0 0 0 0 0 4096 0 0 0 0 0 0 0 4096 0 0 0 0 0 0 1 4095
0 0 0 0 0 0 13 4083 0 0 0 0 0 0 10 4086 0 0 0 0 0 0 103 3993
0 0 0 0 0 0 11 4085 0 0 0 0 0 0 17 4079 0 0 0 0 0 0 103 3993
0 43 184 137 302 285 113 3032 0 122 149 108 276 301 106 3034 53 180 143 242 292 94 131 2961
99 127 305 380 1269 986 77 853 94 226 329 389 1413 734 52 859 195 333 370 975 1262 78 62 821
70 32 119 282 3271 318 2 2 73 68 115 404 3279 151 4 2 102 133 242 3073 540 2 2 2
369 225 139 1542 1804 17 0 0 414 199 189 2074 1216 4 0 0 551 271 1473 1786 15 0 0 0
397 270 414 1508 1389 118 0 0 465 238 622 1503 1216 52 0 0 593 591 1464 1290 158 0 0 0
222 152 489 1040 1790 403 0 0 287 128 641 1217 1637 186 0 0 358 560 962 1810 406 0 0 0
492 307 446 867 1283 690 7 4 560 283 479 976 1209 585 2 2 706 459 882 1230 799 16 2 2
454 243 297 484 625 961 98 934 514 257 281 529 697 793 109 916 641 328 486 575 992 51 145 878
302 133 125 232 196 127 347 2634 350 102 188 211 179 104 369 2593 407 138 252 173 141 84 527 2374
0 0 1 3 1 2 811 3278 0 1 2 1 2 14 1169 2907 0 1 2 1 2 311 1729 2050
0 0 0 0 0 45 1965 2086 0 0 0 0 0 95 2525 1476 0 0 0 0 55 1096 2335 610
0 0 0 28 160 123 2866 919 0 0 0 56 130 191 3187 532 0 0 2 132 143 1872 1910 37
0 0 48 290 355 374 2550 479 0 27 61 286 301 297 2825 299 2 38 167 340 249 1495 1583 222
46 62 136 225 265 247 2299 816 61 89 119 203 226 217 2483 698 71 105 192 204 206 408 2292 618
0 0 44 444 444 140 1483 1541 0 17 64 401 412 143 1530 1529 0 24 177 553 208 116 1504 1514
0 16 16 35 64 112 1219 2634 0 17 16 33 46 74 1128 2782 2 15 19 38 60 99 1264 2599
0 0 0 0 0 0 661 3435 0 0 0 0 0 0 654 3442 0 0 0 0 0 1 753 3342
0 0 0 0 0 0 4 4092 0 0 0 0 0 0 3 4093 0 0 0 0 0 0 8 4088
0 0 0 0 0 0 0 4096 0 0 0 0 0 0 0 4096 0 0 0 0 0 0 0 4096
0 0 0 0 0 0 0 4096 0 0 0 0 0 0 0 4096 0 0 0 0 0 0 2 4094
0 0 0 0 6 429 677 2984 0 0 219 75 149 686 52 2915 0 44 232 338 515 26 58 2883
0 0 0 0 1 402 998 2695 0 2 194 100 156 790 247 2607 0 24 240 305 691 205 46 2585
0 0 0 0 0 340 1410 2346 0 0 67 231 155 825 576 2242 0 0 252 307 732 468 143 2194
0 0 0 0 0 260 1547 2289 0 0 20 217 190 881 635 2153 0 0 104 428 755 511 164 2134
0 0 107 251 455 249 457 2577 0 1 171 347 574 382 171 2450 0 131 238 633 394 134 189 2377
70 77 384 852 1491 296 114 812 91 130 483 1319 896 233 119 825 117 476 869 1367 286 89 91 801
70 80 209 269 1200 2223 45 0 79 130 221 274 1457 1904 31 0 125 236 222 849 2559 105 0 0
256 208 130 357 1024 2110 11 0 301 195 185 383 1246 1784 2 0 415 246 365 572 2484 14 0 0
204 179 220 531 1117 1845 0 0 267 157 257 593 1137 1685 0 0 350 272 606 645 2217 6 0 0
235 229 157 415 1421 1621 18 0 301 179 178 463 1745 1224 6 0 413 223 421 1216 1790 33 0 0
677 377 353 519 1437 633 14 86 771 334 381 530 1640 352 8 80 954 466 489 1391 691 19 6 80
432 395 309 362 813 345 61 1379 556 321 299 389 906 191 75 1359 693 388 421 736 412 10 95 1341
211 196 89 134 135 40 221 3070 291 143 84 173 110 14 333 2948 341 145 174 125 17 36 844 2414
0 0 0 0 0 2 1144 2950 0 0 0 0 0 12 1649 2435 0 0 0 0 2 374 2206 1514
0 0 0 0 4 302 2335 1455 0 0 0 0 33 373 2838 852 0 0 0 0 276 1660 1978 182
0 0 0 0 159 612 3039 286 0 0 0 0 235 827 2955 79 0 0 0 213 766 2367 750 0
0 0 0 1 244 1410 2396 45 0 0 0 2 377 1875 1839 3 0 0 2 369 1963 1724 38 0
0 0 0 0 370 2318 1407 1 0 0 0 1 568 2661 866 0 0 0 0 571 2624 900 1 0
0 0 0 0 256 2444 1396 0 0 0 0 0 393 2688 1015 0 0 0 0 330 2450 1316 0 0
0 0 0 0 16 1689 2365 26 0 0 0 0 50 1887 2159 0 0 0 0 16 1600 2293 187 0
0 0 0 104 66 438 3346 142 0 0 0 133 43 667 3200 53 0 0 49 104 336 2516 1083 8
0 0 0 467 591 184 2649 205 0 0 0 482 594 181 2707 132 0 0 13 915 207 1686 1208 67
34 33 66 561 382 212 2420 388 41 26 70 526 385 215 2430 403 43 31 146 671 210 523 2017 455
21 30 60 259 679 255 1990 802 21 33 49 184 713 264 1892 940 21 33 72 564 390 223 2005 788
2 9 7 72 248 176 1943 1639 0 9 10 54 236 155 1943 1689 5 7 12 84 234 178 1967 1609
0 0 0 0 0 7 679 3410 0 0 0 0 0 7 660 3429 0 0 0 0 0 5 797 3294
0 0 0 0 0 45 1425 2626 0 0 0 0 0 187 1336 2573 0 0 0 0 110 860 1045 2081
0 9 16 6 12 8 1153 2892 0 5 19 6 15 53 1185 2813 3 13 13 15 1 681 1076 2294
415 244 39 46 312 93 834 2113 424 234 36 39 283 150 887 2043 573 112 44 298 93 476 935 1565
866 687 507 531 409 93 312 691 966 637 538 441 409 95 362 648 1357 647 500 455 89 134 385 529
800 832 780 885 673 125 1 0 882 912 889 774 561 76 2 0 1331 967 939 685 172 1 1 0
718 805 838 1250 388 12 29 56 782 943 985 1056 237 29 20 44 1153 1139 1298 397 22 11 29 47
949 803 713 797 544 67 33 190 1042 837 751 797 412 41 44 172 1437 912 968 475 61 42 22 179
648 661 906 550 800 149 51 331 663 689 992 460 778 118 72 324 979 1019 629 855 167 97 24 326
471 558 1141 464 531 325 63 543 547 522 1238 381 540 253 91 524 778 974 839 553 289 89 49 525
592 476 583 331 247 249 255 1363 657 446 569 363 262 186 285 1328 851 635 441 314 120 226 232 1277
56 33 57 40 75 220 443 3172 72 56 40 37 120 148 507 3116 92 62 38 111 72 211 757 2753
0 0 0 0 6 50 1413 2627 0 0 0 0 6 79 1872 2139 0 0 0 0 13 702 2197 1184
0 9 125 289 267 382 1467 1557 0 11 134 287 260 379 1923 1102 0 28 243 287 294 819 1755 670
0 27 331 412 359 682 1594 691 0 21 355 426 397 698 1584 615 1 158 459 442 561 1444 540 491
5 219 459 397 547 828 1062 579 5 255 440 443 584 787 1013 569 64 484 449 553 734 1091 195 526
6 177 441 585 819 827 643 598 6 243 431 619 830 918 469 580 105 459 633 794 898 504 169 534
0 74 411 647 1226 797 387 554 0 113 428 752 1146 725 381 551 39 396 716 1209 734 347 135 520
0 0 7 89 1842 1042 421 695 0 0 7 173 2213 602 400 701 0 6 137 2298 465 302 235 653
0 0 1 116 2342 909 193 535 0 0 1 147 2726 466 231 525 0 0 115 2461 682 226 92 520
0 0 0 75 1571 1564 326 560 0 0 0 74 1932 1202 316 572 0 0 31 1451 1514 332 212 556
0 0 0 64 763 2243 364 662 0 0 0 23 925 2091 403 654 0 0 0 610 2186 474 183 643
0 0 1 28 346 1669 1320 732 0 0 1 25 419 1826 1102 723 0 0 3 219 1274 1685 199 716
0 0 0 0 190 1019 2082 805 0 0 0 2 181 1032 2057 824 0 0 0 33 772 2183 296 812
0 0 0 0 104 640 2397 955 0 0 0 0 111 672 2406 907 0 0 0 9 377 1387 1405 918
0 0 0 42 316 566 2280 892 0 0 0 34 286 552 2343 881 0 0 0 87 472 944 1655 938
0 76 166 225 350 405 1422 1452 0 80 176 211 303 368 1408 1550 1 129 155 229 388 373 1189 1632
0 0 0 0 0 0 18 4078 0 0 0 0 0 0 13 4083 0 0 0 0 0 0 19 4077
51 455 503 289 370 592 460 1376 56 523 436 263 375 458 591 1394 154 662 284 377 431 477 409 1302
56 834 520 400 218 385 503 1180 56 907 528 355 198 343 551 1158 299 943 433 255 250 398 443 1075
62 957 302 255 193 284 533 1510 55 1047 260 264 146 252 595 1477 371 827 282 218 196 314 487 1401
19 671 305 146 153 372 542 1888 43 769 216 128 152 325 601 1862 173 710 169 159 234 367 524 1760
12 317 209 159 193 546 913 1747 48 337 172 157 183 470 965 1764 101 379 164 177 317 595 730 1633
0 68 197 191 389 643 662 1946 1 209 397 340 293 541 640 1675 37 304 441 321 324 597 472 1600
0 0 3 13 82 268 734 2996 0 1 2 19 90 266 758 2960 0 1 6 76 78 417 726 2792
0 0 4 10 83 300 862 2837 0 0 5 26 85 317 883 2780 0 0 8 83 69 458 896 2582
0 8 7 55 133 330 910 2653 1 9 6 75 129 319 919 2638 5 6 37 125 142 535 819 2427
0 0 0 31 103 451 1381 2130 0 0 0 44 101 436 1547 1968 0 0 11 88 238 887 1553 1319
0 0 14 33 103 691 2284 971 0 0 9 32 108 605 2437 905 0 1 21 37 385 1708 1259 685
0 0 29 173 516 1038 2022 318 0 0 23 163 525 1296 1771 318 0 3 106 387 1071 1911 433 185
0 0 4 173 901 1765 1077 176 0 0 2 216 963 1856 901 158 0 1 138 886 1793 943 292 43
0 40 249 689 1434 1089 474 121 0 40 262 723 1436 1059 459 117 13 196 633 1434 1129 453 223 15
0 1 192 978 1534 824 413 154 0 2 214 1072 1493 762 406 147 0 158 967 1498 834 372 212 55
0 2 222 1203 1591 584 336 158 0 1 255 1306 1492 555 322 165 0 166 1249 1561 535 320 216 49
0 0 1 307 1951 549 784 504 0 0 0 337 1937 485 755 582 0 0 213 1971 426 400 800 286
0 0 8 258 2113 682 359 676 0 0 6 254 2141 655 356 684 0 1 143 2172 530 409 268 573
0 0 2 213 2270 585 369 657 0 0 5 214 2290 519 396 672 0 0 129 2301 474 392 230 570
0 0 0 125 2369 632 368 602 0 0 3 104 2444 527 408 610 0 0 71 2323 572 372 243 515
0 0 0 92 2243 916 334 511 0 0 1 93 2282 831 369 520 0 0 60 1863 1138 368 234 433
0 0 1 77 1116 2102 379 421 0 0 1 71 1122 2072 401 429 0 0 62 642 2379 402 266 345
0 0 1 74 235 2950 474 362 0 0 0 73 207 2960 488 368 0 1 58 100 2790 607 268 272
0 0 3 88 126 1740 1659 480 0 0 1 99 109 1438 1955 494 0 0 61 102 669 2449 431 384
134 147 231 597 584 876 1394 133 126 132 197 568 592 627 1660 194 171 146 382 605 525 1152 992 123
0 0 0 0 0 0 208 3888 0 0 0 0 0 0 236 3860 0 0 0 0 0 5 269 3822
1 7 20 114 313 633 860 2148 2 7 19 103 273 506 1032 2154 2 8 24 151 399 689 758 2065
0 0 0 0 2 13 352 3729 0 0 0 0 2 15 367 3712 0 0 0 0 2 23 398 3673
1 2 4 17 23 36 337 3676 1 3 7 17 20 36 341 3671 1 2 8 18 22 42 382 3621
0 0 3 4 5 25 345 3714 0 1 2 5 4 23 349 3712 0 1 3 5 3 38 397 3649
0 1 62 147 179 503 1182 2022 0 5 72 133 171 369 1269 2077 0 16 107 131 237 632 1095 1878
0 0 43 178 438 660 670 2107 0 209 591 355 266 464 526 1685 40 321 640 281 319 457 436 1602
0 0 0 0 0 0 515 3581 0 0 0 0 0 1 533 3562 0 0 0 0 0 8 771 3317
0 0 0 0 0 0 711 3385 0 0 0 0 0 0 754 3342 0 0 0 0 0 20 1073 3003
0 0 0 70 103 192 990 2741 0 0 0 66 98 193 1033 2706 0 0 46 76 130 445 1007 2392
0 0 0 0 9 262 1382 2443 0 0 0 0 9 291 1512 2284 0 0 0 1 184 713 2323 875
0 0 23 111 243 1017 2559 143 0 0 3 105 214 778 2816 180 0 0 56 172 553 1594 1668 53
0 0 36 187 661 1126 1873 213 0 0 17 160 646 1249 1806 218 0 0 90 545 949 2056 362 94
0 0 0 96 732 1838 1301 129 0 0 0 104 757 1944 1175 116 0 0 52 637 1726 1370 291 20
0 9 121 483 1224 1386 775 98 0 7 119 483 1232 1407 750 98 3 75 397 1132 1457 804 219 9
0 9 167 692 1471 1153 499 105 0 6 176 721 1489 1106 494 104 1 121 606 1464 1171 495 214 24
0 0 160 763 1725 933 401 114 0 0 149 762 1740 945 377 123 0 81 639 1813 966 341 230 26
0 0 17 126 1311 888 1060 694 0 0 8 117 1216 896 1020 839 0 2 39 1118 879 542 977 539
0 0 2 108 2094 1005 575 312 0 0 0 104 2118 948 591 335 0 0 51 1754 1171 462 523 135
0 0 0 34 2001 1540 387 134 0 0 0 34 2065 1469 387 141 0 0 1 1891 1585 345 238 36
0 0 0 6 1644 1960 355 131 0 0 0 4 1693 1903 362 134 0 0 0 1333 2143 351 233 36
0 0 0 1 997 2580 398 120 0 0 0 1 977 2564 430 124 0 0 0 558 2881 410 224 23
0 0 0 0 529 3074 365 128 0 0 0 0 420 3147 385 144 0 0 0 124 3323 370 233 46
0 0 0 0 110 3417 426 143 0 0 0 0 79 3398 464 155 0 0 0 6 2809 964 274 43
0 0 0 0 10 2695 1071 320 0 0 0 0 9 1931 1824 332 0 0 0 0 525 3009 347 215
0 0 156 454 573 1133 1554 226 0 0 73 399 546 783 2002 293 0 3 255 430 578 1725 883 222
0 0 0 0 0 0 95 4001 0 0 0 0 0 0 100 3996 0 0 0 0 0 0 130 3966
0 0 0 66 312 809 755 2154 0 0 0 61 293 560 1035 2147 0 0 0 104 493 778 647 2074
0 1 7 37 139 185 374 3353 0 0 7 23 143 172 400 3351 0 1 7 42 178 159 403 3306
0 0 0 0 0 2 324 3770 0 0 0 0 0 2 323 3771 0 0 0 0 0 12 377 3707
0 0 0 0 0 4 288 3804 0 0 0 0 0 5 289 3802 0 0 0 0 0 11 337 3748
0 7 76 162 153 658 1078 1962 0 12 76 172 134 414 1322 1966 0 37 110 171 276 897 732 1873
0 0 17 170 490 659 705 2055 3 229 493 382 251 500 661 1577 52 259 601 307 286 559 565 1467
0 0 0 0 0 3 571 3522 0 0 0 0 0 3 606 3487 0 0 0 0 0 20 835 3241
0 0 0 0 0 0 633 3463 0 0 0 0 0 1 652 3443 0 0 0 0 0 27 920 3149
0 0 0 17 52 174 1046 2807 0 0 0 21 48 181 1059 2787 0 0 2 51 90 408 1140 2405
0 0 0 0 3 192 1115 2786 0 0 0 0 4 223 1271 2598 0 0 0 0 132 506 2377 1081
0 0 9 121 191 903 2493 379 0 0 4 95 185 714 2886 212 0 0 36 155 526 1614 1738 27
0 0 25 165 457 935 2214 300 0 0 11 146 458 814 2337 330 0 0 71 313 584 2415 600 113
0 0 0 39 423 1261 2248 125 0 0 0 35 432 1204 2288 137 0 0 13 301 981 2452 327 22
0 0 16 231 920 1554 1254 121 0 0 14 217 907 1526 1292 140 0 5 155 730 1427 1449 297 33
0 10 127 471 1152 1370 815 151 0 3 126 466 1181 1352 801 167 1 81 361 1061 1306 964 277 45
0 0 64 483 1416 1370 609 154 0 0 63 487 1417 1343 615 171 0 31 334 1298 1425 675 299 34
0 0 13 121 660 2128 995 179 0 0 4 106 606 2081 998 301 0 0 78 486 1948 815 757 12
0 0 2 86 798 2467 563 180 0 0 1 71 692 2547 598 187 0 0 55 445 2616 548 327 105
0 0 0 2 395 3132 416 151 0 0 0 2 366 3141 428 159 0 0 1 190 3172 429 269 35
0 0 0 0 211 3356 412 117 0 0 0 0 198 3335 437 126 0 0 0 56 3328 464 209 39
0 0 0 0 125 3422 409 140 0 0 0 0 92 3431 422 151 0 0 0 14 3219 575 258 30
0 0 0 0 58 3485 433 120 0 0 0 0 36 3389 530 141 0 0 0 6 2541 1260 233 56
0 0 0 0 9 2556 824 707 0 0 0 0 8 2134 1235 719 0 0 0 0 543 2595 333 625
0 0 0 0 27 2115 1723 231 0 0 0 0 18 1051 2766 261 0 0 0 0 101 3509 362 124
0 0 157 486 679 1304 1470 0 0 0 72 441 650 876 2000 57 0 11 282 493 745 2016 549 0
0 0 0 0 0 0 72 4024 0 0 0 0 0 0 95 4001 0 0 0 0 0 0 102 3994
0 0 9 105 335 642 717 2288 0 0 6 101 327 506 863 2293 0 0 16 166 414 689 606 2205
0 0 0 0 0 26 333 3737 0 0 0 0 1 26 349 3720 0 0 0 0 8 44 378 3666
0 0 0 0 0 0 276 3820 0 0 0 0 0 0 289 3807 0 0 0 0 0 2 326 3768
0 0 0 0 0 2 286 3808 0 0 0 0 0 2 293 3801 0 0 0 0 0 4 340 3752
0 1 57 148 135 584 1163 2008 0 1 61 154 123 396 1331 2030 0 10 115 144 259 945 716 1907
0 0 7 180 514 671 711 2013 11 315 474 307 248 445 701 1595 90 345 497 287 273 562 574 1468
0 0 0 0 0 2 613 3481 0 0 0 0 0 4 645 3447 0 0 0 0 0 25 910 3161
0 0 0 0 0 5 686 3405 0 0 0 0 0 6 711 3379 0 0 0 0 0 45 995 3056
0 0 0 22 88 152 1092 2742 0 0 0 17 89 146 1132 2712 0 0 0 70 89 456 1146 2335
0 0 0 0 3 155 902 3036 0 0 0 0 3 180 1113 2800 0 0 0 0 78 411 2312 1295
0 5 32 70 174 753 1863 1199 0 4 31 64 167 613 2356 861 0 10 53 121 352 1465 1564 531
0 0 4 135 410 606 2453 488 0 0 4 124 383 543 2529 513 0 0 63 225 421 1817 1370 200
0 0 0 7 226 899 2826 138 0 0 0 5 223 854 2879 135 0 0 1 99 590 2729 653 24
0 0 0 106 636 1310 1899 145 0 0 0 90 610 1233 1999 164 0 0 33 418 1021 2167 415 42
0 0 73 376 955 1448 1111 133 0 1 69 353 941 1430 1154 148 0 31 208 767 1338 1394 314 44
0 0 42 296 978 1566 1089 125 0 0 45 289 939 1511 1168 144 0 10 205 728 1411 1392 315 35
0 0 0 85 388 2263 1000 360 0 0 0 69 395 2038 1164 430 0 0 36 251 1703 1238 619 249
0 0 0 69 351 2759 754 163 0 0 0 50 280 2789 808 169 0 0 37 174 2248 1254 287 96
0 0 0 0 116 3200 639 141 0 0 0 0 87 3078 785 146 0 0 0 18 2097 1667 263 51
0 0 0 0 54 3325 575 142 0 0 0 0 45 3154 731 166 0 0 0 11 1931 1829 282 43
0 0 0 1 32 3373 568 122 0 0 0 1 21 2805 1131 138 0 0 0 5 1232 2555 258 46
0 0 0 0 21 2784 1065 226 0 0 0 0 18 1865 1953 260 0 0 0 4 394 3205 362 131
0 0 0 1 14 1284 2323 474 0 0 0 0 10 688 2907 491 0 0 0 4 51 3213 442 386
0 0 0 4 19 827 2941 305 0 0 0 3 18 443 3279 353 0 0 0 8 38 3396 477 177
0 0 185 527 649 1246 1350 139 0 0 110 492 643 825 1853 173 0 19 316 519 730 1823 578 111
0 0 0 0 0 0 87 4009 0 0 0 0 0 0 88 4008 0 0 0 0 0 0 117 3979
0 0 0 33 231 828 784 2220 0 0 0 24 294 631 958 2189 0 0 0 99 518 881 515 2083
0 0 0 0 0 1 263 3832 0 0 0 0 0 1 272 3823 0 0 0 0 0 3 304 3789
0 0 0 0 0 0 283 3813 0 0 0 0 0 0 288 3808 0 0 0 0 0 4 348 3744
0 0 0 0 0 2 232 3862 0 0 0 0 0 2 260 3834 0 0 0 0 0 6 330 3760
0 0 34 158 124 575 1244 1961 0 0 40 170 111 409 1396 1970 0 0 117 138 195 1192 567 1887
0 0 18 211 526 549 653 2139 11 321 418 275 232 481 701 1657 111 334 443 250 279 633 483 1563
0 0 0 0 4 13 577 3502 0 0 2 5 8 14 615 3452 0 0 2 5 8 35 871 3175
0 0 0 0 0 3 651 3442 0 0 0 0 0 3 676 3417 0 0 0 0 0 31 984 3081
0 0 6 73 111 253 1018 2635 0 0 6 78 103 243 1066 2600 0 0 45 106 160 487 1064 2234
0 0 0 0 0 102 1025 2969 0 0 0 0 0 134 1132 2830 0 0 0 0 12 525 2202 1357
0 0 9 136 156 708 2065 1022 0 0 2 119 162 554 2479 780 0 0 68 151 274 1748 1640 215
0 0 4 136 367 687 2399 503 0 0 3 134 339 637 2499 484 0 1 83 220 490 1484 1674 144
0 0 0 7 85 617 3164 223 0 0 0 3 86 566 3225 216 0 0 0 29 313 2254 1456 44
0 0 0 36 354 1131 2411 164 0 0 0 28 336 1052 2498 182 0 0 3 166 718 2380 792 37
0 1 58 226 814 1560 1338 99 0 1 50 215 747 1500 1448 135 0 25 127 528 1285 1738 366 27
0 0 61 220 854 1519 1328 114 0 0 52 211 788 1434 1482 129 0 3 150 547 1261 1712 386 37
0 0 0 93 249 2241 1443 70 0 0 0 84 212 1812 1854 134 0 0 50 111 987 2334 595 19
0 0 0 62 148 2328 1341 217 0 0 0 57 131 1834 1830 244 0 0 39 90 645 2610 577 135
0 0 0 0 66 2746 1175 109 0 0 0 0 52 1736 2176 132 0 0 0 8 548 3197 318 25
0 0 0 0 28 2526 1445 97 0 0 0 0 22 1301 2639 134 0 0 0 0 298 3438 331 29
0 0 0 0 4 1958 2019 115 0 0 0 0 1 886 3075 134 0 0 0 0 164 3573 322 37
0 0 0 0 1 1319 2654 122 0 0 0 0 1 485 3460 150 0 0 0 0 43 3673 338 42
0 0 0 0 1 589 3375 131 0 0 0 0 1 245 3691 159 0 0 0 0 9 3671 366 50
0 0 0 0 3 472 3442 179 0 0 0 0 1 239 3648 208 0 0 0 0 11 3542 481 62
0 0 131 544 596 1169 1590 66 0 0 66 486 588 932 1900 124 0 4 305 576 650 1766 750 45
0 0 13 101 98 39 96 3749 0 0 30 108 88 36 130 3704 0 5 95 67 68 50 134 3677
0 0 5 84 256 724 936 2091 0 0 13 96 316 631 971 2069 0 2 34 147 559 832 593 1929
0 0 4 19 56 62 289 3666 0 0 6 27 61 62 288 3652 0 0 18 41 51 65 334 3587
0 0 0 1 4 20 263 3808 0 0 0 3 10 21 269 3793 0 0 0 3 11 28 316 3738
0 0 0 0 0 0 227 3869 0 0 0 0 0 0 238 3858 0 0 0 0 0 1 284 3811
0 0 37 123 96 572 1097 2171 0 0 39 124 92 453 1202 2186 0 7 93 112 206 1195 423 2060
0 0 14 266 490 522 592 2212 14 368 319 285 194 417 623 1876 163 329 366 245 227 541 476 1749
0 0 0 18 85 69 555 3369 2 48 74 39 29 65 597 3242 4 60 66 35 35 85 876 2935
0 0 0 0 0 1 661 3434 0 0 0 0 0 3 692 3401 0 0 0 0 0 56 1005 3035
0 1 3 50 84 219 984 2755 0 1 4 54 81 207 1017 2732 0 4 19 85 138 352 1209 2289
0 0 0 8 50 159 1040 2839 0 0 0 15 44 179 1146 2712 0 0 6 49 39 595 2246 1161
0 0 0 90 116 656 2151 1083 0 0 0 82 120 546 2471 877 0 0 27 132 214 1726 1742 255
0 0 2 187 324 748 2178 657 0 0 1 180 299 672 2335 609 0 0 104 264 480 1302 1814 132
0 0 0 3 40 457 3181 415 0 0 0 3 40 438 3217 398 0 0 0 17 175 1427 2416 61
0 0 0 12 192 958 2780 154 0 0 0 10 169 863 2847 207 0 0 0 78 468 2285 1226 39
0 0 39 169 696 1512 1570 110 0 0 32 152 625 1417 1729 141 0 6 80 379 1109 2014 479 29
0 4 133 197 718 1487 1442 115 0 0 123 191 648 1412 1575 147 0 35 169 443 1086 1892 443 28
0 0 0 88 220 1988 1702 98 0 0 0 73 195 1211 2457 160 0 0 40 128 615 2713 578 22
0 0 0 84 102 2007 1770 133 0 0 0 73 90 1033 2747 153 0 0 45 97 283 3291 314 66
0 0 0 0 44 1649 2284 119 0 0 0 0 25 805 3116 150 0 0 0 0 256 3398 412 30
0 0 0 0 16 1163 2794 123 0 0 0 0 15 550 3387 144 0 0 0 0 203 3511 344 38
0 0 0 0 1 799 3174 122 0 0 0 0 0 421 3512 163 0 0 0 0 45 3600 408 43
0 0 0 0 0 666 3322 108 0 0 0 0 0 288 3677 131 0 0 0 0 11 3649 392 44
0 0 0 0 2 369 3571 154 0 0 0 0 0 167 3733 196 0 0 0 0 7 3593 443 53
0 0 0 0 8 467 3453 168 0 0 0 0 5 254 3643 194 0 0 0 0 18 3490 525 63
3 10 108 496 715 1455 1309 0 0 9 71 444 701 1140 1696 35 5 9 258 593 895 1843 493 0
0 0 1 26 89 208 1516 2256 0 4 17 65 148 512 2182 1168 9 29 102 164 668 1635 806 683
0 0 0 68 256 709 1699 1364 0 0 4 86 323 814 2125 744 0 2 29 222 835 1845 742 421
0 0 2 36 97 344 1792 1825 0 0 6 49 158 578 2201 1104 0 3 40 138 472 1703 1253 487
0 0 9 56 127 390 1639 1875 0 0 23 84 179 605 2096 1109 0 11 74 211 606 1658 985 551
0 0 12 58 92 244 1496 2194 0 0 38 62 128 458 2057 1353 0 17 96 132 477 1537 1006 831
0 0 40 149 159 448 1925 1375 0 0 51 155 193 521 2198 978 0 13 170 182 435 1944 806 546
0 2 39 271 456 788 1131 1409 12 88 187 283 383 774 1337 1032 33 176 333 424 614 1010 919 587
0 9 26 92 262 435 1181 2091 6 96 187 160 246 514 1447 1440 27 188 247 287 516 982 867 982
0 25 72 113 192 312 1256 2126 32 115 107 118 205 519 1478 1522 92 111 151 231 609 986 732 1184
0 14 137 246 372 530 1169 1628 5 132 251 266 388 615 1146 1293 96 310 265 391 538 808 765 923
0 17 62 145 435 595 1301 1541 60 197 173 242 370 862 1148 1044 188 257 279 583 705 606 1052 426
0 0 37 195 275 684 1869 1036 28 66 91 180 323 707 1908 793 75 115 200 378 493 1170 1211 454
0 18 95 403 602 873 1412 693 18 55 105 397 603 884 1493 541 38 128 359 573 750 1091 951 206
0 14 80 310 389 631 2053 619 67 159 156 258 405 686 2028 337 137 203 277 404 520 1035 1465 55
0 31 248 471 596 737 1754 259 106 127 287 479 539 643 1735 180 139 289 481 490 495 1275 885 42
7 137 367 482 771 1150 1012 170 133 219 316 488 652 1032 1131 125 231 335 438 522 818 1291 421 40
6 217 489 581 719 936 992 156 129 261 481 529 620 854 1093 129 238 455 516 533 702 1227 379 46
1 195 521 311 324 1130 1286 328 316 295 292 189 298 894 1502 310 582 310 157 226 478 1601 525 217
10 187 504 255 202 1391 1386 161 349 233 301 140 149 840 1922 162 580 250 154 144 341 2249 325 53
6 142 570 393 166 1013 1607 199 432 254 351 160 92 709 1944 154 635 393 117 92 281 2211 314 53
7 132 525 393 146 744 1973 176 398 237 441 84 89 453 2243 151 647 397 91 75 153 2349 342 42
34 262 392 298 160 722 2081 147 408 316 237 148 100 511 2259 117 721 279 117 72 173 2406 284 44
2 152 544 261 103 610 2225 199 369 302 291 79 50 311 2536 158 522 374 90 75 81 2485 411 58
2 119 368 453 117 434 2429 174 508 221 242 56 53 316 2562 138 680 239 75 56 86 2509 393 58
3 117 410 302 199 691 2041 333 395 178 267 87 120 495 2233 321 483 260 131 109 195 2199 521 198
0 10 138 448 630 1147 1393 330 80 25 97 344 594 934 1635 387 88 60 203 456 732 1396 878 283
0 0 5 19 110 264 1566 2132 0 2 9 58 185 491 2536 815 2 15 49 190 509 2005 1114 212
0 0 4 64 305 754 1724 1245 0 1 11 136 363 827 2238 520 1 14 77 278 845 1968 806 107
0 0 4 9 132 410 1774 1767 0 1 4 27 213 658 2325 868 0 4 15 144 494 1778 1453 208
0 0 0 11 59 301 1878 1847 0 0 3 22 123 592 2436 920 0 6 23 117 491 1845 1407 207
0 0 1 22 109 392 1811 1761 0 0 7 54 210 649 2272 904 0 11 82 222 686 1772 1123 200
0 0 73 169 306 574 1848 1126 0 0 76 184 314 674 2254 594 8 68 239 348 653 1980 722 78
0 0 38 209 605 953 1474 817 0 1 51 233 555 1026 1733 497 21 143 431 534 951 1398 559 59
0 0 53 119 247 520 1820 1337 0 8 80 154 319 723 2222 590 8 95 157 323 818 1845 808 42
0 36 156 305 477 627 1648 847 4 66 239 341 531 867 1677 371 70 260 401 579 972 1280 488 46
0 5 92 244 474 814 1641 826 1 39 184 344 632 1084 1505 307 59 232 438 771 1215 1083 280 18
0 3 28 172 528 900 1759 706 0 14 86 333 719 1210 1510 224 25 126 480 827 1331 1040 252 15
0 0 28 204 499 1109 1919 337 0 4 78 317 660 1288 1593 156 5 128 384 850 1203 1335 169 22
0 10 96 495 793 1220 1232 250 0 14 177 517 803 1167 1247 171 11 157 472 786 1043 1345 255 27
0 21 255 744 917 847 981 331 0 45 386 844 912 809 904 196 43 366 840 933 760 802 326 26
0 43 450 840 1084 818 696 165 2 82 559 894 1042 827 557 133 56 491 935 1014 830 510 232 28
2 112 437 1002 1296 682 378 187 10 142 509 1083 1152 651 385 164 115 437 1001 1104 726 405 260 48
7 315 1086 1243 735 275 292 143 13 438 1213 1063 694 256 286 133 359 1221 951 755 316 259 196 39
111 561 681 761 591 429 776 186 28 614 854 713 536 374 769 208 665 876 699 458 322 546 466 64
34 294 528 876 599 628 843 294 36 312 755 856 470 535 860 272 463 804 740 406 459 692 424 108
47 413 858 1250 752 307 292 177 39 447 1200 1219 536 217 288 150 785 1194 1067 417 193 249 148 43
119 634 903 1006 649 310 281 194 115 638 1234 935 466 271 262 175 958 1179 898 402 223 216 180 40
72 420 714 1109 920 368 312 181 172 505 868 1049 769 310 272 151 644 1022 1133 552 274 270 152 49
26 228 931 1229 805 408 286 183 63 404 1081 1171 625 339 272 141 494 1272 1076 535 276 230 192 21
9 184 708 1258 984 452 312 189 45 265 997 1231 761 363 275 159 339 1188 1203 629 274 248 186 29
11 200 618 1244 957 468 328 270 55 306 840 1256 725 345 316 253 312 1001 1223 637 320 230 303 70
0 2 148 461 1140 1213 920 212 0 11 145 491 982 1105 1080 282 8 73 435 760 995 1175 505 145
0 0 7 21 87 324 1783 1874 0 0 10 58 173 563 2499 793 0 12 53 167 568 1927 1177 192
0 0 4 56 255 581 1751 1449 0 0 13 101 303 733 2342 604 0 11 73 274 805 1855 891 187
0 0 4 46 309 529 1662 1546 0 2 6 110 390 776 1996 816 1 6 59 335 658 1562 1267 208
0 0 4 95 240 459 1646 1652 0 0 13 122 289 664 2071 937 2 41 180 292 575 1530 1228 248
0 0 8 31 90 339 1779 1849 0 0 14 64 174 637 2363 844 0 11 68 180 661 1915 1135 126
0 0 15 92 215 589 1994 1191 0 0 17 121 284 708 2313 653 0 11 118 278 692 1958 909 130
0 0 33 324 508 778 1684 769 0 0 78 382 540 860 1832 404 1 68 329 574 845 1522 651 106
0 0 50 283 553 721 1659 830 0 13 154 418 612 1001 1581 317 30 200 481 733 1196 1079 350 27
0 0 33 152 345 714 1893 959 0 18 78 259 491 1073 1841 336 26 107 331 654 1342 1259 350 27
0 0 20 158 399 820 1817 882 0 4 80 271 599 1154 1682 306 19 110 334 740 1279 1224 349 41
0 5 34 176 423 900 1768 790 0 15 86 290 655 1217 1594 239 18 133 397 809 1396 1084 238 21
0 3 31 257 559 1143 1633 470 0 6 73 355 714 1305 1322 321 9 93 423 799 1167 1184 261 160
0 9 104 500 808 1081 1247 347 0 9 143 573 816 979 1279 297 7 83 523 773 862 1304 435 109
0 1 126 669 966 953 945 436 0 13 235 797 973 885 938 255 9 193 771 937 853 841 458 34
0 38 341 715 978 949 895 180 0 70 438 783 932 937 806 130 45 356 780 963 911 757 252 32
1 81 486 1119 1180 664 404 161 1 104 577 1165 1042 634 438 135 60 478 1039 981 779 456 266 37
4 65 598 1337 1013 494 420 165 6 152 902 1347 774 412 383 120 133 945 1410 697 374 332 190 15
0 32 306 856 1015 708 891 288 3 72 450 907 926 614 849 275 85 473 935 868 499 605 529 102
0 22 227 772 1133 993 777 172 0 52 379 938 1003 856 705 163 56 432 1013 902 718 722 192 61
87 551 578 870 877 560 375 198 53 472 930 937 751 441 342 170 778 769 985 670 377 302 186 29
53 670 561 793 839 572 430 178 59 569 885 904 701 468 345 165 917 805 849 637 412 266 179 31
0 21 331 1096 1294 703 446 205 0 65 578 1352 1031 559 374 137 97 827 1306 890 462 290 178 46
0 26 309 1000 1315 779 467 200 6 56 536 1184 1137 647 391 139 91 647 1286 961 586 299 214 12
2 91 526 1040 1161 676 407 193 6 176 744 1101 1037 518 353 161 226 830 1114 920 478 324 182 22
0 77 421 1113 1101 647 459 278 10 127 631 1207 924 544 403 250 144 675 1145 876 538 326 306 86
1 28 219 631 1037 1732 398 50 1 49 224 608 997 1476 683 58 42 206 544 833 1277 1030 146 18
0 0 5 39 128 331 1550 2043 0 0 17 80 198 614 2112 1075 1 18 66 145 524 1577 1344 421
0 0 11 66 224 679 1643 1473 0 1 33 94 319 859 1963 827 1 33 78 233 800 1659 957 335
0 1 10 79 390 614 1628 1374 0 1 20 133 472 824 1918 728 0 3 70 357 713 1527 1226 200
0 2 8 50 143 419 1994 1480 0 4 13 95 197 691 2414 682 1 19 77 196 638 1942 1112 111
0 17 100 258 350 435 1589 1347 0 39 129 295 371 588 1916 758 39 142 242 417 568 1340 1207 141
0 8 91 452 676 663 1414 792 0 29 258 548 656 719 1528 358 133 408 539 564 729 1200 498 25
0 0 28 160 339 1053 1629 887 0 2 34 225 430 1228 1877 300 0 26 243 493 1249 1643 406 36
0 0 16 81 283 659 1856 1201 0 2 42 179 451 949 2032 441 2 66 236 549 1211 1485 532 15
0 0 34 178 435 792 1755 902 0 12 68 249 613 1129 1672 353 30 162 406 718 1276 1167 320 17
0 5 46 207 477 888 1769 704 0 13 94 319 664 1189 1587 230 29 198 434 760 1208 1211 245 11
0 4 52 159 570 924 1737 650 0 15 94 367 692 1206 1484 238 19 118 451 820 1359 1045 269 15
0 0 30 294 574 1271 1542 385 0 4 75 423 746 1487 1190 171 5 108 510 887 1417 945 204 20
0 2 68 405 817 1386 1212 206 0 6 82 468 848 1388 1162 142 2 72 382 849 1197 1334 240 20
0 4 76 428 798 1036 1236 518 0 16 146 584 872 1055 1176 247 11 126 606 894 964 1110 369 16
1 18 241 708 921 1031 960 216 1 34 338 720 962 1024 880 137 26 244 678 969 968 880 303 28
1 47 331 892 1222 813 612 178 8 99 493 1094 1105 708 469 120 99 598 1118 1060 602 413 189 17
0 10 99 655 1315 1075 745 197 0 19 278 970 1323 838 568 100 27 401 1191 1178 722 420 144 13
0 13 105 576 1244 951 1006 201 2 29 224 895 1082 769 939 156 37 293 974 986 641 761 389 15
0 2 134 509 921 1227 1006 297 0 18 225 660 1001 1040 906 246 28 270 764 925 823 741 486 59
0 12 162 576 1179 1216 714 237 0 46 289 816 1233 990 580 142 51 313 962 1270 819 460 201 20
0 8 82 414 1085 1369 881 257 1 14 196 682 1282 1158 613 150 31 238 863 1333 975 432 200 24
57 215 300 625 894 993 807 205 18 172 419 778 1047 874 648 140 418 583 819 927 716 481 148 4
0 42 337 932 958 940 677 210 1 55 422 1078 1031 809 554 146 208 805 836 936 725 392 186 8
0 14 138 471 1007 1159 1078 229 2 19 213 674 1089 1183 781 135 66 300 729 1115 1139 543 184 20
0 44 147 451 885 1058 1105 406 12 64 226 597 954 1002 905 336 42 247 650 937 960 788 324 148
1 36 181 650 940 1624 516 148 2 58 185 624 937 1419 730 141 36 159 555 849 1213 1005 192 87
0 0 0 12 120 381 1676 1907 0 0 4 52 220 707 2220 893 0 4 41 179 596 1740 1240 296
0 0 1 12 88 523 1732 1740 0 0 3 44 165 807 2272 805 0 5 31 166 731 1824 1129 210
0 0 41 205 633 666 1533 1018 0 3 72 280 673 735 1734 599 3 52 139 616 633 1215 1236 202
0 1 54 272 566 690 1650 863 0 10 116 363 645 864 1763 335 9 105 294 685 829 1324 815 35
0 0 15 94 313 634 1905 1135 0 0 41 159 446 929 2092 429 2 41 160 451 1065 1710 636 31
0 2 28 95 301 687 2047 936 1 13 50 161 424 1048 1959 440 14 57 155 465 1175 1485 689 56
0 1 23 164 434 1056 1677 741 0 3 36 229 491 1106 1856 375 0 37 211 468 949 1637 691 103
0 2 13 97 307 701 1839 1137 1 6 55 174 495 1030 1846 489 11 60 217 543 1205 1381 587 92
0 0 49 247 504 844 1645 807 0 2 124 361 684 1077 1560 288 20 155 447 735 1101 1261 357 20
0 8 97 301 601 818 1575 696 0 36 193 444 713 1088 1392 230 53 257 506 847 1081 1047 288 17
0 1 55 199 567 968 1674 632 0 13 117 340 762 1231 1401 232 22 129 437 879 1318 1024 269 18
0 1 31 219 497 1316 1599 433 0 7 63 342 663 1625 1198 198 11 66 398 801 1500 1054 238 28
0 5 46 207 694 1423 1339 382 0 6 54 257 757 1529 1192 301 0 39 212 666 1287 1257 481 154
0 3 85 355 736 917 1461 539 0 13 119 460 809 1044 1369 282 7 100 388 801 1023 1209 541 27
0 17 208 701 1135 968 837 230 0 47 347 939 1144 827 663 129 62 364 1026 1134 746 540 206 18
0 4 124 490 941 1116 1115 306 3 32 301 752 978 1139 777 114 71 411 774 1082 1057 560 128 13
0 5 32 223 710 1363 1431 332 0 9 78 422 1047 1391 1026 123 8 125 536 1269 1274 719 148 17
0 5 38 271 898 1178 1442 264 0 13 92 460 1021 1171 1207 132 12 108 557 1091 1035 943 339 11
0 0 23 222 740 1718 1153 240 0 2 59 404 912 1629 943 147 4 85 444 1084 1385 919 164 11
0 5 53 293 700 1124 1459 462 1 11 116 463 868 1241 1206 190 28 212 593 977 1271 789 220 6
0 2 12 124 501 1254 1833 370 0 3 38 250 736 1588 1311 170 3 62 339 971 1633 835 242 11
0 6 62 214 552 1042 1664 556 0 21 107 314 733 1234 1476 211 14 120 419 904 1402 959 246 32
0 21 140 417 595 853 1678 392 0 32 193 517 672 1006 1484 192 88 267 448 744 1179 1069 275 26
0 8 138 418 636 814 1538 544 0 14 187 570 658 1012 1426 229 58 361 523 696 1143 1014 273 28
0 27 211 467 601 909 1488 393 0 22 196 586 731 1097 1198 266 110 394 512 746 1084 918 304 28
0 4 87 723 1052 1796 354 80 1 14 102 763 1116 1650 420 30 41 179 551 1053 1631 578 63 0
0 2 8 55 151 513 1386 1981 0 3 29 92 329 803 1813 1027 3 30 187 410 637 1332 1039 458
0 0 4 30 158 397 1447 2060 0 0 29 99 283 682 2052 951 2 32 143 291 744 1511 1098 275
0 4 63 183 339 566 1258 1683 1 24 118 264 453 686 1516 1034 24 105 257 395 792 1182 787 554
0 15 55 149 282 493 1444 1658 0 28 93 197 359 761 1568 1090 22 80 191 350 728 1310 719 696
0 9 43 162 387 548 1336 1611 0 21 83 264 473 779 1416 1060 14 85 228 452 760 1174 622 761
0 10 48 154 379 657 1454 1394 2 25 92 232 492 842 1414 997 21 101 223 456 834 1140 620 701
0 2 61 224 466 778 1366 1199 0 11 115 311 529 822 1327 981 8 89 281 436 659 1093 781 749
0 4 49 143 370 668 1449 1413 0 17 85 242 491 913 1248 1100 8 87 262 395 754 1078 549 963
0 0 7 54 279 847 1607 1302 0 2 29 114 444 1106 1340 1061 6 39 103 410 897 1192 489 960
0 0 4 39 222 904 1808 1119 0 1 14 83 350 1278 1502 868 0 20 82 346 1112 1387 421 728
0 2 14 66 257 831 1824 1102 0 6 29 118 417 1163 1668 695 3 37 156 443 1192 1308 430 527
0 0 17 140 378 931 1715 915 0 8 44 204 496 1157 1568 619 10 51 226 463 1260 1165 551 370
0 4 91 428 765 1428 1135 245 0 6 129 445 793 1464 1095 164 6 107 342 753 1333 1136 388 31
0 16 152 489 978 1065 1140 256 1 29 218 632 1084 1015 964 153 24 171 598 1044 958 887 394 20
0 4 26 166 487 1066 1853 494 0 9 85 290 723 1373 1463 153 13 104 348 905 1319 1138 251 18
0 1 20 129 454 978 1978 536 0 4 58 267 655 1349 1597 166 7 72 294 795 1476 1202 232 18
0 2 31 149 505 949 1856 604 0 9 67 307 686 1280 1525 222 6 84 363 828 1337 1148 290 40
0 0 19 140 448 918 2056 515 0 4 42 217 604 1100 1809 320 4 57 231 651 1048 1305 673 127
0 2 24 151 550 1257 1553 559 0 9 43 246 661 1352 1415 370 8 47 242 665 1192 1175 627 140
0 4 11 109 435 1038 2025 474 1 5 33 249 651 1498 1498 161 7 51 343 801 1746 955 180 13
0 0 18 85 411 907 2072 603 0 2 45 215 617 1331 1679 207 4 61 312 824 1490 1164 227 14
0 0 16 149 505 994 1867 565 0 3 56 336 691 1329 1509 172 9 107 431 863 1378 1053 241 14
0 6 139 741 863 844 1133 370 0 5 130 787 1085 945 951 193 99 657 890 732 868 666 172 12
0 10 152 522 630 782 1399 601 1 14 133 563 833 882 1443 227 97 412 576 666 1036 1013 281 15
0 15 108 298 582 840 1647 606 0 26 174 442 695 923 1495 341 56 233 490 693 927 1117 516 64
0 35 266 680 1067 1581 332 135 1 27 189 757 1132 1410 489 91 139 397 569 782 1438 556 194 21
0 1 9 141 532 1253 1607 553 0 3 92 373 976 1602 862 188 96 510 1168 1424 538 199 134 27
0 7 26 82 280 559 1447 1695 3 17 78 194 424 939 1655 786 26 135 265 488 806 1265 812 299
0 0 1 51 149 385 1518 1992 0 2 22 125 254 781 2046 866 2 22 132 265 797 1671 948 259
0 0 6 56 243 595 1658 1538 0 3 40 138 496 965 1766 688 0 32 189 537 984 1377 814 163
0 1 28 84 283 653 1525 1522 0 24 65 208 468 970 1816 545 29 87 288 528 1063 1384 596 121
0 0 1 20 111 385 1678 1901 0 0 9 62 247 772 2314 692 1 12 75 301 1010 1832 759 106
0 0 9 32 153 379 1717 1806 0 6 23 90 262 748 2326 641 5 27 103 287 824 1896 858 96
0 1 25 87 201 420 1553 1809 0 4 45 136 278 713 2040 880 6 33 157 278 692 1539 1132 259
0 9 61 182 352 493 1533 1466 0 20 101 257 455 773 1900 590 17 117 312 584 1038 1197 668 163
0 24 63 125 243 571 1716 1354 6 44 68 203 400 954 1656 765 26 128 290 612 867 1108 681 384
0 1 47 118 312 692 1580 1346 0 24 69 186 507 1170 1260 880 20 143 406 871 831 789 478 558
0 16 91 179 295 524 1242 1749 1 65 118 201 406 725 1477 1103 30 137 201 360 784 1218 720 646
0 16 83 189 541 767 1358 1142 2 45 114 284 666 929 1417 639 35 126 303 690 1031 1070 568 273
0 22 82 193 431 740 1073 1555 3 38 126 284 543 799 1228 1075 27 108 255 508 848 1018 661 671
0 26 64 116 316 702 1443 1429 3 42 89 187 442 887 1399 1047 29 106 192 428 817 1165 742 617
0 34 64 155 317 736 1554 1236 6 51 97 225 446 903 1531 837 44 126 226 420 913 1268 546 553
0 9 96 217 349 695 1536 1194 0 36 196 256 422 911 1494 781 35 186 264 420 910 1217 518 546
0 4 87 193 366 735 1823 888 2 18 135 253 436 1025 1522 705 10 137 232 423 920 1146 683 545
0 4 27 131 541 1089 1404 900 0 11 37 207 692 1223 1203 723 9 22 198 550 1207 989 519 602
0 3 17 180 420 647 1664 1165 0 6 40 226 500 945 1522 857 5 31 177 514 1027 1164 487 691
0 1 11 184 374 641 1867 1018 0 3 32 217 525 944 1688 687 4 33 151 530 1199 1181 485 513
0 1 15 108 416 803 1653 1100 0 6 44 186 586 1158 1406 710 7 60 256 639 1256 1014 340 524
0 0 15 122 522 880 1673 884 0 2 45 258 662 1060 1500 569 6 74 286 645 1171 1149 439 326
0 0 21 180 491 784 1774 846 0 10 66 293 606 1034 1700 387 15 87 337 558 1098 1436 489 76
0 3 60 316 562 718 1714 723 0 17 145 398 598 832 1666 440 51 310 440 509 784 1283 557 162
0 12 160 559 1168 1355 664 178 2 25 183 563 1152 1336 696 139 38 249 586 780 1382 649 375 37
0 1 23 77 245 605 1647 1498 0 9 81 230 604 1113 1386 673 34 134 380 806 791 1046 705 200
0 0 13 86 281 589 1582 1545 0 16 66 240 460 873 1868 573 20 106 230 482 987 1497 667 107
0 0 1 37 241 728 1774 1315 0 0 29 182 619 1298 1671 297 1 42 291 796 1582 1066 281 37
0 0 21 156 436 944 1564 975 0 10 151 416 880 1301 1167 171 21 184 563 1120 1414 656 126 12
0 0 4 60 242 780 1793 1217 0 2 39 199 665 1282 1637 272 5 62 337 896 1623 963 182 28
0 0 10 40 159 422 1702 1763 0 10 26 111 327 813 2253 556 10 41 159 409 1074 1691 610 102
0 0 0 6 78 270 1487 2255 0 0 3 29 150 583 2299 1032 0 3 27 143 597 1920 1138 268
0 0 5 35 130 323 1547 2056 0 1 17 90 197 636 2138 1017 3 22 88 218 672 1662 1092 339
0 0 11 47 163 462 2026 1387 0 8 24 114 276 874 2244 556 15 81 306 1131 1024 900 504 135
0 1 3 33 184 520 1702 1653 0 5 21 135 412 1016 1824 683 8 81 335 829 1075 1028 587 153
0 0 13 69 258 520 1509 1727 0 0 45 160 361 912 1835 783 10 76 338 639 1059 1134 705 135
0 0 9 73 292 661 1231 1830 0 6 39 174 441 969 1360 1107 12 73 342 667 845 929 789 439
0 0 13 64 160 354 1109 2396 0 6 36 118 256 579 1621 1480 2 40 124 278 580 1255 1278 539
0 0 2 33 111 360 1227 2363 0 1 23 64 239 627 1802 1340 3 21 78 244 736 1320 1180 514
0 0 4 40 171 379 1312 2190 0 0 20 95 271 586 1958 1166 1 27 120 306 828 1380 949 485
0 1 4 20 143 378 1342 2208 1 3 11 72 251 612 1915 1231 1 15 75 243 666 1541 1100 455
0 0 4 42 177 398 1521 1954 0 0 23 102 287 670 2089 925 0 26 102 295 757 1644 1052 220
0 3 5 31 156 358 1641 1902 0 1 9 79 250 666 2149 942 4 11 81 248 794 1730 1056 172
0 3 67 178 330 457 1343 1718 0 19 120 281 360 623 1892 801 33 122 300 400 764 1533 759 185
0 1 42 217 501 635 1305 1395 0 10 102 364 592 824 1542 662 25 151 484 720 766 1144 577 229
0 19 138 376 686 1338 1148 391 5 40 201 486 1037 1490 556 281 137 477 1256 1387 389 102 76 272
1 126 182 505 693 1059 944 586 15 162 217 599 820 1164 634 485 239 422 949 1242 390 222 243 389
4 133 97 278 490 739 1110 1245 66 127 141 409 613 727 1153 860 173 198 380 494 714 951 620 566
0 19 79 204 333 675 1191 1595 2 32 77 225 458 792 1331 1179 12 81 160 326 747 1149 712 909
2 45 126 241 499 696 1059 1428 3 71 136 308 541 759 1178 1100 41 118 255 376 713 1016 694 883
2 80 273 719 830 774 844 574 15 138 359 838 812 770 763 401 72 321 706 970 804 662 292 269
