7 672 3175 132 61 38 11 0 0 45 1218 2701 61 44 26 1 0 28 198 904 1892 1044 28 2
28 323 3563 177 5 0 0 0 0 92 202 3474 328 0 0 0 5 62 155 144 470 3020 240 0
15 102 3827 149 2 1 0 0 1 46 109 2996 941 2 1 0 1 26 63 80 95 2457 1373 1
12 249 3038 580 114 63 37 3 7 161 401 2271 1124 78 45 9 11 143 307 302 364 1940 1008 21
56 649 2534 502 188 115 44 8 31 342 878 2262 380 137 52 14 52 327 602 528 1288 1198 87 14
131 1390 1856 568 96 45 9 1 63 1149 1256 1240 311 53 21 3 111 1129 1067 656 722 369 36 6
56 1211 1864 900 53 12 0 0 43 1075 1449 1327 187 15 0 0 59 1080 1348 755 682 159 13 0
30 641 1609 1519 249 45 3 0 16 517 1254 1428 810 63 8 0 26 564 1194 1026 828 411 47 0
26 504 1434 1300 426 205 160 41 17 425 1264 1289 664 234 158 45 40 566 1226 1091 728 280 138 27
50 799 1619 927 378 198 102 23 39 709 1558 1032 414 215 103 26 74 995 1465 776 461 222 93 10
106 648 884 1088 859 416 94 1 66 580 676 923 1000 675 174 2 90 618 698 932 984 624 150 0
112 883 924 994 692 394 79 18 71 821 832 957 738 522 133 22 98 887 800 938 704 509 142 18
17 204 582 845 707 759 542 440 15 199 543 920 718 681 552 468 22 257 756 966 555 625 534 381
1 176 1072 960 786 754 251 96 1 325 972 918 794 730 258 98 17 645 991 772 673 687 220 91
9 269 1083 902 785 722 293 33 9 257 1072 886 790 735 307 40 25 519 1008 752 751 709 309 23
