251 232 575 1897 1108 33 0 0 238 236 505 1823 1016 278 0 0 578 1803 566 676 362 111 0 0
108 288 235 481 1298 1249 113 324 128 286 204 470 719 979 973 337 392 432 600 305 146 528 837 856
36 396 517 1098 1182 657 64 146 91 380 438 1133 902 584 412 156 457 606 1110 626 376 205 279 437
6 226 534 403 439 769 1077 642 12 265 525 510 541 637 989 617 245 531 557 558 566 436 762 441
0 126 408 2273 1286 3 0 0 0 80 413 2204 1374 25 0 0 55 1819 1172 1034 16 0 0 0
7 177 1504 1710 698 0 0 0 5 156 1326 1943 660 6 0 0 237 2295 1401 119 37 7 0 0
3 442 1400 1183 696 187 58 127 7 598 1333 1191 635 161 50 121 400 1576 1302 441 177 55 39 106
0 72 870 932 262 214 1298 448 0 72 783 891 385 210 1223 532 31 446 936 648 231 191 1360 253
3 215 2142 1218 518 0 0 0 3 339 1880 1227 647 0 0 0 541 2180 1063 312 0 0 0 0
4 762 2517 768 45 0 0 0 8 889 2329 819 51 0 0 0 519 3154 371 52 0 0 0 0
2 558 2707 678 88 48 13 2 4 608 2659 680 94 38 11 2 182 2149 1489 178 68 19 10 1
0 64 895 1340 273 195 1065 264 0 50 868 1362 295 197 1071 253 1 301 1411 746 203 272 1063 99
