3504 558 30 4 0 0 0 0 2776 1205 109 5 1 0 0 0 3571 496 25 4 0 0 0 0
3278 755 55 7 1 0 0 0 2387 1515 171 19 4 0 0 0 3396 644 48 8 0 0 0 0
2418 1306 284 60 21 7 0 0 1538 1737 601 154 47 18 1 0 2789 1065 187 36 16 3 0 0
1797 1594 545 125 27 6 2 0 981 1666 1008 342 76 20 2 1 2201 1459 349 69 15 2 1 0
1384 1749 627 204 68 34 21 9 699 1851 979 368 123 37 25 14 1785 1613 447 155 47 25 19 5
380 1297 1404 778 178 47 11 1 90 754 1337 1068 638 163 36 10 798 1782 1127 306 66 13 4 0
198 687 1008 1055 593 309 146 100 42 416 757 904 915 605 294 163 406 1081 1228 796 289 149 95 52
9 109 475 1086 1314 723 290 90 3 20 142 499 1063 1386 752 231 49 344 1126 1485 750 198 101 43
0 17 147 537 951 1075 743 626 0 1 21 147 595 1167 1228 937 3 85 511 1174 1014 539 312 458
5 42 177 397 652 698 543 1582 0 5 40 173 469 847 810 1752 7 71 310 678 582 465 519 1464
8 49 197 557 984 736 687 878 0 3 33 188 606 1191 987 1088 4 87 505 1035 677 542 557 689
8 83 250 456 830 1070 821 578 0 6 46 227 547 1112 1253 905 5 86 406 1018 1068 666 464 383
0 3 25 112 484 988 1097 1387 0 1 9 45 195 760 1337 1749 0 9 85 491 847 818 734 1112
0 1 14 41 157 260 464 3159 0 0 6 28 72 261 477 3252 0 2 29 91 169 267 416 3122
0 0 0 8 74 363 557 3094 0 0 0 3 36 272 597 3188 0 0 0 17 146 412 458 3063
0 0 1 11 136 440 408 3100 0 0 1 0 44 319 531 3201 0 0 3 72 297 355 334 3035
0 0 3 16 68 267 599 3143 0 0 1 7 46 192 599 3251 0 0 1 17 132 309 521 3116
0 0 1 10 82 349 564 3090 0 0 0 2 24 230 604 3236 0 0 3 47 268 379 377 3022
0 0 0 16 130 479 686 2785 0 0 0 2 30 299 799 2966 0 0 2 97 355 455 494 2693
0 0 1 18 125 269 315 3368 0 0 0 5 45 229 391 3426 0 0 18 123 173 213 250 3319
0 2 27 205 893 906 630 1433 0 0 12 70 350 1143 1081 1440 1 64 615 802 620 462 354 1178
1 28 139 338 518 543 433 2096 1 14 69 199 543 705 544 2021 33 197 420 442 383 375 340 1906
2 6 25 94 208 290 299 3172 5 10 47 111 191 299 403 3030 5 11 43 138 210 262 293 3134
0 6 48 187 214 241 244 3156 0 19 74 174 238 270 260 3061 6 45 190 229 186 187 226 3027
0 1 1 12 10 20 24 4028 0 0 1 4 11 17 30 4033 0 0 1 4 12 17 26 4036
3 15 59 172 162 177 195 3313 0 3 14 65 207 212 238 3357 2 12 71 162 149 161 213 3326
1 23 133 484 849 821 594 1191 0 1 24 132 559 1032 976 1372 74 359 631 763 562 335 289 1083
10 94 314 714 779 598 441 1146 2 17 83 307 798 955 729 1205 108 424 735 719 455 307 306 1042
3365 535 140 38 12 5 1 0 2895 783 264 111 30 8 5 0 3484 475 94 33 8 2 0 0
2839 958 226 54 15 3 1 0 2114 1288 490 149 40 12 3 0 3071 822 155 33 12 2 1 0
2820 934 235 70 24 9 3 1 1990 1450 408 166 48 25 5 4 3043 789 187 51 19 5 2 0
1859 1382 522 187 82 34 21 9 1027 1587 904 329 130 68 34 17 2235 1267 366 128 55 28 15 2
2212 1044 503 205 69 32 22 9 1511 1300 692 345 152 55 24 17 2433 1064 385 120 44 24 19 7
935 1424 1096 416 135 61 19 10 358 1149 1189 877 347 109 47 20 1363 1647 751 221 66 34 7 7
429 1278 1361 729 235 50 13 1 78 724 1381 1150 555 164 36 8 882 1718 1080 333 67 14 2 0
8 109 501 982 1179 786 326 205 3 23 185 580 976 1204 762 363 77 431 1173 1248 650 247 146 124
7 50 162 382 713 841 573 1368 0 11 55 155 461 850 942 1622 6 91 388 890 656 382 386 1297
22 237 524 946 896 570 456 445 0 10 145 504 907 1083 756 691 13 259 939 1158 742 353 277 355
5 89 436 812 905 985 750 114 0 3 37 317 818 1124 1304 493 14 224 943 1432 1115 250 85 33
4 32 52 180 684 1619 1280 245 0 1 16 50 215 1033 2032 749 12 51 438 1521 1453 439 128 54
0 5 23 162 667 1462 1326 451 0 2 3 37 224 952 2035 843 1 21 228 888 1529 901 261 267
0 0 1 24 258 1119 1108 1586 0 0 1 5 80 613 1518 1879 0 0 14 175 844 1009 733 1321
0 0 2 22 399 1706 1288 679 0 0 0 5 92 885 2112 1002 0 0 11 240 1353 1384 610 498
0 0 3 83 843 2227 755 185 0 0 0 5 164 1453 2045 429 0 0 23 455 2078 1159 287 94
0 0 6 104 685 1905 932 464 0 0 0 12 153 1173 2019 739 0 1 34 425 1654 1148 446 388
0 3 52 358 1272 1463 632 316 0 0 5 58 385 1518 1542 588 0 16 172 1023 1548 750 368 219
0 7 74 466 1214 1326 639 370 0 1 5 66 518 1410 1427 669 0 10 160 1004 1466 804 388 264
0 3 32 213 804 1261 934 849 0 0 2 28 266 1030 1575 1195 0 5 77 560 1126 888 701 739
0 14 49 221 746 1715 841 510 0 0 16 50 254 1134 1879 763 20 46 207 651 1754 733 289 396
0 3 10 107 628 922 649 1777 1 2 6 29 204 853 1040 1961 0 4 30 322 761 598 598 1783
0 1 20 135 569 780 629 1962 0 0 4 30 201 744 919 2198 0 1 26 332 724 578 450 1985
0 3 24 100 422 654 690 2203 0 0 4 29 163 576 828 2496 0 2 21 145 457 564 606 2301
18 76 154 233 322 369 447 2477 0 4 41 159 284 445 484 2679 1 22 137 242 302 372 418 2602
0 78 411 905 1007 623 377 695 0 0 41 269 891 1246 748 901 4 109 662 1250 705 372 265 729
3 76 480 1135 1431 743 199 29 0 1 40 282 1062 1728 833 150 51 449 1294 1487 601 163 41 10
152 697 978 895 534 371 278 191 6 97 432 950 1086 707 458 360 120 813 1197 789 452 310 194 221
2817 951 256 56 15 1 0 0 2062 1247 569 157 49 12 0 0 3092 794 159 45 5 1 0 0
2778 695 382 163 53 19 5 1 2335 739 517 319 123 45 15 3 3008 654 292 100 30 7 5 0
3019 758 233 69 15 2 0 0 2435 1113 366 136 35 10 1 0 3195 684 163 46 6 2 0 0
1394 1289 691 334 173 132 64 19 806 1290 882 511 263 162 123 59 1856 1229 547 229 146 66 21 2
2146 1265 331 139 80 66 49 20 1326 1664 628 186 104 72 67 49 2514 1031 290 112 69 49 21 10
2075 1590 338 75 13 4 1 0 1085 2174 641 154 35 2 5 0 2446 1349 247 43 8 3 0 0
441 1641 1284 525 151 37 13 4 107 1061 1470 877 408 126 36 11 928 1889 904 280 71 18 5 1
190 822 1155 986 534 193 120 96 9 189 620 1153 1097 625 228 175 248 1111 1455 733 268 114 96 71
61 249 499 582 468 372 426 1439 3 42 181 439 713 601 505 1612 43 291 631 562 375 352 425 1417
6 91 277 654 999 896 519 654 0 4 62 257 648 1167 1080 878 28 168 763 1179 856 306 208 588
3 17 143 699 1452 1188 571 23 0 3 19 123 693 1602 1378 278 12 120 970 1860 1038 92 4 0
18 66 338 745 1215 1152 524 38 0 14 50 308 743 1422 1237 322 34 229 1002 1732 940 148 10 1
1 39 228 606 1127 1166 568 361 0 1 26 199 668 1385 1278 539 5 93 706 1211 1112 473 233 263
0 2 29 178 1028 1587 642 630 0 0 7 30 306 1386 1542 825 0 9 89 620 1626 842 410 500
1 4 35 292 1410 1896 394 64 0 0 10 36 355 1783 1711 201 1 13 102 943 2206 703 91 37
0 8 65 513 1623 1553 293 41 0 0 10 81 567 1978 1322 138 0 15 164 1211 2098 521 58 29
18 65 183 1013 2050 702 64 1 1 27 79 190 950 2192 627 30 19 82 336 1946 1483 222 7 1
2 33 187 923 1719 828 272 132 0 3 50 202 963 1900 747 231 3 53 358 1530 1368 486 194 104
0 18 102 397 688 701 716 1474 0 5 19 141 455 834 892 1750 0 11 124 475 709 636 634 1507
5 60 296 1040 1216 831 364 284 1 10 57 258 990 1483 818 479 4 56 414 1334 1199 557 296 236
1 38 136 735 1568 958 362 298 0 3 51 160 782 1763 925 412 3 50 232 1294 1452 577 254 234
8 28 167 688 1592 1057 317 239 1 9 45 187 817 1878 772 387 4 31 218 1240 1643 491 250 219
19 62 205 541 800 736 687 1046 4 21 78 242 628 942 832 1349 14 39 174 549 774 739 685 1122
2 32 155 396 614 662 796 1439 0 2 33 203 478 791 849 1740 3 12 125 397 554 664 728 1613
27 150 421 651 717 620 540 970 0 21 61 353 751 896 769 1245 21 106 436 752 671 570 471 1069
14 216 954 1413 921 318 157 103 0 4 101 628 1446 1287 399 231 10 192 1068 1647 660 254 149 116
212 1068 1052 894 630 167 51 22 3 62 637 1120 1068 892 241 73 70 816 1575 1172 337 63 30 33
475 1219 930 678 374 197 99 124 16 204 1024 930 946 564 203 209 159 1193 1296 742 335 137 96 138
2679 998 298 93 23 5 0 0 1757 1392 613 234 80 17 3 0 2948 847 222 61 15 3 0 0
2084 1321 508 139 35 8 1 0 1241 1487 865 377 96 25 5 0 2492 1187 323 73 16 5 0 0
2489 1133 306 88 40 25 11 4 1691 1453 601 208 79 23 26 15 2722 964 264 85 28 23 10 0
1968 1020 512 283 168 101 40 4 1240 1075 647 455 309 213 122 35 2055 931 530 310 186 69 14 1
2166 1001 385 230 157 106 33 18 1500 1334 479 281 200 163 95 44 2478 827 372 213 120 63 20 3
1829 1642 476 93 41 12 3 0 898 1839 885 325 106 27 13 3 2153 1472 365 76 26 4 0 0
377 1455 1376 641 201 44 2 0 26 292 1075 1487 850 299 63 4 504 1908 1354 302 27 0 1 0
131 527 861 915 619 447 286 310 10 95 400 877 1023 793 454 444 184 762 1140 823 441 301 237 208
70 376 630 538 379 341 359 1403 2 46 267 667 652 521 420 1521 85 463 713 493 332 323 345 1342
148 482 700 685 601 401 329 750 9 97 345 667 806 754 519 899 128 546 913 791 419 285 299 715
238 603 940 963 852 345 106 49 16 160 445 801 1141 1008 409 116 152 745 1400 1130 467 122 50 30
38 203 657 1240 1079 520 213 146 2 30 117 509 1250 1313 587 288 52 328 1272 1378 627 223 122 94
18 209 736 1189 1149 609 104 82 0 5 100 588 1243 1362 639 159 28 395 1367 1387 671 132 46 70
10 43 242 649 1770 1222 159 1 0 3 27 147 695 1889 1225 110 16 134 538 1639 1503 247 19 0
61 208 384 1037 1700 601 96 9 0 15 134 321 987 1911 655 73 34 184 584 1687 1309 248 50 0
23 191 636 1375 1362 434 72 3 2 21 205 611 1364 1472 387 34 34 209 822 1735 1027 244 24 1
16 157 784 1511 1146 368 78 36 1 20 116 656 1580 1321 338 64 17 174 985 1825 826 195 47 27
5 82 537 1570 1259 500 114 29 0 7 95 468 1615 1405 427 79 6 132 815 1874 962 249 41 17
0 23 227 753 1176 797 442 678 0 1 40 250 878 1313 775 839 1 51 353 1120 1004 547 398 622
10 61 255 750 1000 697 437 886 1 27 96 318 814 1139 683 1018 10 59 327 983 965 496 417 839
9 45 248 933 1421 970 309 161 1 9 53 239 1024 1621 878 271 8 56 381 1402 1476 467 191 115
22 103 393 1037 1027 682 399 433 0 34 97 354 1118 1226 691 576 24 118 655 1206 964 460 301 368
4 85 371 881 919 790 504 542 0 7 88 385 944 1148 846 678 8 153 642 1030 845 606 332 480
140 748 886 963 738 369 177 75 16 227 765 871 972 736 370 139 173 865 1053 1008 550 292 95 60
295 772 1120 1013 626 224 43 3 13 157 540 1022 1298 768 261 37 171 737 1352 1214 461 140 20 1
141 634 1352 1249 565 124 24 7 2 52 301 983 1498 1029 194 37 75 520 1556 1458 397 69 14 7
320 1355 1330 846 221 22 2 0 2 174 970 1264 1159 471 52 4 98 1144 1776 945 122 8 3 0
864 1514 642 439 378 181 72 6 58 716 1290 796 530 435 213 58 443 1560 1071 625 282 97 15 3
3381 529 114 50 18 4 0 0 2776 927 250 79 45 15 4 0 3396 503 120 51 20 6 0 0
2277 1189 409 140 43 30 7 1 1334 1459 776 311 127 55 28 6 2474 1095 340 117 41 24 4 1
1057 785 738 721 538 193 59 5 519 579 565 738 787 621 222 65 1221 996 953 651 190 74 10 1
1051 1020 812 619 355 156 71 12 110 691 943 873 723 481 199 76 980 1272 949 551 235 81 28 0
451 600 584 738 834 595 264 30 76 268 485 552 828 1000 668 219 510 820 1092 992 495 166 20 1
590 694 463 613 837 704 184 11 165 383 591 461 617 998 736 145 562 1018 1058 942 439 67 9 1
224 1006 1410 952 364 113 23 4 5 109 499 1345 1314 628 172 24 373 1610 1525 466 109 8 5 0
22 195 673 1021 1244 690 197 54 0 8 94 499 1110 1442 754 189 86 670 1511 1187 437 123 64 18
232 886 959 800 532 293 188 206 16 74 429 1102 1095 719 334 327 156 1085 1398 713 315 173 110 146
279 827 1289 1163 414 80 28 16 16 168 521 1075 1365 729 170 52 242 1090 1623 859 203 41 29 9
287 1036 1312 936 383 98 22 22 21 185 675 1224 1185 601 153 52 214 1082 1625 847 233 55 23 17
173 882 1317 980 471 131 43 99 8 102 502 1196 1270 676 206 136 139 933 1607 932 287 62 50 86
175 1040 1276 851 483 207 54 10 3 69 588 1338 1126 667 250 55 124 1132 1662 818 272 70 12 6
39 204 385 740 1543 1004 171 10 0 14 118 353 696 1673 1075 167 54 277 535 1379 1446 382 23 0
429 890 847 887 759 236 47 1 0 121 616 856 1064 1028 342 69 161 836 1096 1130 645 190 36 2
441 1195 1149 778 396 105 32 0 4 170 918 1317 1018 495 151 23 163 991 1479 975 363 98 27 0
132 629 1074 864 578 424 293 102 8 119 524 1194 1041 623 414 173 71 458 1101 1033 637 434 290 72
14 64 343 1180 1568 797 126 4 0 14 70 298 1149 1733 774 58 18 86 568 1690 1317 364 51 2
4 41 433 1477 1385 642 99 15 1 4 35 258 1443 1631 643 81 6 89 832 1904 1041 190 30 4
70 366 1040 1472 964 177 7 0 8 75 268 778 1565 1193 195 14 62 316 1209 1763 663 77 6 0
69 696 1541 1172 453 126 37 2 9 59 440 1360 1497 551 139 41 64 677 1744 1195 323 83 10 0
20 322 1329 1349 649 287 128 12 0 8 149 1052 1667 808 339 73 30 504 1687 1294 424 146 10 1
65 813 1239 1150 627 182 20 0 1 130 928 1130 1078 653 160 16 84 1014 1502 1001 406 85 4 0
453 1415 1099 619 341 136 31 2 60 700 1384 944 553 323 111 21 428 1577 1100 581 284 108 17 1
569 1220 1081 757 344 109 13 3 75 695 1026 908 850 428 101 13 428 1375 1194 761 259 66 12 1
737 1222 1290 726 110 11 0 0 117 482 703 1185 1155 415 38 1 431 1003 1697 851 105 9 0 0
1264 1421 802 495 101 12 1 0 313 1015 1046 839 576 281 24 2 737 1445 1194 602 104 13 1 0
793 1274 1059 594 248 103 24 1 151 655 903 1025 851 363 120 28 488 1157 1280 813 271 79 8 0
2133 836 628 151 68 29 21 230 1439 1243 705 259 124 59 146 121 2227 1099 318 131 53 42 136 90
852 841 660 385 167 63 63 1065 316 612 742 668 408 181 572 597 926 869 628 346 154 71 627 475
873 830 680 410 223 94 59 927 183 585 747 683 524 281 614 479 952 969 685 329 133 58 642 328
1155 1175 571 251 129 51 43 721 101 807 1111 723 355 167 461 371 1043 1341 602 232 88 33 463 294
1160 1266 699 283 88 30 41 529 55 742 1170 915 461 141 282 330 1065 1401 743 225 74 33 325 230
364 680 739 810 737 339 117 310 9 180 537 785 916 871 468 330 453 990 1165 750 309 106 106 217
647 1396 1001 631 249 93 24 55 44 389 1029 1142 897 377 151 67 700 1746 1144 327 90 23 18 48
233 1101 1509 916 277 55 5 0 6 109 656 1470 1245 487 108 15 347 1534 1514 554 129 15 3 0
973 1499 891 492 200 31 9 1 128 620 1028 1189 701 361 61 8 658 1759 1215 392 57 14 1 0
364 1046 901 701 643 361 75 5 36 287 711 945 829 787 412 89 398 1227 1257 842 295 60 11 6
252 709 1058 1136 692 222 27 0 34 165 409 897 1242 976 329 44 269 889 1550 1062 283 42 1 0
111 581 1081 995 847 415 66 0 3 45 289 906 1193 1031 544 85 182 791 1538 1093 429 60 3 0
152 555 790 817 884 636 239 23 1 46 314 693 912 1083 783 264 153 720 1097 1076 722 283 44 1
489 857 894 774 707 297 74 4 2 141 587 929 1002 839 457 139 214 797 1094 1004 648 267 71 1
808 1512 916 479 250 106 25 0 14 345 1228 1123 776 370 182 58 269 1443 1253 664 328 117 22 0
1003 1809 775 293 123 67 23 3 20 462 1517 1298 523 193 61 22 326 1854 1229 445 154 66 18 4
776 1229 694 489 479 333 91 5 19 403 1261 842 614 511 366 80 264 1421 1006 611 537 222 33 2
22 130 403 1024 1451 900 165 1 2 31 110 309 991 1661 907 85 24 151 625 1564 1392 322 18 0
60 454 682 908 1072 738 176 6 9 63 432 700 1058 1210 571 53 49 432 932 1274 1047 315 46 1
487 1337 1308 628 274 55 7 0 64 384 941 1360 922 353 68 4 272 1276 1587 735 189 35 2 0
211 928 1298 973 489 174 22 1 16 210 769 1260 1065 569 190 17 204 1120 1552 869 298 44 9 0
47 650 1558 1113 509 192 27 0 1 12 328 1459 1474 609 195 18 39 764 1804 1024 353 105 7 0
182 1175 1293 912 385 124 24 1 2 253 1184 1285 889 364 100 19 200 1292 1470 754 288 77 14 1
254 1378 1277 737 326 107 17 0 19 495 1420 1127 651 292 81 11 283 1583 1286 617 242 74 11 0
619 1610 1114 486 198 60 9 0 80 873 1551 927 429 182 48 6 571 1825 1070 413 169 42 6 0
1571 1399 760 303 59 4 0 0 547 1207 815 844 553 123 7 0 1163 1366 1062 448 53 4 0 0
2454 985 422 208 26 1 0 0 1588 981 716 417 296 91 7 0 2002 1109 669 285 29 2 0 0
1205 870 532 228 74 28 20 1139 656 909 739 399 171 43 28 1151 927 926 662 285 104 31 19 1142
28 142 768 1221 454 396 297 790 58 333 1274 840 267 463 768 93 222 1201 1018 282 433 152 783 5
2 15 19 18 14 28 708 3292 4 27 16 16 21 284 3452 276 24 13 19 13 51 854 3114 8
3 20 28 15 27 27 590 3386 8 33 15 26 29 187 3474 324 23 29 17 28 37 782 3137 43
1 11 33 12 19 34 636 3350 8 33 15 10 32 191 3308 499 18 28 12 18 38 804 3117 61
0 18 25 13 17 31 450 3542 11 26 14 19 19 135 3306 566 24 20 14 20 35 615 3323 45
0 11 29 16 21 42 378 3599 3 36 17 9 44 104 3102 781 20 25 15 23 49 505 3368 91
0 5 28 29 20 35 376 3603 1 22 27 25 27 76 2727 1191 9 27 29 20 37 447 3179 348
23 46 64 51 30 48 248 3586 6 31 82 60 44 63 2678 1132 38 81 52 39 46 223 3514 103
27 67 117 87 60 72 232 3434 12 33 67 112 110 100 2523 1139 39 124 124 84 69 218 3287 151
21 30 43 159 231 132 141 3339 4 29 42 62 153 242 2318 1246 25 88 204 203 96 96 3229 155
39 153 184 197 160 101 118 3144 6 42 162 183 184 202 2007 1310 65 204 262 181 104 96 2935 249
12 53 150 252 321 187 107 3014 2 15 48 154 270 336 1818 1453 26 139 293 341 168 92 2709 328
31 67 138 211 331 269 191 2858 0 10 58 152 222 366 1679 1609 24 81 222 430 282 167 2489 401
190 375 298 254 138 85 100 2656 7 100 311 355 296 212 1245 1570 131 401 373 266 135 86 2263 441
218 616 376 160 91 73 95 2467 23 160 571 472 197 103 1086 1484 142 609 484 181 89 92 2054 445
498 765 265 69 59 45 82 2313 33 314 632 500 156 71 914 1476 222 774 490 138 50 71 1855 496
168 417 193 251 512 279 108 2168 3 60 410 297 289 526 1129 1382 89 449 340 491 405 134 1725 463
16 101 382 682 593 250 94 1978 0 23 96 340 701 698 1042 1196 22 127 527 854 438 127 1592 409
158 770 816 352 98 61 65 1776 19 130 603 865 518 138 735 1088 94 634 980 433 96 65 1427 367
141 728 975 454 131 61 77 1529 8 128 542 985 662 176 652 943 84 563 1100 582 140 66 1192 369
56 548 1137 653 188 98 74 1342 2 40 309 1081 951 268 531 914 81 604 1292 552 128 77 892 470
173 1030 1101 510 245 93 72 872 17 367 988 968 544 261 183 768 192 1216 1028 472 203 88 317 580
161 1168 1122 564 221 114 104 642 58 492 1111 965 506 217 327 420 315 1351 1026 460 183 142 418 201
383 859 579 350 237 221 308 1159 190 655 806 467 347 302 1012 317 482 982 555 316 254 248 935 324
504 878 431 278 211 230 419 1145 217 838 725 358 332 337 1046 243 580 1037 434 251 285 287 996 226
710 671 324 233 173 220 513 1252 371 843 537 277 246 377 1162 283 716 841 337 242 243 331 1137 249
557 401 210 188 170 202 487 1881 372 484 419 219 193 380 1219 810 528 584 276 182 192 381 1178 775
72 142 195 179 157 197 523 2631 147 190 203 171 205 361 1198 1621 207 230 168 174 210 385 1131 1591
5 16 23 534 1389 587 870 672 14 20 169 1279 875 764 809 166 22 99 1194 946 528 588 655 64
1048 2035 153 26 9 11 98 716 1091 1979 171 28 8 28 457 334 1692 1493 58 26 11 65 495 256
832 2033 247 29 19 8 107 821 937 1912 273 23 19 27 551 354 1330 1737 59 22 18 86 585 259
986 1091 222 175 131 55 194 1242 1206 913 285 174 70 61 1070 317 1490 780 203 127 59 135 1164 138
624 1688 599 20 13 15 86 1051 783 1537 594 21 14 20 850 277 1079 1690 149 21 13 101 957 86
1387 923 486 36 12 5 104 1143 1467 865 478 27 10 15 926 308 1643 998 177 21 8 121 1054 74
529 894 1188 69 43 30 107 1236 596 874 1167 61 40 27 964 367 737 1353 592 40 32 98 1162 82
146 968 1169 107 138 90 91 1387 242 917 1161 134 149 31 1013 449 420 1354 650 156 40 77 1311 88
147 796 1218 113 96 131 123 1472 228 802 1182 106 151 53 1065 509 374 1247 671 143 70 110 1325 156
350 651 637 138 179 147 115 1879 444 651 623 179 167 76 1223 733 625 809 348 227 95 65 1674 253
178 855 1036 85 61 48 49 1784 309 724 1068 84 63 26 1116 706 469 1119 567 75 31 20 1638 177
464 635 567 90 95 82 68 2095 550 567 591 113 95 42 1242 896 651 788 297 106 80 55 1927 192
489 538 974 49 19 10 8 2009 527 548 935 42 19 11 994 1020 576 914 540 29 15 9 1829 184
172 830 934 32 20 9 19 2080 270 710 971 27 17 11 919 1171 376 1074 507 24 17 9 1823 266
187 1175 523 17 12 19 22 2141 263 1016 609 15 24 13 1006 1150 356 1286 253 10 23 14 1903 251
684 799 104 52 70 61 33 2293 755 752 113 70 67 40 1056 1243 898 653 89 84 46 29 2054 243
481 1077 20 23 40 14 22 2419 507 1059 17 34 37 12 1156 1274 780 796 15 34 31 12 2164 264
824 455 56 49 51 79 53 2529 834 466 62 56 67 60 1320 1231 1008 315 63 45 73 51 2250 291
1482 17 8 16 19 16 13 2525 1491 9 11 20 18 14 1301 1232 1496 8 7 21 18 14 2288 244
1359 11 14 18 19 9 14 2652 1363 12 10 18 23 8 1448 1214 1364 14 10 20 20 11 2517 140
1221 40 10 17 18 15 18 2757 1235 29 15 17 15 14 1237 1534 1250 19 21 11 14 18 2606 157
2254 762 75 40 45 74 80 766 2287 747 77 48 51 82 343 461 2523 549 52 48 63 97 643 121
3752 341 3 0 0 0 0 0 3791 302 3 0 0 0 0 0 3901 193 2 0 0 0 0 0
2734 113 81 79 110 239 522 218 2779 101 91 122 203 397 288 115 2815 77 116 134 235 359 248 112
3290 500 125 25 20 7 30 99 3456 404 70 23 13 17 77 36 3686 213 35 26 7 26 87 16
3673 313 12 12 22 12 13 39 3700 291 14 13 20 15 13 30 3965 30 12 15 19 14 20 21
3155 911 15 14 1 0 0 0 3425 645 20 6 0 0 0 0 3994 80 17 5 0 0 0 0
1803 2290 3 0 0 0 0 0 2297 1797 2 0 0 0 0 0 3642 454 0 0 0 0 0 0
337 413 212 156 857 749 720 652 400 369 253 507 1076 518 878 95 536 322 482 1132 447 409 740 28
1595 2081 233 25 18 45 77 22 1431 2147 294 44 50 73 41 16 2101 1687 116 30 38 73 38 13
1588 2232 260 11 4 1 0 0 1425 2245 367 41 14 3 1 0 2057 1899 120 16 3 1 0 0
1730 958 183 123 296 114 156 536 1761 898 223 320 164 64 620 46 2046 743 207 298 92 61 612 37
874 1307 667 151 123 146 179 649 867 1202 772 147 128 152 674 154 1139 1412 360 132 153 102 656 142
1040 1115 683 171 137 123 176 651 1117 1007 703 156 150 130 681 152 1403 1090 410 152 145 91 669 136
637 1013 1156 180 147 144 116 703 708 941 1155 175 168 119 673 157 890 1235 759 134 180 86 694 118
546 993 1232 234 158 110 131 692 574 954 1266 227 144 103 651 177 734 1287 847 204 128 91 677 128
318 988 1315 263 186 171 198 657 359 928 1364 244 174 199 657 171 455 1369 903 201 172 180 668 148
902 975 614 152 247 214 189 803 1052 881 581 262 250 114 753 203 1270 912 403 290 216 94 789 122
990 1540 1442 64 23 23 11 3 947 1420 1557 80 36 24 21 11 1268 1789 951 39 18 24 5 2
462 1020 1036 174 196 378 183 647 470 917 1105 207 416 230 519 232 666 1253 685 216 401 159 536 180
456 904 1350 260 193 164 119 650 502 822 1355 269 181 190 563 214 630 1139 1004 235 193 152 568 175
349 1101 1306 203 194 181 125 637 437 918 1353 213 200 201 523 251 568 1306 897 206 194 175 519 231
241 1475 947 203 203 219 158 650 300 1368 1028 250 203 192 471 284 462 1662 675 213 196 177 454 257
699 1318 355 241 244 311 207 721 737 1293 373 229 323 336 567 238 943 1202 296 244 353 267 598 193
1857 1775 99 11 9 38 21 286 1679 1895 142 25 15 41 195 104 2049 1594 85 15 19 36 212 86
1763 924 144 98 79 216 337 535 1706 971 142 107 208 351 434 177 1963 746 128 104 243 312 449 151
2246 513 203 156 208 128 95 547 2305 441 196 161 204 183 437 169 2440 334 179 169 202 174 444 154
1925 679 251 205 182 138 144 572 1952 695 325 228 183 105 461 147 2100 570 330 230 177 91 483 115
1518 755 463 367 216 137 132 508 1487 740 483 340 246 161 517 122 1574 697 460 343 229 176 525 92
1204 412 371 348 350 409 447 555 1160 414 383 367 432 480 580 280 1181 412 381 370 461 447 552 292
1397 464 466 491 475 368 295 140 1281 477 470 495 491 393 348 141 1248 469 455 494 475 405 363 187
1738 648 348 203 126 239 691 103 1668 690 357 217 244 616 279 25 1770 621 330 220 355 515 260 25
2767 473 299 279 227 48 3 0 2755 569 351 289 110 17 5 0 2869 531 357 245 74 15 5 0
2500 1587 9 0 0 0 0 0 2563 1520 13 0 0 0 0 0 3219 876 1 0 0 0 0 0
1368 2610 117 1 0 0 0 0 1427 2528 140 1 0 0 0 0 2176 1866 54 0 0 0 0 0
695 3229 170 1 1 0 0 0 706 3172 216 1 1 0 0 0 1480 2537 77 2 0 0 0 0
844 577 571 532 569 336 232 435 733 540 697 766 598 149 602 11 923 559 740 783 391 110 587 3
2763 779 178 62 26 60 180 48 1424 1591 532 182 89 175 74 29 2656 832 217 72 54 161 87 17
2785 995 236 70 6 3 1 0 1010 1952 775 257 82 15 4 1 2503 1191 298 88 11 4 1 0
1994 523 196 168 355 207 199 454 1546 685 330 408 355 166 560 46 2047 472 254 410 221 117 558 17
1363 867 402 302 353 443 294 72 813 1046 536 410 339 404 442 106 1420 819 438 337 368 446 229 39
1301 823 491 341 355 465 264 56 934 902 583 389 301 503 425 59 1329 809 510 330 374 482 227 35
886 449 328 379 549 557 401 547 799 480 391 451 672 516 587 200 968 514 388 593 564 473 451 145
990 455 394 369 373 396 423 696 928 496 441 355 388 427 825 236 1064 529 417 384 339 526 656 181
844 712 539 388 335 488 569 221 801 706 580 396 358 503 605 147 939 744 519 376 349 558 532 79
706 543 459 438 421 561 425 543 650 482 461 493 634 497 780 99 1004 542 497 508 568 339 607 31
858 1037 843 651 384 240 75 8 469 747 770 780 644 374 229 83 1234 1091 799 541 298 110 23 0
481 669 585 472 485 649 378 377 178 483 646 625 737 622 581 224 509 737 615 559 724 423 430 99
645 673 636 590 530 598 400 24 316 576 704 639 538 608 641 74 556 656 723 562 544 645 401 9
392 519 591 586 610 697 478 223 142 463 602 671 844 811 461 102 297 566 630 655 923 630 324 71
151 278 432 493 540 540 651 1011 130 287 506 467 590 642 1199 275 226 436 609 542 524 637 969 153
348 510 475 504 596 707 796 160 306 516 560 521 620 943 582 48 366 546 571 550 634 926 480 23
570 2448 609 41 14 11 39 364 261 2236 1099 75 17 13 300 95 498 2376 752 46 16 13 308 87
702 1512 404 190 240 286 464 298 507 1481 613 195 340 522 359 79 661 1510 455 197 397 473 346 57
803 742 564 497 625 606 239 20 676 772 588 480 593 697 269 21 700 778 575 496 599 677 245 26
337 406 366 456 459 512 836 724 307 439 422 423 528 928 865 184 367 469 492 458 615 901 692 102
549 569 662 728 691 498 294 105 462 564 662 731 694 579 358 46 491 552 666 721 689 592 338 47
743 472 454 468 467 401 697 394 702 473 443 490 512 726 621 129 783 467 451 488 532 708 530 137
762 507 506 500 568 581 459 213 674 506 488 516 586 598 468 260 671 500 488 490 551 590 495 311
1266 688 451 297 254 331 723 86 1187 713 467 329 370 695 302 33 1282 655 448 346 442 635 254 34
2328 603 295 239 228 323 77 3 2227 702 350 296 367 123 28 3 2320 632 359 354 330 68 30 3
1524 1733 216 103 180 153 107 80 1474 1718 405 237 79 64 56 63 2051 1697 168 55 60 43 22 0
1106 1541 667 363 186 84 66 83 1433 1532 692 237 37 56 44 65 3282 521 107 24 60 37 63 2
1352 1198 949 49 93 149 124 182 1094 1274 1145 141 103 128 88 123 1651 1258 814 114 90 107 60 2
634 532 659 534 551 502 281 403 413 554 765 753 706 315 587 3 606 581 809 773 551 206 569 1
2336 958 269 107 46 67 255 58 1053 1481 707 287 164 255 129 20 2089 1157 309 112 79 231 109 10
1738 1367 634 267 69 20 1 0 473 1120 1104 779 433 149 33 5 1607 1437 706 262 70 13 1 0
1552 789 351 217 265 328 177 417 1189 609 575 479 521 179 493 51 1637 695 413 439 287 99 495 31
1024 1012 533 360 384 482 274 27 454 885 789 523 412 481 486 66 894 978 639 422 419 513 220 11
726 885 691 516 424 534 284 36 478 866 776 562 430 535 407 42 758 936 745 474 466 530 172 15
705 674 539 445 463 613 425 232 658 643 630 540 670 563 340 52 860 691 555 614 573 505 274 24
955 551 570 487 552 429 320 232 902 570 525 489 564 503 480 63 921 550 497 475 534 535 526 58
531 656 563 504 574 628 507 133 460 619 572 572 595 696 508 74 564 628 579 602 615 668 393 47
486 686 450 482 434 571 412 575 487 533 408 570 701 539 803 55 821 648 525 526 607 326 634 9
558 1186 1018 560 352 229 144 49 340 804 1123 763 478 301 181 106 680 1255 973 519 308 213 111 37
416 722 516 422 463 700 430 427 164 555 654 507 754 647 598 217 335 698 619 507 812 477 541 107
408 761 670 676 669 640 248 24 166 532 744 731 660 790 431 42 267 638 731 672 676 779 310 23
518 712 685 668 770 564 136 43 303 583 691 716 757 780 241 25 282 490 625 717 719 770 443 50
371 598 630 658 691 612 364 172 218 450 660 667 738 790 440 133 245 521 689 734 822 675 341 69
104 312 556 675 775 774 739 161 86 254 503 710 838 1104 477 124 220 518 763 816 873 675 223 8
753 1868 807 140 57 14 38 419 388 1646 1243 264 73 23 374 85 740 1807 884 156 49 7 407 46
921 1241 522 266 179 221 413 333 672 1179 765 316 259 468 394 43 678 1184 694 330 365 450 369 26
663 739 662 640 674 567 136 15 549 747 684 579 705 650 170 12 562 788 695 596 700 614 134 7
486 965 888 733 612 344 61 7 445 924 884 762 630 364 84 3 613 965 896 737 622 233 29 1
548 675 814 873 712 403 71 0 497 689 820 891 736 389 74 0 662 740 793 924 622 310 45 0
776 394 408 378 448 459 857 376 752 400 433 388 452 877 641 153 800 414 422 390 490 922 515 143
731 596 550 599 645 506 282 187 683 620 548 586 644 527 310 178 824 581 536 571 583 485 314 202
1183 783 542 281 156 303 694 154 1139 771 533 317 316 639 353 28 1305 711 479 359 305 634 259 44
2168 723 244 252 214 342 149 4 2077 778 339 284 422 181 12 3 2252 661 358 333 408 72 9 3
1759 1624 514 110 53 21 9 6 1641 1297 741 154 150 100 11 2 1868 1424 533 202 57 12 0 0
2567 842 340 176 66 58 37 10 1444 370 291 289 843 762 93 4 1657 373 640 1081 278 64 3 0
1566 666 504 424 332 255 200 149 897 516 385 465 694 619 328 192 1359 671 720 734 385 174 45 8
259 359 519 594 562 1089 383 331 202 285 428 653 783 927 789 29 142 270 328 708 668 534 1375 71
2446 904 188 73 34 113 279 59 983 1379 800 390 129 223 162 30 1261 1228 376 179 240 516 266 30
2562 1240 234 50 10 0 0 0 1208 1709 845 256 63 13 2 0 2228 1430 344 72 20 2 0 0
1931 733 191 80 151 373 205 432 1448 1009 375 189 393 107 530 45 1994 742 170 276 287 72 533 22
1613 815 324 281 337 486 219 21 1072 1112 471 302 302 465 341 31 1572 836 354 288 345 482 204 15
416 598 546 591 656 663 559 67 344 644 632 668 616 748 411 33 511 677 689 640 622 749 191 17
56 69 65 135 322 756 1644 1049 77 64 97 194 477 1196 1680 311 96 67 109 241 595 1357 1480 151
1049 444 319 389 451 458 534 452 941 496 319 367 492 634 644 203 783 531 370 338 510 686 740 138
600 675 671 571 605 589 353 32 457 557 720 638 621 770 311 22 397 489 690 703 630 692 408 87
509 929 484 363 337 566 373 535 468 865 596 410 580 431 693 53 819 853 479 410 589 336 597 13
954 1883 715 323 143 58 16 4 553 1703 1171 408 163 73 21 4 1111 1891 663 252 117 49 10 3
421 743 516 452 445 651 404 464 290 674 629 539 750 535 538 141 501 744 581 564 754 371 483 98
402 590 609 632 697 728 380 58 320 568 573 629 757 821 370 58 410 680 651 669 798 680 185 23
584 384 387 447 566 573 478 677 427 402 409 475 650 699 720 314 336 462 486 579 701 572 764 196
147 206 327 457 522 553 487 1397 86 148 262 444 595 728 1398 435 98 183 321 534 704 799 1284 173
86 280 483 672 799 873 695 208 112 319 561 682 893 1091 352 86 234 466 641 770 1076 699 172 38
154 684 1392 729 276 160 153 548 125 616 1342 745 383 215 520 150 324 1223 1223 384 212 146 491 93
960 707 613 356 217 245 404 594 790 927 616 360 331 382 491 199 712 949 720 374 475 290 489 87
445 490 539 666 656 631 389 280 416 561 573 685 776 633 295 157 524 661 616 708 816 514 179 78
262 469 570 698 733 601 448 315 135 420 572 747 820 661 512 229 455 634 843 858 665 345 204 92
283 465 626 734 679 449 411 449 249 408 585 753 657 494 424 526 449 607 825 756 539 313 327 280
343 266 354 466 545 760 839 523 344 270 362 504 734 944 657 281 533 435 587 776 746 598 325 96
334 362 390 530 537 484 421 1038 376 370 396 560 571 444 1065 314 512 380 437 535 511 408 1080 233
546 500 402 260 212 343 880 953 573 475 413 285 372 561 1195 222 707 445 385 352 427 770 961 49
1002 482 298 204 192 341 826 751 994 485 366 253 393 325 1037 243 1135 451 375 341 387 636 727 44
1198 894 195 130 116 286 856 421 1243 869 212 171 115 248 1105 133 1517 656 230 164 414 760 352 3
1522 576 243 122 92 204 1024 313 1405 436 236 166 306 239 1148 160 1513 391 315 364 290 1001 219 3
598 615 287 155 149 326 1256 710 433 414 265 282 384 390 1489 439 587 378 397 457 557 1130 397 193
203 267 321 360 724 1638 267 316 227 265 324 416 672 1488 703 1 249 267 320 538 435 696 1581 10
674 871 873 584 357 211 251 275 426 890 1122 632 381 264 246 135 711 1076 843 472 354 276 275 89
637 1107 813 433 436 216 159 295 362 948 1115 680 406 237 235 113 814 1272 833 438 303 196 178 62
619 734 442 297 338 498 506 662 591 655 525 481 538 451 753 102 868 711 493 500 449 398 640 37
554 504 444 432 610 615 620 317 597 483 550 643 523 638 504 158 771 526 652 534 506 637 393 77
339 349 428 564 719 697 575 425 443 347 566 786 646 543 545 220 547 429 692 748 517 537 471 155
211 220 295 495 706 719 753 697 283 300 437 667 632 692 719 366 389 348 575 635 527 684 687 251
225 293 361 458 504 682 797 776 341 345 512 483 579 743 748 345 417 452 538 513 621 611 756 188
187 276 332 294 277 501 1130 1099 296 313 343 275 426 933 1159 351 373 342 325 305 657 901 929 264
74 160 278 273 268 395 1006 1642 108 211 260 306 395 736 1705 375 151 282 310 291 463 901 1428 270
24 87 269 433 408 342 565 1968 29 115 320 504 424 416 1697 591 62 202 472 444 354 443 1738 381
46 76 184 209 242 341 554 2444 65 114 188 258 326 358 2045 742 93 142 194 290 359 371 2252 395
126 115 129 171 263 372 598 2322 158 123 157 246 339 438 1991 644 197 142 186 285 369 428 2014 475
32 30 47 93 136 276 591 2891 41 41 84 143 251 356 2142 1038 59 55 125 234 285 335 2340 663
1 4 10 62 133 245 610 3031 3 6 32 67 142 406 2250 1190 7 14 82 158 304 639 2208 684
49 30 58 110 245 402 748 2454 66 37 56 87 213 552 2027 1058 79 58 103 264 427 628 1993 544
28 13 36 81 175 422 838 2503 31 27 53 79 121 358 2272 1155 47 49 78 167 461 678 2001 615
0 7 10 28 104 593 1203 2151 2 11 17 54 112 389 2455 1056 7 10 27 163 688 960 1755 486
8 17 19 63 201 870 1751 1167 3 7 26 81 594 580 2002 803 18 24 163 694 836 1271 801 289
45 53 77 136 397 1362 1680 346 22 50 86 203 667 867 1704 497 74 95 303 879 1152 1305 244 44
3 6 25 75 326 1204 2149 308 2 3 15 80 510 925 2083 478 7 35 136 684 1271 1718 241 4
0 0 2 17 145 1090 2449 393 0 0 1 10 231 705 2562 587 0 3 43 384 1285 2165 215 1
0 0 4 26 164 890 2431 581 0 0 1 23 110 562 2651 749 0 8 32 206 1085 2221 466 78
1 0 10 40 234 1038 2537 236 0 1 1 13 109 600 2878 494 1 8 36 243 1186 2415 207 0
0 1 6 30 173 832 2714 340 0 0 2 16 81 553 2883 561 1 8 41 201 1080 2489 275 1
0 0 1 9 70 848 2783 385 0 0 0 2 34 493 3037 530 0 1 13 97 1068 2616 291 10
0 0 1 7 93 821 2857 317 0 0 0 5 33 504 3112 442 0 2 6 97 917 2806 268 0
0 0 0 15 214 1246 2423 198 0 0 0 4 82 759 2847 404 0 0 17 197 1268 2395 219 0
491 210 209 261 328 428 1057 1112 510 179 185 300 446 816 1614 46 609 221 292 441 433 951 1125 24
46 94 87 178 370 755 1224 1342 77 112 167 391 713 902 1638 96 151 171 339 680 675 877 1163 40
79 144 128 139 234 362 1004 2006 148 153 160 281 333 557 2254 210 252 209 314 308 305 659 1990 59
39 34 18 41 61 152 1034 2717 59 28 42 97 119 500 2935 316 74 44 100 84 251 705 2759 79
1 10 52 73 69 142 882 2867 6 27 72 70 85 263 2892 681 7 43 72 72 121 463 3003 315
0 13 39 112 244 405 850 2433 3 28 61 75 155 444 2795 535 9 33 127 283 405 451 2636 152
0 1 15 11 109 411 979 2570 0 5 15 14 58 344 3231 429 0 7 28 180 464 549 2798 70
0 7 16 47 174 524 884 2444 0 1 12 36 108 425 3096 418 12 34 88 230 603 490 2563 76
0 0 0 11 114 480 1108 2383 0 0 0 0 65 378 3003 650 0 0 21 183 646 668 2350 228
0 1 3 50 216 705 1053 2068 0 0 2 9 106 510 2669 800 1 6 85 322 849 657 1895 281
0 4 26 112 410 880 1126 1538 0 0 5 36 198 688 2350 819 4 28 139 474 962 909 1332 248
0 0 6 71 307 1043 1481 1188 0 0 1 18 152 703 2360 862 0 10 100 408 1207 1206 984 181
0 0 8 47 320 1100 1813 808 0 0 1 15 151 823 2333 773 1 8 84 426 1339 1515 566 157
0 3 11 40 238 1217 2232 355 0 0 5 18 113 749 2569 642 3 15 42 291 1412 2058 261 14
0 0 16 74 454 1585 1805 162 0 0 1 35 209 1039 2328 484 0 27 107 613 1799 1466 84 0
0 2 11 86 435 1389 1968 205 0 0 2 28 207 951 2372 536 2 10 109 496 1600 1747 132 0
0 0 7 58 343 1447 2002 239 0 0 2 21 177 962 2449 485 0 7 71 386 1549 1881 201 1
0 1 4 36 324 1303 2160 268 0 0 2 8 129 875 2453 629 1 3 43 386 1451 1978 234 0
0 0 3 34 270 1137 2320 332 0 0 2 5 127 725 2546 691 1 2 39 306 1231 2188 329 0
0 0 4 41 229 989 2405 428 0 0 2 10 113 698 2619 654 0 5 48 273 1209 2238 320 3
0 0 8 76 412 1240 2018 342 0 0 1 17 181 957 2427 513 0 8 80 479 1560 1796 173 0
0 1 12 43 271 1223 2139 407 0 1 7 23 134 843 2498 590 2 15 61 336 1450 1992 234 6
0 0 1 22 160 1010 2521 382 0 0 0 7 84 653 2771 581 0 2 28 208 1412 2251 195 0
0 0 1 23 153 1083 2490 346 0 0 0 7 77 645 2718 649 0 0 35 207 1371 2275 207 1
0 1 10 50 331 1365 2099 240 0 0 6 17 146 922 2440 565 2 10 54 442 1593 1806 189 0
1 2 10 65 348 1417 2057 196 0 2 1 29 162 976 2454 472 3 11 83 468 1688 1700 143 0
0 2 12 98 514 1403 1816 251 0 1 3 35 253 1100 2228 476 2 17 148 683 1729 1412 105 0
0 6 43 204 872 1628 1247 96 0 1 8 56 411 1445 1848 327 8 47 296 1058 1740 889 58 0
1 1 12 114 409 744 895 1920 0 2 1 24 192 833 2588 456 3 14 94 524 835 673 1745 208
0 3 31 191 573 911 808 1579 0 1 12 91 379 942 2103 568 6 55 282 629 951 675 1319 179
4 9 41 166 422 1138 1252 1064 2 7 30 93 308 947 2195 514 33 81 268 619 1346 832 816 101
0 3 27 126 526 1395 1465 554 0 1 3 49 251 1125 2183 484 3 51 205 849 1587 1047 348 6
0 0 3 99 722 1826 1299 147 0 0 1 7 202 1323 2196 367 0 3 134 918 1957 1029 55 0
0 0 17 129 774 1531 1441 204 0 0 2 22 228 1341 2100 403 1 19 153 970 1842 1048 63 0
0 3 23 148 691 1466 1516 249 0 0 4 46 298 1204 2046 498 5 34 217 879 1682 1152 127 0
0 0 17 106 466 1332 1777 398 0 0 9 32 268 1127 2149 511 1 26 168 682 1652 1399 167 1
0 0 0 18 148 934 2341 655 0 0 0 10 101 742 2586 657 0 4 38 298 1542 1996 218 0
1 5 28 95 289 985 2209 484 0 5 10 63 188 801 2406 623 9 50 130 485 1474 1814 134 0
1 10 34 116 354 1009 1979 593 0 6 20 85 270 878 2138 699 20 54 178 550 1502 1585 206 1
1 10 43 164 468 1286 1730 394 0 2 18 87 316 1090 2000 583 16 65 233 672 1521 1393 195 1
0 0 4 53 331 1292 1930 486 0 0 0 26 160 924 2318 668 0 8 76 395 1492 1829 295 1
0 2 10 60 305 1185 2025 509 0 0 7 26 159 817 2392 695 4 17 67 400 1396 1949 262 1
0 0 1 33 201 971 2413 477 0 0 1 13 114 649 2610 709 0 2 53 292 1402 2112 235 0
0 0 1 17 104 829 2479 666 0 0 0 8 54 547 2619 868 0 1 21 162 1232 2358 322 0
1 2 6 38 192 959 2351 547 0 1 3 14 97 676 2576 729 2 8 56 279 1337 2117 296 1
0 1 10 51 206 972 2261 595 0 0 1 26 144 747 2483 695 1 19 80 365 1420 1942 269 0
0 0 5 40 298 1099 2255 399 0 0 2 21 135 827 2545 566 0 12 68 495 1512 1820 188 1
0 0 0 19 196 1076 2413 392 0 0 0 8 91 756 2644 597 0 1 37 337 1565 1993 163 0
0 1 1 17 168 969 2448 492 0 0 1 11 84 679 2629 692 1 3 35 261 1368 2187 241 0
0 0 5 34 247 1220 2226 364 0 0 2 18 103 845 2477 651 1 8 49 336 1411 2002 284 5
0 0 2 21 203 1122 2319 429 0 0 2 8 110 767 2545 664 1 1 40 300 1416 2041 297 0
0 0 3 32 248 1161 2176 476 0 0 1 10 131 912 2416 626 0 4 72 450 1671 1725 174 0
0 0 3 41 253 1176 2172 451 0 0 0 21 152 953 2394 576 0 15 101 482 1740 1617 141 0
0 1 21 120 640 1674 1444 196 0 0 6 40 284 1342 2017 407 2 21 181 943 1930 951 68 0
0 1 5 68 506 1547 1674 295 0 0 2 15 202 1174 2230 473 2 11 124 820 1979 1071 89 0
0 0 12 122 640 1563 1582 177 0 0 1 26 285 1375 2092 317 1 22 232 1112 1995 708 26 0
1 0 14 72 499 1779 1555 176 1 0 11 43 278 1445 2055 263 9 32 175 917 2151 778 34 0
0 1 20 86 377 1403 1825 384 0 1 15 57 252 1251 2173 347 9 43 167 769 1947 1107 54 0
0 5 15 74 406 1295 1906 395 0 2 15 60 296 1279 2098 346 11 45 219 832 1823 1094 72 0
5 9 18 71 344 1175 2045 429 2 5 14 39 279 1047 2243 467 18 34 192 696 1837 1232 87 0
0 3 17 71 313 1145 2105 442 0 2 12 48 239 1036 2307 452 9 36 158 604 1778 1398 113 0
1 8 40 115 465 1302 1627 538 1 4 21 63 278 1157 2091 481 15 54 182 724 1727 1243 151 0
1 3 11 74 355 1189 1958 505 0 2 7 31 208 1006 2328 514 7 20 144 590 1820 1395 120 0
0 0 1 10 153 1087 2231 614 0 0 1 6 99 957 2443 590 0 1 60 487 1945 1474 129 0
0 0 0 4 91 591 2318 1092 0 0 0 7 104 645 2543 797 0 2 45 319 1269 2088 373 0
1 4 4 36 209 1024 2163 655 1 1 7 25 139 776 2498 649 7 16 86 381 1564 1815 227 0
0 4 8 27 180 1019 2241 617 0 2 7 17 83 705 2658 624 6 10 50 288 1468 2044 230 0
0 0 0 7 139 861 2331 758 0 0 0 2 100 728 2596 670 0 0 37 328 1480 2002 249 0
0 0 0 6 71 556 2259 1204 0 0 0 5 80 603 2700 708 0 1 33 211 1168 2322 361 0
0 0 4 41 172 688 2226 965 0 0 4 19 120 713 2587 653 0 12 80 330 1405 2064 205 0
0 0 0 1 32 435 2506 1122 0 0 0 3 44 556 2739 754 0 1 7 149 1355 2296 288 0
0 0 1 3 32 567 2555 938 0 0 0 2 24 497 2781 792 0 1 10 158 1362 2269 296 0
0 0 0 5 59 607 2469 956 0 0 0 2 47 547 2745 755 0 2 23 222 1528 2086 235 0
0 0 2 21 182 1089 2161 641 0 0 1 13 105 860 2464 653 1 7 58 576 1783 1540 131 0
0 1 15 101 512 1548 1603 316 0 0 2 20 179 1097 2376 422 2 13 108 752 2047 1104 70 0
1 5 12 106 544 1504 1607 317 1 2 12 42 242 1211 2122 464 9 26 172 809 1859 1124 97 0
0 3 11 116 667 1614 1492 193 0 0 5 20 206 1231 2249 385 3 14 128 794 2030 1068 59 0
0 1 24 123 510 1348 1674 416 0 0 5 39 257 1211 2114 470 2 26 164 834 1803 1157 110 0
0 0 10 42 263 1032 2197 552 0 0 5 24 154 869 2472 572 2 15 99 520 1803 1525 132 0
0 0 0 12 147 825 2426 686 0 0 0 10 104 887 2555 540 0 6 68 578 1950 1423 71 0
0 0 8 26 205 1038 2339 480 0 0 3 14 128 944 2592 415 2 19 126 760 2194 972 23 0
0 4 18 69 353 1162 2019 471 0 1 6 41 224 1168 2236 420 10 44 245 1018 1936 805 38 0
0 6 36 126 569 1664 1517 178 0 3 23 87 310 1421 1991 261 24 100 413 1320 1763 464 12 0
0 3 24 153 740 1621 1411 144 0 3 8 61 345 1461 1960 258 10 56 302 1250 1945 518 15 0
0 0 7 34 272 1416 2057 310 0 0 4 25 161 1246 2422 238 0 19 84 681 2013 1227 72 0
0 0 0 23 243 1194 2220 416 0 0 0 12 143 1170 2453 318 0 3 83 653 1935 1283 139 0
0 0 8 29 154 867 2395 643 0 0 6 38 165 1017 2504 366 5 25 103 561 1887 1431 84 0
0 3 9 32 143 595 2324 990 0 3 12 36 178 898 2538 431 9 27 123 421 1731 1656 123 6
0 0 0 2 85 552 2467 990 0 0 0 2 80 662 2806 546 0 1 43 310 1583 1933 225 1
0 0 2 12 97 684 2430 871 0 0 2 6 94 754 2652 588 0 7 46 308 1600 1942 193 0
0 0 3 18 138 815 2336 786 0 0 3 13 144 971 2503 462 2 11 92 493 1746 1620 131 1
0 0 4 19 146 768 2395 764 0 0 1 13 126 964 2553 439 0 11 58 483 1894 1536 114 0
0 1 7 18 199 1018 2222 631 0 1 5 21 147 914 2530 478 5 14 78 467 1730 1644 158 0
0 0 1 15 159 1013 2337 571 0 0 0 7 105 808 2622 554 0 2 44 339 1668 1872 171 0
0 0 0 7 51 529 2511 998 0 0 0 6 54 627 2862 547 0 4 20 255 1403 2189 224 1
0 0 0 9 123 819 2380 765 0 0 0 6 77 764 2692 557 0 1 41 347 1701 1832 174 0
0 0 3 12 123 844 2364 750 0 0 2 5 89 713 2773 514 0 5 55 361 1705 1827 143 0
0 0 0 6 81 852 2466 691 0 0 0 4 40 585 2884 583 0 2 18 249 1573 2076 178 0
0 0 0 3 60 680 2638 715 0 0 0 1 36 483 2994 582 0 0 14 208 1557 2168 149 0
0 0 0 7 72 816 2385 816 0 0 0 3 27 527 2894 645 0 0 22 228 1537 2068 241 0
0 0 0 2 57 622 2209 1206 0 0 0 1 36 474 2891 694 0 0 16 229 1374 2141 335 1
0 0 3 7 58 452 2256 1320 0 0 5 11 53 538 2837 652 2 5 32 267 1499 2060 227 4
0 0 0 5 69 646 2355 1021 0 0 0 5 61 589 2807 634 0 2 33 326 1581 1955 199 0
0 0 0 5 89 536 2425 1041 0 0 0 7 96 610 2730 653 0 3 46 264 1513 2065 205 0
0 0 1 12 96 646 2620 721 0 0 0 11 70 576 2749 690 0 4 35 277 1506 2096 178 0
0 0 0 4 37 628 2560 867 0 0 0 6 38 549 2818 685 0 3 12 255 1652 1995 179 0
0 0 3 9 99 864 2527 594 0 0 0 6 61 659 2824 546 1 4 40 396 2180 1388 87 0
0 1 1 11 94 672 2600 717 0 1 1 10 73 633 2806 572 2 8 45 385 1759 1805 92 0
0 0 0 11 193 1210 2370 312 0 0 0 8 116 927 2667 378 0 7 135 767 2052 1092 43 0
0 1 13 80 483 1843 1553 123 0 1 5 31 217 1255 2319 268 8 33 244 1118 2066 616 11 0
0 1 16 189 1020 1737 1080 53 0 0 1 21 268 1613 1994 199 3 24 268 1375 1939 482 5 0
1 10 98 831 1953 1019 180 4 0 4 11 86 740 2237 955 63 9 88 729 2027 1092 150 1 0
0 0 1 16 395 1170 2162 352 0 0 0 5 102 1349 2542 98 0 3 61 767 2048 1203 14 0
0 0 0 13 154 948 2403 578 0 0 0 7 77 843 2936 233 0 3 34 455 1879 1666 59 0
0 0 1 8 104 913 2461 609 0 0 2 4 52 738 3052 248 1 3 32 346 1833 1793 88 0
0 0 0 2 63 818 2639 574 0 0 0 1 19 591 3113 372 0 0 4 184 1792 2020 96 0
0 0 0 0 30 428 2675 963 0 0 0 0 11 379 3195 511 0 0 6 126 1268 2515 181 0
0 0 0 0 16 307 2653 1120 0 0 0 0 19 435 3081 561 0 0 8 125 1373 2426 164 0
0 0 0 2 43 454 2695 902 0 0 0 5 47 604 3074 366 0 1 29 240 1735 1994 97 0
0 0 0 6 103 882 2643 462 0 0 0 6 76 813 2877 324 0 5 32 412 1899 1650 98 0
0 2 31 116 341 899 2208 499 0 0 5 53 234 834 2484 486 3 41 185 528 1442 1756 141 0
0 0 0 5 76 458 2482 1075 0 0 0 4 72 614 2979 427 0 1 32 237 1547 2057 221 1
0 0 0 0 22 340 2710 1024 0 0 0 0 24 473 3170 429 0 0 13 131 1520 2329 103 0
0 0 0 2 40 592 2555 907 0 0 0 0 32 559 3100 405 0 0 20 250 1727 1972 127 0
0 0 0 1 45 572 2396 1082 0 0 0 1 23 458 3050 564 0 1 9 180 1393 2228 285 0
0 0 1 0 28 280 2550 1237 0 0 1 0 22 298 3129 646 1 0 9 101 1246 2475 264 0
0 0 0 1 10 185 2442 1458 0 0 0 1 19 277 3227 572 0 0 4 88 1163 2575 266 0
0 0 0 0 14 272 2578 1232 0 0 0 0 6 288 3106 696 0 0 2 87 1056 2618 332 1
0 0 0 0 17 262 2799 1018 0 0 0 0 18 266 3214 598 0 0 2 97 957 2775 265 0
0 0 0 0 9 325 2550 1212 0 0 0 0 8 208 3168 712 0 0 3 31 940 2795 326 1
0 0 0 0 6 264 2695 1131 0 0 0 0 3 203 2988 902 0 0 0 40 752 2742 562 0
0 0 0 4 48 665 2918 461 0 0 0 2 24 362 3060 648 0 0 12 103 1337 2463 181 0
0 0 0 10 82 755 2686 563 0 0 0 0 33 435 2939 689 0 0 19 191 1373 2313 200 0
0 0 0 4 97 997 2362 636 0 0 0 0 25 488 2873 710 0 0 8 192 1481 2199 216 0
0 0 0 5 68 821 2606 596 0 0 0 5 24 469 2983 615 0 3 17 210 1512 2171 183 0
0 0 0 2 47 610 2892 545 0 0 0 2 25 465 3059 545 0 1 10 280 1830 1862 113 0
0 0 1 5 135 897 2627 431 0 0 1 4 56 657 2891 487 0 8 65 485 1808 1683 47 0
1 1 13 52 364 1423 2084 158 0 1 2 23 163 1068 2578 261 4 25 154 902 2260 739 12 0
0 2 8 105 529 1548 1658 246 0 2 5 63 339 1542 1936 209 6 61 333 1260 1816 577 41 2
0 0 37 373 1162 1429 1049 46 0 0 4 87 670 1740 1533 62 4 97 771 1605 1390 228 1 0
0 0 0 4 182 1166 2577 167 0 0 0 0 37 836 3083 140 0 0 34 519 2099 1423 20 1
0 0 0 3 76 828 2846 343 0 0 0 1 21 537 3292 245 0 1 14 251 1880 1899 51 0
0 0 0 0 74 1069 2693 260 0 0 0 0 20 697 3188 191 0 0 10 361 2114 1569 42 0
0 0 0 2 78 896 2769 351 0 0 0 3 26 597 3224 246 0 1 15 301 1800 1904 75 0
0 0 1 4 63 676 2978 374 0 0 1 8 30 442 3371 244 1 2 25 243 2028 1766 31 0
0 0 0 0 54 673 3037 332 0 0 0 0 24 575 3324 173 0 0 9 247 2013 1801 26 0
0 0 0 3 64 814 2687 528 0 0 0 4 39 758 3081 214 0 2 28 397 2134 1479 56 0
0 0 0 0 26 495 2807 768 0 0 0 0 19 519 3261 297 0 0 11 253 1823 1907 102 0
0 0 0 0 26 477 2829 764 0 0 0 0 18 465 3300 313 0 0 14 244 1775 1953 110 0
0 0 0 0 22 485 2525 1064 0 0 0 0 16 544 3222 314 0 0 16 310 1653 2020 97 0
0 0 0 1 14 363 2571 1147 0 0 0 0 9 392 3312 383 0 0 6 202 1500 2242 145 1
0 0 0 5 58 499 2619 915 0 0 0 1 27 372 3206 490 0 3 49 291 1252 2316 185 0
0 0 0 1 30 327 2448 1290 0 0 0 1 8 266 3271 550 0 1 9 173 1312 2340 261 0
0 0 0 0 14 302 2548 1232 0 0 0 0 6 244 3265 581 0 0 3 143 1348 2350 252 0
0 0 0 17 90 510 2778 701 0 0 0 1 50 414 3169 462 0 5 49 220 1537 2068 217 0
0 0 0 0 21 324 2907 844 0 0 0 0 11 295 3240 550 0 0 7 128 1074 2663 224 0
0 0 0 2 66 791 2694 543 0 0 0 1 17 316 3238 524 0 1 12 149 1353 2442 139 0
0 0 0 3 22 432 2916 723 0 0 0 2 13 260 3219 602 0 1 12 149 1399 2350 185 0
0 0 0 0 11 441 3037 607 0 0 0 0 4 211 3286 595 0 0 2 98 1639 2225 132 0
0 0 0 3 52 348 2637 1056 0 0 0 0 22 258 2941 875 0 2 27 207 1229 2371 260 0
0 0 0 0 1 141 2798 1156 0 0 0 0 0 137 3089 870 0 0 2 50 1194 2620 230 0
0 0 0 0 24 486 2790 796 0 0 0 0 3 254 3180 659 0 0 17 263 1682 1948 185 1
0 0 0 0 28 371 2966 731 0 0 0 0 6 218 3312 560 0 0 13 149 1576 2224 134 0
0 0 0 1 18 390 3052 635 0 0 0 1 11 285 3341 458 0 1 8 151 1788 2091 57 0
0 0 0 2 43 486 3004 561 0 0 0 2 26 389 3304 375 0 2 32 267 1817 1907 71 0
0 0 0 2 36 565 2920 573 0 0 1 4 32 496 3298 265 0 4 30 336 1906 1755 65 0
0 0 0 0 32 701 2926 437 0 0 0 0 20 666 3184 226 0 0 15 411 2308 1339 23 0
0 0 0 27 206 1235 2455 173 0 0 0 17 196 1390 2438 55 1 25 219 1131 2111 601 8 0
