64 878 320 235 1131 438 815 215 135 1013 262 1103 154 822 416 191 177 1471 674 184 228 831 324 207
3 154 893 1172 947 471 189 267 18 432 1082 1713 276 162 186 227 34 901 1527 786 276 162 188 222
0 18 892 1009 402 1133 171 471 0 156 1713 1077 395 168 185 402 10 511 2356 278 198 179 185 379
0 70 1467 791 994 265 203 306 2 280 2041 1017 142 158 202 254 41 974 2089 255 153 114 183 287
1059 895 178 188 195 809 524 248 1180 791 169 176 221 908 421 230 543 1261 269 182 220 842 502 277
24 485 1276 1000 339 380 263 329 40 633 1220 930 308 382 269 314 5 313 1169 1197 348 359 312 393
29 382 2004 471 225 230 223 532 30 485 2161 232 230 224 226 508 7 144 2227 450 229 223 226 590
6 271 1967 495 211 194 225 727 7 379 2150 237 205 205 228 685 1 123 2177 405 220 205 228 737
817 802 289 418 746 731 243 50 716 752 369 314 772 845 231 97 200 914 541 352 587 862 420 220
74 718 1118 738 678 429 220 121 59 608 1006 853 652 503 248 167 10 237 812 1057 691 615 347 327
105 1055 1275 431 337 321 312 260 109 1025 1094 564 322 346 334 302 13 454 1105 934 394 309 381 506
35 979 1519 465 411 333 214 140 42 843 1623 462 394 347 219 166 8 356 1346 1068 415 357 283 263
