0 0 0 6 928 1639 1464 59 0 0 0 18 246 763 2675 394 0 0 0 27 347 157 424 3141
0 0 0 0 0 1011 3015 70 0 0 0 0 1 21 3266 808 0 0 0 0 5 15 8 4068
0 0 0 0 0 519 2882 695 0 0 0 0 0 0 1220 2876 0 0 0 0 0 0 0 4096
0 0 0 0 0 375 3223 498 0 0 0 0 0 0 1064 3032 0 0 0 0 0 0 0 4096
0 9 102 679 914 906 949 537 5 36 206 882 1018 666 598 685 6 59 537 762 996 419 408 909
0 11 52 325 1203 957 1013 535 0 16 144 759 1151 1035 419 572 0 34 378 828 1001 924 261 670
0 4 32 334 830 772 1131 993 0 18 137 723 830 914 277 1197 1 29 302 707 761 892 216 1188
0 1 64 428 655 452 409 2087 5 115 248 509 561 441 129 2088 10 124 322 555 504 386 105 2090
0 0 98 1331 2284 335 32 16 0 35 826 2552 622 38 22 1 8 292 1727 1943 77 34 15 0
0 10 44 587 2401 1015 27 12 0 37 334 2203 1472 33 17 0 6 133 1338 2397 190 28 4 0
1 20 41 352 1648 1974 34 26 6 32 231 1405 2340 43 18 21 11 79 705 2620 625 19 19 18
0 4 39 278 2825 876 30 44 1 14 106 1507 2373 35 33 27 6 40 345 3127 494 33 35 16
