10 1264 1726 821 123 60 39 53 28 1732 1384 660 116 74 40 62 535 1848 1083 360 101 69 43 57
16 485 2039 1025 120 63 71 277 19 1117 2119 351 85 65 67 273 1026 2212 322 93 69 53 88 233
33 218 1753 1740 281 70 1 0 70 1122 2110 705 82 7 0 0 2009 1871 194 22 0 0 0 0
336 1337 1202 856 191 70 52 52 759 1615 1168 376 82 37 42 17 2260 1334 273 89 50 51 25 14
21 597 1529 1622 284 36 5 2 170 1326 1957 570 65 8 0 0 2022 1812 228 30 4 0 0 0
177 832 1504 1289 251 9 11 23 333 1291 1705 683 42 12 8 22 1725 1813 455 55 10 14 11 13
7 613 2249 722 180 76 66 183 51 1040 1995 523 169 76 65 177 422 2124 863 324 91 56 67 149
204 1123 1946 723 81 3 5 11 436 1653 1531 436 23 6 5 6 1104 2221 616 136 7 5 7 0
193 555 1753 902 325 126 69 173 280 1025 1647 572 234 102 71 165 1141 1815 547 231 101 59 69 133
257 908 1710 784 328 79 19 11 469 1578 1346 470 147 48 26 12 2087 1304 474 90 52 49 25 15
377 1140 957 545 384 295 177 221 504 1268 912 490 342 217 160 203 545 1142 840 500 337 251 197 284
22 535 1316 1094 639 192 98 200 117 832 1319 965 451 170 76 166 709 1370 1109 395 223 113 85 92
10 676 1445 971 514 257 74 149 140 1181 1353 775 337 105 58 147 1029 1715 706 318 106 62 72 88
131 933 1604 898 386 121 14 9 299 1358 1554 656 181 28 14 6 889 2296 700 154 17 19 15 6
493 1220 1080 623 356 199 91 34 795 1283 989 473 305 161 72 18 1039 1250 849 476 282 136 50 14
404 1285 1106 714 357 155 60 15 763 1242 982 583 331 143 45 7 768 1395 949 560 296 93 30 5
570 1348 1178 583 276 94 31 16 854 1468 999 460 224 59 22 10 1245 1363 791 418 201 49 22 7
545 1813 1200 374 114 36 9 5 891 1849 897 310 108 31 7 3 1536 1603 607 226 92 17 9 6
703 1658 1047 459 165 36 15 13 1180 1612 818 350 88 27 13 8 1766 1350 613 251 76 28 9 3
619 1576 1045 529 224 80 18 5 1018 1532 845 475 154 54 15 3 1278 1445 797 381 136 46 10 3
365 1272 1136 672 396 186 56 13 643 1381 927 605 350 156 28 6 801 1255 946 582 351 131 24 6
368 719 922 819 576 427 202 63 491 934 967 713 499 311 161 20 686 877 853 726 476 291 140 47
327 834 892 750 567 380 227 119 526 910 908 723 508 295 175 51 677 786 848 681 558 340 138 68
101 402 968 608 403 705 670 239 218 894 776 469 751 671 259 58 626 927 689 468 492 577 240 77
143 344 356 260 396 966 1292 339 254 387 334 359 1136 1204 309 113 594 1432 1079 473 261 135 73 49
327 589 325 321 302 570 1355 307 506 500 306 377 660 1294 230 223 507 1531 982 419 208 137 130 182
536 1003 692 331 333 541 517 143 761 1197 406 387 670 463 134 78 725 1181 854 740 290 129 71 106
444 807 1051 721 477 363 167 66 689 1151 925 491 449 248 100 43 632 711 638 700 605 520 189 101
1027 1229 882 418 303 163 57 17 1430 1111 675 423 272 143 36 6 1059 964 678 604 406 245 96 44
1254 1178 663 350 282 212 117 40 1330 1243 595 370 253 196 95 14 1408 1034 635 487 299 153 68 12
1019 1209 828 407 289 165 134 45 1118 1391 596 395 305 204 68 19 1023 901 723 630 522 195 79 23
204 518 1551 507 221 248 496 351 314 961 1243 348 288 510 227 205 372 476 656 722 1159 429 135 147
215 629 1127 590 225 301 600 409 339 842 997 449 414 567 168 320 347 676 701 893 684 332 127 336
429 764 1983 283 136 170 129 202 589 2202 560 173 143 199 113 117 603 465 361 607 1194 629 71 166
513 843 980 877 292 235 148 208 713 1073 1163 405 245 234 233 30 571 704 762 575 463 750 249 22
