0 0 0 0 655 3441 0 0 0 0 0 0 4082 14 0 0 0 0 0 0 4096 0 0 0
0 0 0 0 610 3486 0 0 0 0 0 0 4056 40 0 0 0 0 0 0 4096 0 0 0
0 0 0 0 644 3452 0 0 0 0 0 0 3945 151 0 0 0 0 0 0 4096 0 0 0
0 0 0 248 753 3095 0 0 0 0 0 212 3564 320 0 0 0 0 0 460 3636 0 0 0
0 0 0 0 26 4070 0 0 0 0 0 0 2854 1242 0 0 0 0 0 0 4096 0 0 0
0 0 0 0 0 4096 0 0 0 0 0 0 784 3312 0 0 0 0 0 0 4096 0 0 0
0 0 0 0 0 4096 0 0 0 0 0 0 23 4073 0 0 0 0 0 0 4096 0 0 0
0 0 0 0 6 4090 0 0 0 0 0 0 61 4035 0 0 0 0 0 0 4096 0 0 0
0 0 0 0 0 4096 0 0 0 0 0 0 0 4096 0 0 0 0 0 0 3534 562 0 0
0 0 0 0 0 4096 0 0 0 0 0 0 0 4096 0 0 0 0 0 0 3229 867 0 0
0 0 0 0 0 4096 0 0 0 0 0 0 0 4096 0 0 0 0 0 0 3274 822 0 0
0 0 0 0 0 4096 0 0 0 0 0 0 0 4096 0 0 0 0 0 0 1296 2800 0 0
0 0 0 0 0 4096 0 0 0 0 0 0 0 4096 0 0 0 0 0 0 209 3887 0 0
0 0 0 0 0 4096 0 0 0 0 0 0 0 4096 0 0 0 0 0 0 50 4046 0 0
0 0 0 0 0 4096 0 0 0 0 0 0 0 4096 0 0 0 0 0 0 15 4081 0 0
0 0 0 0 3277 819 0 0 0 0 0 0 4096 0 0 0 0 0 0 6 4090 0 0 0
0 0 0 0 3726 370 0 0 0 0 0 0 4096 0 0 0 0 0 0 39 4057 0 0 0
0 0 0 0 3266 830 0 0 0 0 0 0 4096 0 0 0 0 0 0 162 3934 0 0 0
0 0 0 234 2899 963 0 0 0 0 0 233 3863 0 0 0 0 0 0 600 3496 0 0 0
0 0 0 0 1534 2562 0 0 0 0 0 0 4094 2 0 0 0 0 0 0 4096 0 0 0
0 0 0 0 258 3838 0 0 0 0 0 0 3558 538 0 0 0 0 0 0 4096 0 0 0
0 0 0 11 41 3988 56 0 0 12 11 7 893 3119 54 0 5 13 9 10 3928 83 48 0
0 0 0 24 375 3692 5 0 7 42 41 87 383 3535 1 0 33 41 59 257 3689 17 0 0
0 0 0 2 146 3948 0 0 0 0 0 7 290 3799 0 0 0 0 0 127 3925 44 0 0
0 0 0 0 0 4096 0 0 0 0 0 0 0 4096 0 0 0 0 0 0 3939 157 0 0
0 0 0 0 0 4096 0 0 0 0 0 0 0 4096 0 0 0 0 0 0 3865 231 0 0
0 0 0 0 0 4096 0 0 0 0 0 0 0 4096 0 0 0 0 0 0 2183 1913 0 0
0 0 0 0 0 4096 0 0 0 0 0 0 0 4096 0 0 0 0 0 0 278 3818 0 0
0 0 0 0 0 4096 0 0 0 0 0 0 0 4096 0 0 0 0 0 0 69 4027 0 0
0 0 0 0 0 4096 0 0 0 0 0 0 0 4096 0 0 0 0 0 0 94 4002 0 0
0 0 0 0 4089 7 0 0 0 0 0 0 4096 0 0 0 0 0 0 108 3988 0 0 0
0 0 0 0 4086 10 0 0 0 0 0 0 4096 0 0 0 0 0 0 144 3952 0 0 0
0 0 0 0 3955 141 0 0 0 0 0 1 4092 3 0 0 0 0 0 79 4017 0 0 0
0 0 0 261 3819 16 0 0 0 0 0 226 3870 0 0 0 0 0 0 727 3369 0 0 0
0 0 0 0 3948 148 0 0 0 0 0 0 4096 0 0 0 0 0 0 83 4013 0 0 0
0 0 0 0 2296 1800 0 0 0 0 0 0 4060 36 0 0 0 0 0 22 4074 0 0 0
259 82 58 93 620 1228 730 1026 470 859 128 178 627 169 530 1135 418 786 208 237 613 171 431 1232
115 29 25 220 1156 1339 729 483 210 490 216 903 1000 539 265 473 403 264 750 1213 587 171 225 483
0 0 5 647 2650 604 190 0 0 0 32 2850 689 525 0 0 0 13 2284 1207 592 0 0 0
0 0 0 0 317 3779 0 0 0 0 0 189 201 3706 0 0 0 0 64 218 3805 9 0 0
0 0 0 0 0 4096 0 0 0 0 0 0 5 4091 0 0 0 0 0 0 4042 54 0 0
0 0 0 0 0 4096 0 0 0 0 0 0 0 4096 0 0 0 0 0 0 3779 317 0 0
0 0 0 0 0 4096 0 0 0 0 0 0 0 4096 0 0 0 0 0 0 2396 1700 0 0
0 0 0 0 0 4096 0 0 0 0 0 0 0 4096 0 0 0 0 0 0 857 3239 0 0
0 0 0 0 0 4096 0 0 0 0 0 0 0 4096 0 0 0 0 0 0 176 3920 0 0
0 0 0 0 4096 0 0 0 0 0 0 0 4096 0 0 0 0 0 0 1201 2895 0 0 0
0 0 0 0 4096 0 0 0 0 0 0 0 4096 0 0 0 0 0 0 1125 2971 0 0 0
0 0 0 0 4030 66 0 0 0 0 0 0 4092 4 0 0 0 0 0 434 3662 0 0 0
0 0 0 211 3885 0 0 0 0 0 0 323 3773 0 0 0 0 0 2 715 3379 0 0 0
0 0 0 0 4091 5 0 0 0 0 0 0 4096 0 0 0 0 0 0 152 3944 0 0 0
0 0 0 0 3810 286 0 0 0 0 0 0 4094 2 0 0 0 0 0 20 4076 0 0 0
708 63 166 379 954 1206 355 265 1114 117 116 260 1400 396 307 386 412 707 201 376 1522 157 289 432
1110 108 105 298 679 975 706 115 1044 166 217 486 785 913 240 245 70 926 663 661 1090 156 253 277
0 0 0 1220 1052 700 1124 0 0 0 0 1980 948 1168 0 0 0 0 1817 1631 643 5 0 0
0 0 0 776 501 2819 0 0 0 0 0 1027 325 2744 0 0 0 0 870 322 2900 4 0 0
0 0 0 0 1 4095 0 0 0 0 0 0 9 4087 0 0 0 0 0 0 4096 0 0 0
0 0 0 0 0 4096 0 0 0 0 0 0 0 4096 0 0 0 0 0 0 4088 8 0 0
0 0 0 0 0 4096 0 0 0 0 0 0 0 4096 0 0 0 0 0 0 3612 484 0 0
0 0 0 0 0 4096 0 0 0 0 0 0 0 4096 0 0 0 0 0 0 2526 1570 0 0
0 0 0 0 0 4096 0 0 0 0 0 0 0 4096 0 0 0 0 0 0 893 3203 0 0
0 1 23 195 2213 605 1059 0 0 3 24 629 1782 510 1126 22 0 14 23 2045 457 1096 461 0
0 0 48 161 2232 634 1011 10 0 0 60 542 1862 506 1112 14 0 17 50 1842 601 1251 333 2
0 3 23 146 2337 570 904 113 0 3 25 403 2082 594 866 123 0 6 33 1173 1435 883 553 13
0 5 41 248 2214 671 912 5 0 11 40 484 1977 622 934 28 0 24 58 1491 1038 1193 292 0
0 7 29 140 2304 818 795 3 0 11 32 367 2086 735 855 10 0 24 36 1061 1503 1158 314 0
0 1 26 26 2134 1209 696 4 0 13 19 142 2366 851 700 5 0 23 15 633 2088 1107 230 0
352 74 50 119 816 2056 601 28 362 68 63 125 1806 999 618 55 407 49 101 391 2002 892 254 0
212 479 288 283 678 2074 82 0 382 407 261 477 920 1558 91 0 604 335 488 577 1737 355 0 0
1 11 340 841 606 963 1292 42 1 10 521 1188 1193 1114 69 0 10 190 1510 1688 598 68 32 0
0 10 19 972 606 2203 286 0 0 11 21 1102 656 1938 368 0 8 19 911 340 1999 741 78 0
0 8 13 21 574 3149 318 13 0 12 12 16 776 2925 343 12 3 10 13 142 3068 775 85 0
0 2 19 11 638 3210 216 0 0 5 18 10 732 3093 238 0 0 16 12 181 3220 636 31 0
0 8 5 33 545 3251 253 1 0 9 5 28 641 3127 285 1 1 10 9 133 3203 688 52 0
0 6 8 9 657 3291 125 0 0 7 7 8 825 3137 112 0 0 10 5 130 3273 668 10 0
0 6 4 11 906 3120 49 0 0 6 3 15 914 3089 69 0 0 7 6 170 1615 2296 2 0
1 8 158 323 3606 0 0 0 2 22 173 875 3024 0 0 0 2 69 184 3496 345 0 0 0
2 20 226 321 3279 47 53 148 3 61 278 708 3046 0 0 0 46 202 304 2824 720 0 0 0
0 4 92 216 2421 531 275 557 2 111 391 1343 2248 1 0 0 106 328 693 2142 827 0 0 0
3 32 229 265 3552 15 0 0 4 55 237 366 3416 18 0 0 6 160 215 2497 1213 5 0 0
4 26 200 323 3519 24 0 0 4 71 186 369 3444 22 0 0 6 155 175 1802 1956 2 0 0
461 187 381 506 2304 257 0 0 497 261 343 504 2480 11 0 0 573 378 388 512 2245 0 0 0
3851 56 44 92 53 0 0 0 3849 62 43 101 41 0 0 0 3885 47 68 92 4 0 0 0
1514 962 897 451 124 87 61 0 1883 1121 792 167 80 53 0 0 2497 1147 327 94 31 0 0 0
8 90 82 1315 520 604 1414 63 27 106 200 1733 742 1288 0 0 98 144 1640 1367 847 0 0 0
3 122 150 1751 559 1511 0 0 6 138 189 1811 619 1333 0 0 73 159 1659 421 1772 12 0 0
3 33 172 141 477 3270 0 0 3 46 173 132 762 2980 0 0 11 128 160 117 3658 22 0 0
4 40 169 97 386 3400 0 0 4 52 162 102 510 3266 0 0 10 164 93 155 3660 14 0 0
5 20 177 108 245 3541 0 0 5 37 174 102 319 3459 0 0 7 135 127 149 3607 71 0 0
5 20 184 125 168 3594 0 0 5 27 182 127 204 3551 0 0 7 139 125 125 3244 456 0 0
4 28 163 119 205 3577 0 0 4 42 159 117 224 3550 0 0 6 140 87 137 1567 2159 0 0
0 11 210 1379 2496 0 0 0 3 27 211 2214 1641 0 0 0 3 68 191 3518 316 0 0 0
3 39 270 1009 2714 29 17 15 3 67 298 1500 2228 0 0 0 8 140 434 3051 463 0 0 0
8 78 512 1671 1567 57 58 145 7 85 620 2042 1342 0 0 0 83 237 729 2823 224 0 0 0
5 54 192 495 3350 0 0 0 7 64 228 608 3189 0 0 0 11 140 280 2109 1556 0 0 0
3 26 228 306 3509 24 0 0 4 50 226 351 3449 16 0 0 9 150 173 1821 1937 6 0 0
872 423 652 831 1299 19 0 0 956 443 838 659 1198 2 0 0 1124 603 843 589 933 4 0 0
1365 735 452 215 173 183 238 735 1637 698 382 175 193 224 397 390 1772 625 275 157 188 209 327 543
1527 426 395 400 363 520 450 15 1719 573 395 398 615 367 16 13 1925 587 488 787 185 94 20 10
12 98 77 1493 323 789 1301 3 24 117 183 1753 921 1096 2 0 89 168 1937 1695 202 2 2 1
6 114 174 1773 631 1398 0 0 6 159 174 1820 728 1209 0 0 65 184 1680 380 1786 1 0 0
5 48 156 134 680 3073 0 0 5 58 152 138 947 2796 0 0 7 154 105 178 3647 5 0 0
6 47 207 106 363 3367 0 0 3 55 202 109 538 3189 0 0 10 120 191 78 3675 22 0 0
5 41 168 134 285 3463 0 0 6 49 171 124 423 3323 0 0 10 121 155 115 3636 59 0 0
4 26 187 132 221 3526 0 0 4 31 190 128 299 3444 0 0 11 114 163 116 3441 251 0 0
8 22 243 140 198 3485 0 0 8 33 247 130 204 3474 0 0 14 131 192 120 2735 904 0 0
7 104 253 2284 1448 0 0 0 7 124 245 2739 981 0 0 0 7 144 251 3525 169 0 0 0
13 315 647 1790 1307 24 0 0 14 343 856 2095 765 23 0 0 139 687 1642 1485 142 1 0 0
68 952 1803 1266 7 0 0 0 71 1086 2039 893 7 0 0 0 382 2258 1381 73 2 0 0 0
2 326 939 2642 187 0 0 0 18 447 1638 1864 129 0 0 0 307 1598 1964 227 0 0 0 0
10 122 276 369 3318 1 0 0 12 148 257 422 3255 2 0 0 16 239 223 1889 1729 0 0 0
218 327 394 421 2205 206 109 216 285 485 481 530 1992 27 60 236 521 486 515 966 1276 28 60 244
1335 953 500 424 297 328 135 124 2535 988 109 86 85 115 111 67 3233 323 78 84 82 112 106 78
191 409 502 531 474 885 1089 15 1673 2383 11 6 5 3 5 10 3768 287 10 7 5 3 4 12
15 117 113 1477 201 978 894 301 43 1599 326 1483 156 105 95 289 1291 393 1543 307 93 76 92 301
9 170 226 1736 621 1334 0 0 12 194 240 1760 750 1140 0 0 107 233 1554 503 1697 2 0 0
9 57 224 179 728 2899 0 0 10 73 218 176 966 2653 0 0 15 162 210 168 3511 30 0 0
9 51 230 174 369 3263 0 0 9 68 228 173 494 3124 0 0 15 163 208 164 3467 79 0 0
6 58 221 183 295 3333 0 0 7 65 217 185 358 3264 0 0 15 169 199 158 2959 596 0 0
6 57 210 183 239 3401 0 0 6 53 233 164 272 3368 0 0 11 168 189 161 2799 768 0 0
4 24 212 142 220 3494 0 0 3 30 213 145 235 3470 0 0 6 99 220 117 2109 1545 0 0
3 55 224 2564 1250 0 0 0 4 86 213 2947 846 0 0 0 4 121 192 3761 18 0 0 0
2 25 201 818 2335 360 163 192 3 70 228 1710 1548 222 128 187 35 196 1189 2119 211 127 113 106
4 97 277 3412 306 0 0 0 18 222 490 3363 3 0 0 0 189 336 3556 15 0 0 0 0
0 70 160 3589 277 0 0 0 5 162 208 3701 20 0 0 0 114 276 3585 121 0 0 0 0
7 115 167 597 3205 5 0 0 4 120 175 690 3099 8 0 0 18 166 252 2676 979 5 0 0
0 0 0 3 402 1054 1851 786 2 189 117 434 1281 1316 53 704 14 160 396 2174 529 44 43 736
157 241 80 100 126 1787 1486 119 242 3668 38 16 16 10 16 90 3360 522 64 16 15 12 14 93
1202 235 145 140 156 551 1667 0 1139 2953 4 0 0 0 0 0 3379 707 10 0 0 0 0 0
1543 187 143 406 284 1264 269 0 1779 1957 79 281 0 0 0 0 3157 604 282 53 0 0 0 0
2831 147 146 469 150 353 0 0 2724 252 153 490 153 324 0 0 1339 1527 632 135 383 80 0 0
2812 97 90 87 129 881 0 0 2464 404 102 98 216 812 0 0 66 2239 637 103 949 102 0 0
2759 156 119 82 147 833 0 0 2312 576 114 106 173 815 0 0 198 1972 802 115 751 258 0 0
2889 97 106 59 140 805 0 0 2017 937 96 85 147 814 0 0 11 1495 1484 111 397 598 0 0
2959 211 162 87 112 565 0 0 1489 1719 111 93 123 561 0 0 138 700 2387 211 322 338 0 0
2749 379 134 69 119 646 0 0 1725 1220 244 120 113 674 0 0 385 966 1411 463 288 583 0 0
326 313 714 1933 810 0 0 0 420 601 957 1930 188 0 0 0 620 955 491 2023 7 0 0 0
1 34 152 861 2643 166 87 152 3 78 180 2320 1178 125 84 128 45 175 1348 2137 150 80 86 75
2 104 256 3300 434 0 0 0 14 218 309 3555 0 0 0 0 206 306 3584 0 0 0 0 0
1 82 230 3687 96 0 0 0 3 168 363 3562 0 0 0 0 149 276 3670 1 0 0 0 0
762 528 651 1026 1019 110 0 0 927 821 916 807 625 0 0 0 1432 1053 636 803 172 0 0 0
0 0 6 133 463 1547 1543 404 40 169 171 399 1477 907 338 595 41 153 333 1492 989 111 262 715
0 0 0 12 77 2269 1570 168 161 3559 41 20 14 27 62 212 3536 196 24 25 10 23 41 241
1700 535 228 194 193 632 614 0 1651 2315 123 7 0 0 0 0 2767 1155 174 0 0 0 0 0
1923 177 165 179 314 868 468 2 2263 1829 4 0 0 0 0 0 3724 372 0 0 0 0 0 0
2929 268 403 394 102 0 0 0 2981 484 523 108 0 0 0 0 2695 1187 214 0 0 0 0 0
4083 13 0 0 0 0 0 0 4013 83 0 0 0 0 0 0 956 3089 51 0 0 0 0 0
1958 410 554 740 434 0 0 0 2027 673 970 426 0 0 0 0 1205 2091 800 0 0 0 0 0
3997 64 25 10 0 0 0 0 3945 127 24 0 0 0 0 0 1042 2956 98 0 0 0 0 0
4068 28 0 0 0 0 0 0 3638 458 0 0 0 0 0 0 72 3446 578 0 0 0 0 0
1908 512 734 825 117 0 0 0 2038 1013 1012 33 0 0 0 0 1844 2104 148 0 0 0 0 0
2406 301 524 668 197 0 0 0 2160 688 696 542 10 0 0 0 124 2162 1332 477 1 0 0 0
82 92 186 1137 2522 77 0 0 70 162 225 2505 1068 66 0 0 73 264 1544 1939 274 2 0 0
56 269 361 3069 341 0 0 0 103 396 464 3116 17 0 0 0 436 460 3195 5 0 0 0 0
182 487 803 1335 703 464 122 0 315 853 1033 1345 453 97 0 0 869 1163 1361 502 192 9 0 0
1313 614 706 421 681 359 2 0 1516 835 732 777 236 0 0 0 1887 948 859 401 1 0 0 0
225 418 1202 617 569 1028 25 12 322 651 1271 853 975 4 12 8 587 1115 894 1452 17 8 6 17
1 4 40 180 366 1478 895 1132 260 1846 183 95 87 132 288 1205 1721 402 141 98 72 123 225 1314
70 37 31 38 49 2390 1481 0 164 3932 0 0 0 0 0 0 3928 168 0 0 0 0 0 0
47 147 122 109 251 2717 703 0 105 3989 2 0 0 0 0 0 3816 280 0 0 0 0 0 0
2458 910 506 210 12 0 0 0 2646 1053 362 35 0 0 0 0 3051 838 192 15 0 0 0 0
2968 228 236 365 299 0 0 0 2985 310 446 306 49 0 0 0 1417 2063 485 70 61 0 0 0
2570 341 416 515 190 64 0 0 2563 481 590 260 140 62 0 0 2168 1260 330 168 142 28 0 0
2466 188 333 536 559 14 0 0 2392 442 554 602 92 14 0 0 865 2402 658 54 116 1 0 0
3868 228 0 0 0 0 0 0 2442 1654 0 0 0 0 0 0 27 2100 1969 0 0 0 0 0
3265 363 416 52 0 0 0 0 3124 735 237 0 0 0 0 0 290 3274 519 13 0 0 0 0
3064 412 543 77 0 0 0 0 2751 801 451 87 6 0 0 0 56 2396 1420 183 41 0 0 0
576 214 349 1015 1942 0 0 0 534 377 347 2181 657 0 0 0 158 800 1855 1234 49 0 0 0
699 954 891 1259 286 7 0 0 1106 1041 826 1096 27 0 0 0 1976 1054 1032 33 1 0 0 0
425 260 503 992 1168 675 73 0 520 554 1042 1437 523 20 0 0 727 726 1475 1071 86 11 0 0
1475 589 649 593 347 348 95 0 1633 757 811 437 354 99 5 0 1971 714 725 378 277 29 2 0
644 773 1604 790 189 88 8 0 838 1586 1080 413 82 89 8 0 1550 1475 712 195 68 88 8 0
1724 81 285 225 243 308 709 521 1752 350 437 127 137 220 454 619 1844 410 276 122 153 193 342 756
2615 111 70 84 137 439 597 43 2700 1051 81 50 75 53 41 45 3587 208 57 67 70 39 37 31
2872 43 53 49 36 482 561 0 2988 1108 0 0 0 0 0 0 3934 162 0 0 0 0 0 0
3388 227 230 133 42 76 0 0 3440 330 204 111 11 0 0 0 3580 247 193 75 1 0 0 0
1197 408 759 1243 452 20 16 1 1306 684 1429 437 212 11 17 0 1310 1448 766 374 180 16 2 0
1944 312 416 788 422 184 30 0 2023 405 942 299 232 174 21 0 2177 886 512 193 243 85 0 0
1184 202 458 1127 762 295 68 0 1231 463 1189 392 524 272 25 0 664 2120 386 354 482 90 0 0
3139 78 20 92 522 206 39 0 2638 574 23 156 501 168 36 0 66 2085 1160 485 247 53 0 0
2713 350 184 276 419 143 11 0 2652 546 155 315 299 123 6 0 440 2161 886 417 167 23 2 0
2239 168 205 297 317 650 218 2 2102 369 246 259 422 500 198 0 174 1722 862 401 590 295 52 0
109 55 165 1666 1400 579 122 0 103 76 437 2326 530 529 95 0 23 275 1545 1405 571 276 1 0
607 311 334 1000 665 902 262 15 701 325 559 988 591 663 255 14 865 468 1080 408 744 407 112 12
916 131 287 402 1151 883 281 45 937 214 355 912 877 548 173 80 993 271 640 982 752 263 96 99
1703 121 129 181 637 801 498 26 1724 135 133 233 930 424 486 31 1764 128 240 672 549 363 312 68
1477 223 471 480 715 614 116 0 1518 381 574 560 638 325 100 0 1665 610 570 606 432 197 16 0
4028 17 7 9 15 20 0 0 4033 14 8 9 15 17 0 0 4031 16 8 9 15 17 0 0
4053 43 0 0 0 0 0 0 4073 23 0 0 0 0 0 0 4046 50 0 0 0 0 0 0
4063 33 0 0 0 0 0 0 4065 31 0 0 0 0 0 0 4037 59 0 0 0 0 0 0
3523 166 248 63 51 31 14 0 3524 211 221 58 41 30 11 0 3549 297 138 64 30 18 0 0
1218 504 1059 408 617 241 46 3 1266 663 1026 349 578 175 37 2 982 974 1117 623 337 58 5 0
1958 118 128 386 1244 246 16 0 1967 116 156 440 1170 233 14 0 1967 113 311 618 834 253 0 0
2179 111 321 846 629 10 0 0 2161 118 296 882 636 3 0 0 841 1403 419 677 756 0 0 0
2790 824 224 166 89 3 0 0 2672 697 483 205 39 0 0 0 72 2842 1042 138 2 0 0 0
764 1555 795 348 251 181 120 82 956 1712 672 343 282 121 10 0 1453 1263 928 304 148 0 0 0
179 449 941 2345 182 0 0 0 222 1099 1628 1142 5 0 0 0 338 1844 831 1083 0 0 0 0
0 0 7 2074 1960 54 1 0 0 0 53 3995 48 0 0 0 0 3 1644 2431 18 0 0 0
1099 44 86 405 1171 1181 110 0 1124 130 615 1776 451 0 0 0 1155 237 1199 1198 307 0 0 0
2301 108 83 73 56 69 155 1251 2294 108 79 81 57 59 100 1318 2124 254 87 79 60 57 96 1339
2252 97 121 386 612 619 9 0 2314 140 455 617 391 172 7 0 2324 194 791 518 78 159 32 0
3 5 49 63 421 966 2589 0 6 33 134 542 1392 1989 0 0 7 138 488 813 2650 0 0 0
1277 45 37 36 76 481 2137 7 1300 40 35 77 790 1853 1 0 1300 46 39 140 2359 212 0 0
3126 324 89 134 141 232 50 0 3374 108 115 203 219 77 0 0 3412 86 107 275 216 0 0 0
3084 50 33 72 104 128 242 383 3107 46 54 115 144 257 373 0 3119 52 112 179 250 384 0 0
2279 266 771 119 121 164 315 61 2373 895 123 158 237 306 4 0 2758 593 136 300 301 8 0 0
2784 700 610 2 0 0 0 0 2981 1061 54 0 0 0 0 0 3050 1046 0 0 0 0 0 0
408 233 701 2382 372 0 0 0 455 731 2747 163 0 0 0 0 382 2654 1060 0 0 0 0 0
3849 113 126 8 0 0 0 0 3874 185 37 0 0 0 0 0 1217 2876 3 0 0 0 0 0
2798 1161 137 0 0 0 0 0 2496 1240 360 0 0 0 0 0 0 3353 743 0 0 0 0 0
213 1129 858 171 201 457 822 245 30 1069 1270 229 551 635 256 56 60 864 1533 550 857 135 43 54
391 192 922 2184 407 0 0 0 408 818 585 2247 38 0 0 0 340 1039 501 2215 1 0 0 0
0 0 0 2392 1704 0 0 0 0 0 10 3986 100 0 0 0 0 0 1670 2426 0 0 0 0
534 660 939 1162 401 353 47 0 705 1281 876 902 332 0 0 0 1067 1351 1150 286 242 0 0 0
3867 20 12 8 11 10 18 150 3866 15 18 8 10 10 15 154 3846 34 16 10 11 8 13 158
870 64 54 211 999 1133 726 39 908 73 396 1072 927 547 148 25 895 99 650 1449 747 129 127 0
0 0 7 21 45 193 3830 0 0 3 19 39 726 3309 0 0 0 11 30 157 3898 0 0 0
515 853 495 199 377 925 732 0 702 1112 209 427 1226 420 0 0 1553 356 255 720 1212 0 0 0
1978 330 586 670 532 0 0 0 2010 573 518 723 272 0 0 0 1892 844 425 793 142 0 0 0
0 0 59 448 641 850 1405 693 0 0 244 793 910 1506 643 0 0 26 488 1133 1248 1201 0 0
660 413 465 136 287 710 1401 24 696 595 342 420 827 1216 0 0 874 554 401 853 1413 1 0 0
2696 651 745 4 0 0 0 0 2760 936 400 0 0 0 0 0 1475 2377 244 0 0 0 0 0
1333 218 387 757 662 739 0 0 1318 438 562 373 727 678 0 0 293 1743 230 323 841 666 0 0
4096 0 0 0 0 0 0 0 4068 28 0 0 0 0 0 0 23 4035 38 0 0 0 0 0
2901 214 79 88 130 272 279 133 2698 498 100 199 239 251 111 0 18 2633 904 321 220 0 0 0
10 224 126 110 128 394 1540 1564 80 1329 608 200 157 270 215 1237 543 980 548 306 239 95 104 1281
149 410 655 2552 330 0 0 0 170 495 783 2608 40 0 0 0 177 617 1205 2097 0 0 0 0
2 570 292 2102 1130 0 0 0 8 711 258 2976 143 0 0 0 198 670 1412 1815 1 0 0 0
739 520 432 2091 314 0 0 0 760 782 364 2127 63 0 0 0 1059 760 2187 90 0 0 0 0
4018 18 7 14 7 15 17 0 4018 18 7 14 9 15 15 0 4015 20 8 12 7 14 19 1
327 41 27 27 30 75 918 2651 332 38 26 26 42 312 603 2717 314 46 30 28 270 150 898 2360
443 903 658 207 267 451 1056 111 1028 556 544 306 434 655 405 168 1318 317 573 461 725 141 435 126
2 1118 897 1386 693 0 0 0 522 1320 1417 836 1 0 0 0 1055 1399 1542 100 0 0 0 0
1702 168 275 946 985 20 0 0 1710 189 634 1097 466 0 0 0 1295 631 794 943 433 0 0 0
282 111 196 512 504 811 1680 0 272 121 290 916 823 1659 15 0 202 210 449 1088 1576 571 0 0
1415 96 178 107 242 638 1364 56 1426 124 247 318 705 1272 4 0 1419 135 402 660 1255 225 0 0
3160 404 532 0 0 0 0 0 3165 557 374 0 0 0 0 0 2299 1584 213 0 0 0 0 0
2231 159 166 376 447 717 0 0 2200 171 153 320 716 536 0 0 1461 867 165 267 870 466 0 0
4059 16 9 10 2 0 0 0 4062 19 11 4 0 0 0 0 617 3462 16 1 0 0 0 0
367 77 68 96 153 350 1840 1145 374 93 126 262 635 2201 405 0 17 431 449 771 2079 345 4 0
0 0 0 0 0 6 1809 2281 0 273 2259 105 77 100 180 1102 416 1912 196 112 113 116 92 1139
633 2521 730 186 26 0 0 0 662 2976 278 173 7 0 0 0 865 2970 160 101 0 0 0 0
0 2259 1837 0 0 0 0 0 0 3351 745 0 0 0 0 0 385 3673 38 0 0 0 0 0
687 1666 922 276 545 0 0 0 767 2235 985 109 0 0 0 0 1569 2508 19 0 0 0 0 0
2216 104 82 312 631 42 148 561 2232 109 820 156 30 41 141 567 2242 950 78 36 31 34 107 618
72 40 13 15 23 51 250 3632 96 17 11 17 21 43 182 3709 97 16 11 17 21 44 224 3666
1405 351 1616 346 193 106 79 0 1467 333 1629 303 184 97 76 7 1551 298 1595 315 173 72 85 7
295 531 380 619 1690 581 0 0 375 609 517 760 1325 510 0 0 532 690 638 815 1283 138 0 0
1159 776 476 600 238 845 2 0 1223 719 483 612 517 542 0 0 1323 687 520 527 709 330 0 0
993 368 252 399 275 354 906 549 991 376 351 506 300 645 338 589 1103 278 392 501 419 467 345 591
637 231 100 60 97 198 1094 1679 664 242 67 98 192 732 414 1687 691 230 77 149 526 361 574 1488
3280 437 88 85 117 89 0 0 3270 459 73 87 143 64 0 0 3228 497 78 106 164 23 0 0
1360 990 542 569 578 57 0 0 1312 1022 536 619 558 49 0 0 1391 969 569 676 466 25 0 0
2753 127 118 127 168 181 217 405 2747 149 161 236 222 202 376 3 1433 1489 419 220 204 300 31 0
791 91 80 87 101 253 904 1789 822 103 107 150 359 1456 1001 98 805 124 151 487 1419 827 283 0
226 47 47 56 94 241 2499 886 308 156 2396 84 96 136 404 516 517 2158 132 94 97 120 299 679
0 2178 1918 0 0 0 0 0 0 3982 114 0 0 0 0 0 0 4081 15 0 0 0 0 0
0 238 3858 0 0 0 0 0 0 3103 993 0 0 0 0 0 0 4046 50 0 0 0 0 0
0 153 1647 791 1505 0 0 0 0 1565 2381 150 0 0 0 0 201 3858 37 0 0 0 0 0
0 0 276 1261 601 50 161 1747 1 504 1565 48 42 41 104 1791 463 1532 80 44 35 41 81 1820
745 638 167 212 47 52 184 2051 981 444 160 182 48 49 141 2091 1242 243 172 107 42 47 116 2127
108 1165 622 837 935 381 48 0 270 1086 583 797 898 403 59 0 566 888 637 863 822 304 16 0
0 3399 665 14 18 0 0 0 0 4020 46 13 17 0 0 0 35 4009 26 12 14 0 0 0
94 1608 392 458 874 583 87 0 99 1653 381 450 1008 441 64 0 147 1663 407 538 980 360 1 0
125 1789 645 320 369 473 194 181 144 2040 386 320 374 454 179 199 182 2059 367 316 393 417 199 163
4 42 33 22 31 87 332 3545 3 43 29 24 30 69 262 3636 4 15 48 27 29 73 274 3626
1338 2323 63 28 28 39 78 199 1375 2287 67 25 29 38 83 192 1924 1743 63 28 26 37 83 192
721 2319 1056 0 0 0 0 0 697 2575 824 0 0 0 0 0 754 2898 444 0 0 0 0 0
674 933 163 324 599 744 450 209 587 1059 244 772 922 386 126 0 574 1112 641 892 730 147 0 0
1454 1317 177 172 140 318 305 213 1090 1692 299 178 392 260 182 3 1019 1778 342 371 390 162 34 0
1204 640 73 56 70 245 1740 68 838 1176 1366 111 117 157 212 119 887 2225 225 122 113 152 237 135
0 1765 2331 0 0 0 0 0 0 3837 259 0 0 0 0 0 0 4021 75 0 0 0 0 0
0 199 3897 0 0 0 0 0 0 2996 1100 0 0 0 0 0 0 4028 68 0 0 0 0 0
0 93 1129 882 1130 244 432 186 0 989 1883 267 156 206 404 191 273 2456 295 148 145 270 393 116
0 99 205 317 76 132 360 2907 17 367 202 52 65 125 308 2960 249 265 78 59 61 145 315 2924
136 3243 318 45 36 39 62 217 501 3079 127 40 37 31 48 233 1795 1868 42 39 36 32 46 238
6 1578 2220 90 80 88 34 0 23 1935 1858 82 74 86 38 0 150 2925 760 69 80 92 20 0
0 1778 2318 0 0 0 0 0 0 3274 822 0 0 0 0 0 5 4074 17 0 0 0 0 0
1 732 2840 138 202 171 12 0 11 1439 2135 128 208 169 6 0 43 2613 956 138 209 136 1 0
17 2229 1735 115 0 0 0 0 11 2673 1346 66 0 0 0 0 45 3394 573 84 0 0 0 0
0 617 182 58 42 60 238 2899 0 654 143 55 39 51 166 2988 0 523 226 94 36 45 115 3057
260 2822 297 31 46 34 128 478 136 2986 267 17 50 34 121 485 222 2061 1063 59 50 25 119 497
19 2324 1666 87 0 0 0 0 0 2364 1668 64 0 0 0 0 0 1830 1616 650 0 0 0 0
98 2211 316 161 244 261 423 382 1 2384 337 372 340 381 281 0 1 418 1892 939 393 414 39 0
320 3429 295 40 12 0 0 0 4 3746 312 34 0 0 0 0 3 1208 2487 398 0 0 0 0
490 1708 175 65 69 188 1006 395 2 2119 884 116 101 131 308 435 36 972 1646 406 117 124 290 505
1 2161 1826 108 0 0 0 0 0 3608 398 90 0 0 0 0 4 3718 256 118 0 0 0 0
0 668 3244 184 0 0 0 0 0 2534 1418 144 0 0 0 0 0 3162 718 216 0 0 0 0
0 439 328 283 433 508 1369 736 0 524 263 202 445 502 1305 855 0 160 570 186 479 795 1268 638
5 297 71 92 204 467 1254 1706 15 284 64 89 183 412 1131 1918 25 106 230 84 190 428 1393 1640
227 3381 401 85 2 0 0 0 79 3710 256 49 2 0 0 0 518 1489 2034 51 4 0 0 0
0 2353 1572 171 0 0 0 0 0 2535 1416 145 0 0 0 0 0 1127 2448 521 0 0 0 0
0 2830 1087 179 0 0 0 0 0 2712 1236 148 0 0 0 0 0 703 2509 884 0 0 0 0
0 2948 926 222 0 0 0 0 0 2520 1383 193 0 0 0 0 0 189 2364 1543 0 0 0 0
45 3927 96 28 0 0 0 0 9 3927 131 29 0 0 0 0 0 0 3847 249 0 0 0 0
193 1410 64 38 62 104 286 1939 37 1560 64 37 52 94 210 2042 0 14 1566 90 69 85 211 2061
530 2758 42 48 41 71 131 475 189 3091 46 52 41 67 107 503 0 73 3165 107 58 59 118 516
11 3926 159 0 0 0 0 0 0 3295 801 0 0 0 0 0 0 0 2311 1785 0 0 0 0
30 4050 16 0 0 0 0 0 1 3943 152 0 0 0 0 0 0 0 2792 1304 0 0 0 0
42 4054 0 0 0 0 0 0 0 4012 84 0 0 0 0 0 0 0 2131 1965 0 0 0 0
2459 1339 103 27 14 20 28 106 2413 1330 152 31 15 16 27 112 2290 381 630 620 16 16 30 113
4 4034 44 14 0 0 0 0 0 3998 90 8 0 0 0 0 0 0 3965 131 0 0 0 0
0 3457 639 0 0 0 0 0 0 3533 563 0 0 0 0 0 0 0 3525 571 0 0 0 0
538 2567 375 51 253 112 198 2 536 2691 251 42 217 146 210 3 490 132 2747 130 158 197 220 22
588 788 125 122 153 361 1953 6 570 784 130 126 146 241 2006 93 556 137 754 153 139 234 2054 69
12 4034 50 0 0 0 0 0 1 3987 108 0 0 0 0 0 0 0 3833 263 0 0 0 0
0 3803 293 0 0 0 0 0 0 3368 728 0 0 0 0 0 0 0 3225 871 0 0 0 0
0 3340 756 0 0 0 0 0 0 2872 1224 0 0 0 0 0 0 0 2478 1618 0 0 0 0
0 3666 430 0 0 0 0 0 0 3055 1041 0 0 0 0 0 0 0 2191 1905 0 0 0 0
4 3842 56 21 25 33 61 54 0 3655 243 18 29 32 50 69 0 1 2985 921 28 33 67 61
0 185 120 119 287 719 1364 1302 0 185 118 106 259 582 1304 1542 0 16 196 174 277 604 1387 1442
68 2369 99 128 269 220 379 564 13 2335 173 117 256 230 334 638 0 121 2115 375 293 249 444 499
0 3793 303 0 0 0 0 0 0 2758 1338 0 0 0 0 0 0 0 1053 3043 0 0 0 0
1 3917 178 0 0 0 0 0 0 2672 1424 0 0 0 0 0 0 0 702 3394 0 0 0 0
2 2984 161 140 262 547 0 0 0 2589 626 376 505 0 0 0 0 0 1047 3049 0 0 0 0
2519 124 57 75 105 528 688 0 2594 83 69 172 764 414 0 0 2599 86 137 494 777 3 0 0
0 3985 111 0 0 0 0 0 0 3909 187 0 0 0 0 0 0 0 3680 416 0 0 0 0
0 2550 1546 0 0 0 0 0 0 3058 1038 0 0 0 0 0 0 1 3324 771 0 0 0 0
634 1811 832 467 300 33 10 9 614 2042 540 45 85 250 476 44 691 494 2513 333 35 14 8 8
1208 1627 249 139 217 276 302 78 1192 1696 201 108 128 225 374 172 1181 170 1632 313 157 241 317 85
0 3861 235 0 0 0 0 0 0 3771 325 0 0 0 0 0 0 0 3570 526 0 0 0 0
0 3345 751 0 0 0 0 0 0 3166 930 0 0 0 0 0 0 0 2866 1230 0 0 0 0
0 3231 865 0 0 0 0 0 0 2808 1288 0 0 0 0 0 0 0 2185 1911 0 0 0 0
0 3549 547 0 0 0 0 0 0 2825 1271 0 0 0 0 0 0 0 1618 2478 0 0 0 0
4 3220 324 45 151 170 157 25 0 2624 912 42 133 169 169 47 0 10 1265 2279 104 248 177 13
83 2459 254 316 589 220 56 119 27 2243 498 260 588 297 50 133 8 186 1228 1536 599 343 75 121
1 3604 312 115 60 4 0 0 0 2693 1223 91 86 3 0 0 0 0 1320 2698 71 7 0 0
0 3109 701 195 91 0 0 0 0 1668 2140 207 81 0 0 0 0 0 567 3468 61 0 0 0
2 3373 492 229 0 0 0 0 0 2201 1637 250 8 0 0 0 0 0 611 3437 48 0 0 0
3 1171 187 262 368 1256 849 0 0 996 452 538 1465 645 0 0 0 3 863 2111 1119 0 0 0
40 9 11 11 32 235 3758 0 44 11 10 39 891 3101 0 0 48 10 21 112 3905 0 0 0
0 3340 756 0 0 0 0 0 0 3439 657 0 0 0 0 0 0 0 2135 1961 0 0 0 0
0 2486 1610 0 0 0 0 0 0 3055 1041 0 0 0 0 0 0 0 2227 1869 0 0 0 0
68 1436 1451 292 201 123 294 231 69 1732 1127 245 106 177 366 274 47 200 1649 1470 112 110 336 172
68 2603 484 315 260 219 143 4 60 2248 826 327 235 192 183 25 13 145 2000 1297 292 215 128 6
0 3225 567 171 133 0 0 0 0 3089 719 226 62 0 0 0 0 9 2016 1955 116 0 0 0
0 2377 1405 140 174 0 0 0 0 2471 1318 149 158 0 0 0 0 0 1170 2806 119 1 0 0
0 2995 800 228 73 0 0 0 0 2557 1242 245 52 0 0 0 0 0 1524 2507 65 0 0 0
0 3087 719 226 64 0 0 0 1 2661 1152 206 76 0 0 0 0 0 1283 2745 68 0 0 0
0 3313 475 228 80 0 0 0 0 2965 828 244 59 0 0 0 0 0 1416 2573 107 0 0 0
0 3125 661 152 158 0 0 0 0 2434 1357 145 160 0 0 0 0 0 710 3230 156 0 0 0
0 2736 1182 73 105 0 0 0 0 1580 2344 97 75 0 0 0 0 0 255 3739 102 0 0 0
0 3172 924 0 0 0 0 0 0 1605 2491 0 0 0 0 0 0 0 88 4008 0 0 0 0
0 3159 349 46 47 63 118 314 0 2204 1293 50 44 52 99 354 0 0 388 3137 55 72 152 292
0 81 42 42 66 558 2485 822 0 69 73 83 655 2351 76 789 0 0 135 1024 2058 73 91 715
16 1874 221 229 403 820 533 0 0 1765 508 495 851 477 0 0 0 1 1739 1695 661 0 0 0
