0 0 1477 2606 13 0 0 0 0 0 3991 105 0 0 0 0 0 2135 1911 50 0 0 0 0
0 0 79 3964 53 0 0 0 0 0 2834 1262 0 0 0 0 0 1153 1974 969 0 0 0 0
0 0 57 4034 5 0 0 0 0 0 1426 2670 0 0 0 0 0 882 2350 864 0 0 0 0
0 0 0 4096 0 0 0 0 0 0 214 3882 0 0 0 0 0 85 3851 160 0 0 0 0
0 0 0 4096 0 0 0 0 0 0 467 3629 0 0 0 0 0 0 4083 13 0 0 0 0
0 0 0 4096 0 0 0 0 0 0 1852 2244 0 0 0 0 0 76 4020 0 0 0 0 0
0 0 0 4096 0 0 0 0 0 0 2795 1301 0 0 0 0 0 131 3965 0 0 0 0 0
0 0 0 4096 0 0 0 0 0 0 3412 684 0 0 0 0 0 153 3943 0 0 0 0 0
0 0 0 4096 0 0 0 0 0 0 3401 695 0 0 0 0 0 298 3798 0 0 0 0 0
0 0 0 4096 0 0 0 0 0 0 2492 1604 0 0 0 0 0 164 3932 0 0 0 0 0
0 0 0 4096 0 0 0 0 0 0 2358 1738 0 0 0 0 0 145 3951 0 0 0 0 0
0 0 0 4096 0 0 0 0 0 0 2563 1533 0 0 0 0 0 262 3834 0 0 0 0 0
0 0 0 4096 0 0 0 0 0 0 1955 2141 0 0 0 0 0 116 3980 0 0 0 0 0
0 0 42 4054 0 0 0 0 0 0 2379 1717 0 0 0 0 0 332 3764 0 0 0 0 0
0 0 0 4096 0 0 0 0 0 0 2369 1727 0 0 0 0 0 188 3908 0 0 0 0 0
0 0 0 4096 0 0 0 0 0 0 2262 1834 0 0 0 0 0 132 3964 0 0 0 0 0
0 0 0 4096 0 0 0 0 0 0 2177 1919 0 0 0 0 0 49 4047 0 0 0 0 0
0 0 0 4096 0 0 0 0 0 0 2041 2055 0 0 0 0 0 7 4089 0 0 0 0 0
0 0 0 4096 0 0 0 0 0 0 736 3360 0 0 0 0 0 0 4092 4 0 0 0 0
0 0 0 4096 0 0 0 0 0 0 2 4094 0 0 0 0 0 0 3921 175 0 0 0 0
0 0 0 4096 0 0 0 0 0 0 0 4096 0 0 0 0 0 0 3452 644 0 0 0 0
0 0 0 4096 0 0 0 0 0 0 8 4088 0 0 0 0 0 0 3915 181 0 0 0 0
0 0 0 4096 0 0 0 0 0 0 64 4032 0 0 0 0 0 12 4040 44 0 0 0 0
0 0 0 4096 0 0 0 0 0 0 280 3816 0 0 0 0 0 0 4029 67 0 0 0 0
0 0 0 4096 0 0 0 0 0 0 114 3982 0 0 0 0 0 0 3963 133 0 0 0 0
0 0 0 4066 30 0 0 0 0 0 37 4059 0 0 0 0 0 0 3764 332 0 0 0 0
0 0 0 4004 92 0 0 0 0 0 5 4091 0 0 0 0 0 0 3393 703 0 0 0 0
0 0 0 3973 123 0 0 0 0 0 0 4096 0 0 0 0 0 0 3088 1008 0 0 0 0
0 0 0 3963 133 0 0 0 0 0 0 4096 0 0 0 0 0 0 2406 1690 0 0 0 0
0 0 0 3931 165 0 0 0 0 0 0 4096 0 0 0 0 0 0 2403 1693 0 0 0 0
0 0 0 4028 68 0 0 0 0 0 298 3798 0 0 0 0 0 142 2997 957 0 0 0 0
0 0 3 4082 11 0 0 0 0 0 1202 2894 0 0 0 0 0 769 2556 771 0 0 0 0
0 0 130 3966 0 0 0 0 0 0 1981 2115 0 0 0 0 0 1504 2195 397 0 0 0 0
0 0 156 3939 1 0 0 0 0 0 2828 1268 0 0 0 0 0 2177 1704 215 0 0 0 0
0 0 1240 2856 0 0 0 0 0 5 3674 417 0 0 0 0 0 3353 713 30 0 0 0 0
0 0 3740 356 0 0 0 0 0 0 4096 0 0 0 0 0 0 2824 1272 0 0 0 0 0
0 46 2378 1672 0 0 0 0 0 81 4015 0 0 0 0 0 36 2833 1227 0 0 0 0 0
0 0 930 3166 0 0 0 0 0 0 4096 0 0 0 0 0 0 2650 1446 0 0 0 0 0
0 0 252 3844 0 0 0 0 0 0 3934 162 0 0 0 0 0 2389 1707 0 0 0 0 0
0 0 120 3976 0 0 0 0 0 0 2772 1324 0 0 0 0 0 1828 2264 4 0 0 0 0
0 0 40 4056 0 0 0 0 0 0 1378 2718 0 0 0 0 0 977 3118 1 0 0 0 0
0 0 0 4093 3 0 0 0 0 0 181 3915 0 0 0 0 0 92 3999 5 0 0 0 0
0 0 0 4096 0 0 0 0 0 0 55 4041 0 0 0 0 0 0 4095 1 0 0 0 0
0 0 0 4096 0 0 0 0 0 0 294 3802 0 0 0 0 0 2 4092 2 0 0 0 0
0 0 0 4096 0 0 0 0 0 0 138 3958 0 0 0 0 0 2 4094 0 0 0 0 0
0 0 0 4096 0 0 0 0 0 0 122 3974 0 0 0 0 0 8 4088 0 0 0 0 0
0 0 0 4095 1 0 0 0 0 0 167 3929 0 0 0 0 0 5 4083 8 0 0 0 0
0 0 0 4096 0 0 0 0 0 0 72 4024 0 0 0 0 0 1 4095 0 0 0 0 0
0 0 22 4074 0 0 0 0 0 0 272 3824 0 0 0 0 0 132 3964 0 0 0 0 0
0 0 0 4094 2 0 0 0 0 0 65 4031 0 0 0 0 0 7 4089 0 0 0 0 0
0 0 0 4093 3 0 0 0 0 0 59 4037 0 0 0 0 0 5 4091 0 0 0 0 0
0 0 0 4096 0 0 0 0 0 0 49 4047 0 0 0 0 0 0 4096 0 0 0 0 0
0 0 0 4096 0 0 0 0 0 0 61 4035 0 0 0 0 0 0 4096 0 0 0 0 0
0 0 0 4096 0 0 0 0 0 0 10 4086 0 0 0 0 0 0 4085 11 0 0 0 0
0 0 0 4095 1 0 0 0 0 0 1 4095 0 0 0 0 0 0 3986 110 0 0 0 0
0 0 0 4086 10 0 0 0 0 0 0 4096 0 0 0 0 0 0 3701 395 0 0 0 0
0 0 0 3967 129 0 0 0 0 0 0 4096 0 0 0 0 0 0 2634 1462 0 0 0 0
0 0 0 3561 535 0 0 0 0 0 0 4096 0 0 0 0 0 0 1960 2136 0 0 0 0
0 0 0 2724 1372 0 0 0 0 0 0 4096 0 0 0 0 0 0 1244 2852 0 0 0 0
0 0 0 2122 1974 0 0 0 0 0 0 4096 0 0 0 0 0 0 970 3126 0 0 0 0
0 0 0 1745 2351 0 0 0 0 0 231 3865 0 0 0 0 0 13 676 3407 0 0 0 0
0 0 0 2348 1748 0 0 0 0 0 1036 3060 0 0 0 0 0 102 1353 2641 0 0 0 0
0 0 0 3251 845 0 0 0 0 0 1844 2252 0 0 0 0 0 377 1788 1931 0 0 0 0
0 0 3 3823 270 0 0 0 0 0 2691 1405 0 0 0 0 0 801 2329 966 0 0 0 0
0 0 40 3678 89 12 177 100 0 3 3211 582 15 12 11 262 0 577 2694 500 25 15 12 273
0 0 39 3858 29 4 113 53 17 62 3833 14 4 7 11 148 0 1169 2540 73 63 65 22 164
0 0 1347 2749 0 0 0 0 0 0 4096 0 0 0 0 0 0 2894 1202 0 0 0 0 0
0 0 2634 1462 0 0 0 0 0 1 4095 0 0 0 0 0 0 3858 238 0 0 0 0 0
0 0 3848 248 0 0 0 0 0 33 4063 0 0 0 0 0 0 4064 32 0 0 0 0 0
0 0 4093 3 0 0 0 0 0 93 4003 0 0 0 0 0 0 4091 5 0 0 0 0 0
0 0 3454 216 212 214 0 0 0 0 3548 169 216 163 0 0 0 1734 1864 140 218 140 0 0
0 0 4039 57 0 0 0 0 0 0 4096 0 0 0 0 0 0 2662 1434 0 0 0 0 0
0 0 3931 165 0 0 0 0 0 0 4096 0 0 0 0 0 0 2766 1318 12 0 0 0 0
0 0 2418 1356 37 10 176 99 1 146 3654 13 4 9 15 254 0 2288 1124 121 101 167 16 279
0 3 1052 2322 19 12 550 138 2 76 3297 13 11 13 19 665 0 2020 1137 155 53 31 16 684
0 1 1738 2346 2 0 2 7 0 39 4045 1 2 0 2 7 0 3320 748 16 1 2 1 8
0 0 909 3185 2 0 0 0 0 5 3901 190 0 0 0 0 0 3110 986 0 0 0 0 0
0 0 183 3913 0 0 0 0 0 0 2858 1238 0 0 0 0 0 2383 1708 5 0 0 0 0
0 0 290 3803 3 0 0 0 0 0 1864 2232 0 0 0 0 0 1597 2493 6 0 0 0 0
0 0 10 4080 6 0 0 0 0 0 1018 3078 0 0 0 0 0 693 3396 7 0 0 0 0
0 0 1 4028 67 0 0 0 0 0 384 3712 0 0 0 0 0 231 3693 172 0 0 0 0
0 0 0 4048 48 0 0 0 0 0 7 4089 0 0 0 0 0 0 4000 96 0 0 0 0
0 0 0 4055 41 0 0 0 0 0 0 4096 0 0 0 0 0 0 3986 110 0 0 0 0
0 0 0 4007 89 0 0 0 0 0 127 3969 0 0 0 0 0 30 4008 58 0 0 0 0
0 0 0 4007 89 0 0 0 0 0 0 4096 0 0 0 0 0 0 3927 169 0 0 0 0
0 0 0 3749 347 0 0 0 0 0 0 4096 0 0 0 0 0 3 3743 350 0 0 0 0
0 0 0 3647 449 0 0 0 0 0 0 4096 0 0 0 0 0 0 3554 542 0 0 0 0
0 0 0 3491 605 0 0 0 0 0 0 4096 0 0 0 0 0 0 2890 1206 0 0 0 0
0 0 0 3529 567 0 0 0 0 0 0 4096 0 0 0 0 0 0 2843 1253 0 0 0 0
0 0 0 3086 1010 0 0 0 0 0 17 4079 0 0 0 0 0 2 1873 2221 0 0 0 0
0 0 0 3053 1043 0 0 0 0 0 436 3660 0 0 0 0 0 48 1466 2582 0 0 0 0
0 0 0 3000 1096 0 0 0 0 0 1139 2957 0 0 0 0 0 110 1341 2645 0 0 0 0
0 0 0 2683 1413 0 0 0 0 0 1899 2197 0 0 0 0 0 67 2031 1998 0 0 0 0
0 0 0 2933 1163 0 0 0 0 0 2693 1403 0 0 0 0 0 31 2864 1201 0 0 0 0
0 0 10 3722 364 0 0 0 0 0 3499 597 0 0 0 0 0 127 3558 411 0 0 0 0
0 0 28 4068 0 0 0 0 0 0 4084 12 0 0 0 0 0 731 3365 0 0 0 0 0
0 0 411 3685 0 0 0 0 0 0 4095 1 0 0 0 0 0 908 3188 0 0 0 0 0
0 0 1281 2815 0 0 0 0 0 1 4095 0 0 0 0 0 0 2036 2060 0 0 0 0 0
8 259 1966 1735 16 11 68 33 16 578 3275 71 41 8 9 98 47 2813 1097 19 11 5 12 92
0 235 1297 309 36 28 2126 65 9 314 1210 140 165 40 20 2198 97 1350 378 40 16 18 44 2153
0 8 932 541 74 22 2388 131 32 127 1136 204 41 28 36 2492 14 630 579 115 78 97 83 2500
0 2 3625 298 16 10 106 39 10 94 3780 45 14 11 12 130 14 3107 674 57 53 36 14 141
0 0 4096 0 0 0 0 0 0 37 4059 0 0 0 0 0 0 3936 160 0 0 0 0 0
0 0 4096 0 0 0 0 0 0 101 3995 0 0 0 0 0 0 4010 86 0 0 0 0 0
0 0 4094 2 0 0 0 0 0 440 3656 0 0 0 0 0 0 4029 67 0 0 0 0 0
0 0 527 1286 2104 179 0 0 0 14 808 2316 941 17 0 0 0 407 734 2446 494 15 0 0
0 0 1985 1681 430 0 0 0 0 22 2380 1672 22 0 0 0 0 1063 1729 1302 2 0 0 0
0 20 2147 1574 22 17 222 94 0 95 3059 597 16 15 21 293 1 953 2352 303 69 76 36 306
0 25 1856 347 20 18 1760 70 0 35 2042 137 25 17 20 1820 18 750 1415 17 14 44 37 1801
0 2 2616 262 12 15 1180 9 0 68 2583 186 40 13 15 1191 55 2070 748 14 12 11 30 1156
72 518 3281 89 10 7 101 18 77 941 2865 65 17 5 7 119 226 3616 119 4 6 10 12 103
0 108 3943 45 0 0 0 0 0 426 3670 0 0 0 0 0 0 4062 34 0 0 0 0 0
0 0 3836 260 0 0 0 0 2 52 4042 0 0 0 0 0 0 4013 83 0 0 0 0 0
0 0 3107 985 0 0 0 4 11 65 4016 0 0 4 0 0 0 3930 155 7 0 0 0 4
0 0 2638 1458 0 0 0 0 0 29 4067 0 0 0 0 0 0 3676 420 0 0 0 0 0
0 0 2113 1983 0 0 0 0 0 3 4093 0 0 0 0 0 0 3622 474 0 0 0 0 0
0 0 1788 2285 23 0 0 0 0 2 3922 172 0 0 0 0 0 3474 610 12 0 0 0 0
0 0 1202 2779 115 0 0 0 0 0 3523 573 0 0 0 0 0 3089 920 87 0 0 0 0
0 0 984 2979 133 0 0 0 0 0 3266 830 0 0 0 0 0 2628 1407 61 0 0 0 0
0 0 1060 2883 153 0 0 0 0 0 3046 1050 0 0 0 0 0 2818 1073 205 0 0 0 0
0 0 1337 2489 270 0 0 0 0 0 3009 1087 0 0 0 0 0 2708 1016 372 0 0 0 0
0 0 972 2812 312 0 0 0 0 0 3052 1044 0 0 0 0 0 2386 1162 548 0 0 0 0
0 0 954 2720 422 0 0 0 0 0 3240 856 0 0 0 0 0 1821 1780 495 0 0 0 0
0 0 887 3104 105 0 0 0 0 0 3562 534 0 0 0 0 0 2175 1642 279 0 0 0 0
0 0 1310 2781 5 0 0 0 0 0 3963 133 0 0 0 0 0 2109 1930 57 0 0 0 0
0 0 1714 2382 0 0 0 0 0 0 4096 0 0 0 0 0 0 2046 2050 0 0 0 0 0
16 131 1445 2504 0 0 0 0 17 158 3921 0 0 0 0 0 61 1417 2618 0 0 0 0 0
0 17 884 1949 31 27 1042 146 0 42 2414 290 130 22 25 1173 0 429 2270 156 22 20 39 1160
0 32 167 1247 23 34 2435 158 31 70 1090 171 101 22 40 2571 0 71 1116 243 32 24 37 2573
0 39 1202 2349 16 14 383 93 16 105 3316 133 35 10 19 462 8 906 2546 124 16 16 17 463
0 0 2778 1318 0 0 0 0 0 0 4096 0 0 0 0 0 0 1429 2667 0 0 0 0 0
0 0 3738 358 0 0 0 0 0 0 4096 0 0 0 0 0 0 2190 1906 0 0 0 0 0
0 0 4010 86 0 0 0 0 0 0 4096 0 0 0 0 0 0 2726 1370 0 0 0 0 0
0 0 3937 159 0 0 0 0 0 0 4096 0 0 0 0 0 0 3209 887 0 0 0 0 0
0 0 3303 793 0 0 0 0 0 0 4096 0 0 0 0 0 0 2581 1515 0 0 0 0 0
0 0 2647 1449 0 0 0 0 0 0 3879 217 0 0 0 0 0 2030 2066 0 0 0 0 0
0 0 1996 2100 0 0 0 0 0 0 3210 886 0 0 0 0 0 1406 2689 1 0 0 0 0
0 0 1458 2638 0 0 0 0 0 0 2589 1507 0 0 0 0 0 1156 2577 363 0 0 0 0
0 0 974 3122 0 0 0 0 0 3 2444 1649 0 0 0 0 0 929 2734 433 0 0 0 0
0 0 777 3319 0 0 0 0 0 0 3086 1010 0 0 0 0 0 604 3274 218 0 0 0 0
8 99 33 1720 2236 0 0 0 8 100 35 3536 417 0 0 0 59 63 81 3798 95 0 0 0
0 0 0 82 4014 0 0 0 0 0 0 1152 2944 0 0 0 0 0 0 2276 1820 0 0 0
0 0 0 1395 2701 0 0 0 0 0 17 2146 1933 0 0 0 0 0 316 2603 1177 0 0 0
0 0 572 3461 63 0 0 0 0 40 1491 2565 0 0 0 0 0 369 2593 1134 0 0 0 0
0 0 2330 1766 0 0 0 0 0 64 3889 143 0 0 0 0 0 1712 2384 0 0 0 0 0
0 0 3298 798 0 0 0 0 0 434 3655 7 0 0 0 0 0 2877 1219 0 0 0 0 0
0 0 3784 312 0 0 0 0 0 292 3794 10 0 0 0 0 0 3531 565 0 0 0 0 0
0 6 3983 55 9 4 17 22 0 117 3910 21 6 3 6 33 0 3067 969 10 7 4 4 35
0 21 2428 257 15 22 1205 148 9 244 2340 104 23 15 27 1334 1 2025 447 201 38 20 22 1342
0 15 1964 392 27 24 1537 137 11 140 1929 159 150 21 26 1660 0 1633 605 129 27 21 35 1646
0 29 3761 80 13 10 145 58 1 532 3227 88 28 10 11 199 18 3645 198 10 11 9 11 194
0 0 4090 6 0 0 0 0 0 365 3731 0 0 0 0 0 0 4069 27 0 0 0 0 0
0 6 4083 7 0 0 0 0 0 23 4073 0 0 0 0 0 3 3903 190 0 0 0 0 0
0 0 4081 15 0 0 0 0 0 18 4078 0 0 0 0 0 0 3994 102 0 0 0 0 0
0 0 4077 19 0 0 0 0 0 459 3637 0 0 0 0 0 0 4041 55 0 0 0 0 0
0 0 4093 3 0 0 0 0 0 1121 2975 0 0 0 0 0 0 4082 14 0 0 0 0 0
7 50 3330 177 11 17 387 117 19 557 2889 98 11 11 16 495 12 3096 395 60 7 15 15 496
19 86 1487 377 19 23 1894 191 38 85 1695 140 25 18 19 2076 21 1102 710 128 17 20 28 2070
13 89 3002 150 14 17 693 118 32 132 2965 117 17 14 21 798 21 2623 550 54 17 12 23 796
0 0 4096 0 0 0 0 0 0 222 3874 0 0 0 0 0 0 4010 86 0 0 0 0 0
0 48 4048 0 0 0 0 0 0 324 3772 0 0 0 0 0 0 4054 42 0 0 0 0 0
16 314 3766 0 0 0 0 0 30 429 3637 0 0 0 0 0 75 3848 173 0 0 0 0 0
0 0 4058 38 0 0 0 0 0 8 4088 0 0 0 0 0 0 3106 990 0 0 0 0 0
0 0 3226 870 0 0 0 0 0 0 4015 81 0 0 0 0 0 1915 2181 0 0 0 0 0
0 0 2216 1880 0 0 0 0 0 0 3914 182 0 0 0 0 0 813 3283 0 0 0 0 0
0 0 1742 2354 0 0 0 0 0 0 3016 1080 0 0 0 0 0 844 3233 19 0 0 0 0
0 0 1214 2882 0 0 0 0 0 0 2355 1741 0 0 0 0 0 824 2926 346 0 0 0 0
0 0 665 3431 0 0 0 0 0 0 2153 1943 0 0 0 0 0 588 3158 350 0 0 0 0
0 0 70 4026 0 0 0 0 0 0 1815 2281 0 0 0 0 0 185 3362 549 0 0 0 0
0 0 0 4096 0 0 0 0 0 0 991 3105 0 0 0 0 0 0 2981 1115 0 0 0 0
0 0 0 4083 13 0 0 0 0 0 99 3997 0 0 0 0 0 0 1964 2132 0 0 0 0
0 0 0 3773 323 0 0 0 0 0 0 4096 0 0 0 0 0 0 1143 2953 0 0 0 0
0 0 1 1717 2378 0 0 0 0 0 3 4074 19 0 0 0 0 0 75 3999 22 0 0 0
11 268 74 2376 1367 0 0 0 4 276 84 3712 20 0 0 0 211 109 95 3681 0 0 0 0
194 691 99 3111 1 0 0 0 338 556 124 3078 0 0 0 0 808 126 467 2695 0 0 0 0
2577 351 60 905 203 0 0 0 2539 383 60 1029 85 0 0 0 2876 94 106 1016 4 0 0 0
2887 424 49 49 684 3 0 0 2915 399 47 52 683 0 0 0 3219 108 47 61 661 0 0 0
1921 346 46 50 1729 4 0 0 1914 351 49 49 1732 1 0 0 2213 70 48 177 1587 1 0 0
1027 219 60 1888 902 0 0 0 1029 219 62 2341 445 0 0 0 1170 94 446 2318 68 0 0 0
135 126 57 3778 0 0 0 0 132 133 733 3098 0 0 0 0 215 67 2612 1202 0 0 0 0
0 0 0 4078 18 0 0 0 0 0 275 3821 0 0 0 0 0 0 1102 2994 0 0 0 0
0 0 10 2423 1663 0 0 0 0 0 152 3579 365 0 0 0 0 0 533 3422 141 0 0 0
0 0 690 1884 1522 0 0 0 0 1 1090 2014 991 0 0 0 0 402 1202 2093 399 0 0 0
0 0 2039 2009 37 3 7 1 0 16 2582 1451 34 4 0 9 0 988 2341 757 1 3 6 0
0 0 3731 365 0 0 0 0 0 83 3930 83 0 0 0 0 0 2765 1326 5 0 0 0 0
0 0 4096 0 0 0 0 0 0 236 3860 0 0 0 0 0 0 3853 243 0 0 0 0 0
3 37 3514 172 13 16 256 85 2 213 3408 98 16 12 13 334 1 2411 1260 48 15 11 13 337
0 52 1357 952 17 24 1530 164 1 88 1769 475 39 17 28 1679 0 405 1841 104 23 22 23 1678
0 47 2785 454 18 17 662 113 0 47 2937 269 36 17 19 771 0 1641 1592 50 13 16 23 761
29 440 3627 0 0 0 0 0 27 1342 2727 0 0 0 0 0 61 3773 262 0 0 0 0 0
19 244 3518 161 137 13 4 0 29 2733 1311 11 8 4 0 0 34 3863 172 18 5 4 0 0
0 121 3972 3 0 0 0 0 4 2671 1421 0 0 0 0 0 47 3921 128 0 0 0 0 0
0 0 4090 6 0 0 0 0 0 589 3489 18 0 0 0 0 0 3887 209 0 0 0 0 0
0 0 3471 625 0 0 0 0 0 61 4029 6 0 0 0 0 0 3119 977 0 0 0 0 0
0 0 2416 1680 0 0 0 0 0 51 3840 205 0 0 0 0 0 2167 1929 0 0 0 0 0
0 0 1724 2372 0 0 0 0 0 11 2973 1112 0 0 0 0 0 1478 2559 59 0 0 0 0
0 0 1114 2977 5 0 0 0 0 7 2384 1705 0 0 0 0 0 979 2637 480 0 0 0 0
0 0 394 3702 0 0 0 0 0 0 2299 1797 0 0 0 0 0 361 3364 371 0 0 0 0
0 0 16 4080 0 0 0 0 0 0 1373 2723 0 0 0 0 0 10 3754 332 0 0 0 0
0 0 0 4081 15 0 0 0 0 0 99 3997 0 0 0 0 0 0 2091 2005 0 0 0 0
0 0 0 3694 402 0 0 0 0 0 0 4096 0 0 0 0 0 0 894 3202 0 0 0 0
0 0 0 2681 1415 0 0 0 0 0 0 4096 0 0 0 0 0 0 64 4032 0 0 0 0
0 411 144 3126 415 0 0 0 0 479 97 3519 1 0 0 0 2 521 134 3439 0 0 0 0
183 1168 92 2653 0 0 0 0 188 1170 102 2636 0 0 0 0 833 562 347 2354 0 0 0 0
734 1233 96 2033 0 0 0 0 739 1233 107 2017 0 0 0 0 1580 436 205 1875 0 0 0 0
1231 1334 95 1404 32 0 0 0 1285 1290 94 1427 0 0 0 0 2184 434 120 1358 0 0 0 0
1636 1531 84 435 410 0 0 0 1715 1454 86 841 0 0 0 0 2730 482 92 792 0 0 0 0
2483 1281 81 133 118 0 0 0 2534 1235 81 246 0 0 0 0 3506 303 81 201 5 0 0 0
3133 962 1 0 0 0 0 0 3183 913 0 0 0 0 0 0 4069 27 0 0 0 0 0 0
3126 477 350 143 0 0 0 0 3280 596 220 0 0 0 0 0 3515 529 52 0 0 0 0 0
2313 233 254 814 482 0 0 0 2317 241 269 1021 248 0 0 0 2421 246 413 954 62 0 0 0
3216 208 191 345 136 0 0 0 3232 202 199 356 107 0 0 0 3281 205 230 372 8 0 0 0
3663 103 90 160 80 0 0 0 3675 99 93 179 50 0 0 0 3695 98 105 185 13 0 0 0
4096 0 0 0 0 0 0 0 4096 0 0 0 0 0 0 0 4096 0 0 0 0 0 0 0
3962 92 18 24 0 0 0 0 3986 70 19 21 0 0 0 0 4027 33 23 13 0 0 0 0
2962 316 70 703 45 0 0 0 3058 230 68 740 0 0 0 0 3212 87 82 715 0 0 0 0
2018 226 53 249 1550 0 0 0 2010 238 53 575 1220 0 0 0 2184 81 54 947 830 0 0 0
946 261 43 51 2680 115 0 0 933 271 45 52 2771 24 0 0 1122 98 46 214 2616 0 0 0
70 169 40 1650 2167 0 0 0 89 150 37 2392 1428 0 0 0 198 56 139 2910 793 0 0 0
0 0 47 4049 0 0 0 0 0 0 522 3574 0 0 0 0 0 0 1820 2276 0 0 0 0
0 0 856 3240 0 0 0 0 0 41 1705 2350 0 0 0 0 0 482 2805 809 0 0 0 0
0 0 847 2540 584 125 0 0 0 3 2187 1244 551 111 0 0 0 349 2825 360 554 8 0 0
0 0 0 279 1174 2643 0 0 0 0 8 424 1085 2577 2 0 0 0 97 490 1599 1910 0 0
0 0 113 762 1931 1290 0 0 0 0 275 869 1719 1233 0 0 0 56 437 1196 1678 729 0 0
0 0 3334 673 89 0 0 0 0 390 3363 256 87 0 0 0 0 2312 1576 204 4 0 0 0
0 0 1730 2008 113 46 198 1 0 409 2614 804 29 81 159 0 4 1374 2391 76 28 137 86 0
0 64 1353 2679 0 0 0 0 9 215 2038 1834 0 0 0 0 40 854 2463 739 0 0 0 0
0 0 713 3383 0 0 0 0 0 0 2083 2013 0 0 0 0 0 330 3331 435 0 0 0 0
0 0 29 4067 0 0 0 0 0 0 1355 2741 0 0 0 0 0 0 3680 416 0 0 0 0
20 69 34 3971 2 0 0 0 10 78 204 3804 0 0 0 0 56 45 2396 1599 0 0 0 0
367 264 66 3396 3 0 0 0 376 257 71 3392 0 0 0 0 576 79 832 2609 0 0 0 0
989 249 62 2449 347 0 0 0 955 283 68 2790 0 0 0 0 1184 82 126 2704 0 0 0 0
1362 485 80 2169 0 0 0 0 1476 374 82 2164 0 0 0 0 1761 119 888 1328 0 0 0 0
1864 595 76 1561 0 0 0 0 1884 578 84 1550 0 0 0 0 2371 124 1022 579 0 0 0 0
903 482 57 1380 1274 0 0 0 912 476 59 2480 169 0 0 0 1259 160 150 2507 20 0 0 0
0 0 0 229 3867 0 0 0 0 0 0 3373 723 0 0 0 0 0 0 4091 5 0 0 0
0 2 11 592 3491 0 0 0 0 2 12 3949 133 0 0 0 1 5 24 4066 0 0 0 0
0 744 1688 1024 640 0 0 0 0 1582 878 1636 0 0 0 0 0 2038 439 1619 0 0 0 0
3929 151 16 0 0 0 0 0 3930 158 8 0 0 0 0 0 3943 143 10 0 0 0 0 0
4083 9 4 0 0 0 0 0 4085 8 3 0 0 0 0 0 4091 5 0 0 0 0 0 0
457 1636 742 292 643 326 0 0 492 2182 467 648 305 2 0 0 673 2141 366 740 175 1 0 0
2445 1518 51 24 38 20 0 0 2632 1383 40 39 2 0 0 0 3117 899 41 34 5 0 0 0
3353 386 164 193 0 0 0 0 3351 402 168 175 0 0 0 0 3507 308 221 60 0 0 0 0
3057 318 323 389 9 0 0 0 3091 369 274 358 4 0 0 0 3157 405 302 226 6 0 0 0
976 369 903 955 745 14 89 45 1077 798 748 651 674 13 11 124 1016 1042 602 518 644 89 47 138
2156 441 305 980 214 0 0 0 2210 403 330 1049 104 0 0 0 2360 343 578 810 5 0 0 0
2164 623 557 658 84 9 1 0 2285 539 571 628 64 8 1 0 2426 521 630 499 9 6 5 0
2119 837 466 483 46 100 45 0 2278 719 479 435 42 104 39 0 2524 593 569 222 43 60 85 0
1850 685 582 779 89 103 8 0 1915 673 629 676 87 99 17 0 2164 562 809 375 82 89 15 0
2892 458 464 282 0 0 0 0 2952 438 502 204 0 0 0 0 3084 422 555 35 0 0 0 0
3022 348 408 318 0 0 0 0 3064 345 467 220 0 0 0 0 3169 355 531 41 0 0 0 0
3311 177 229 310 68 1 0 0 3333 174 289 256 44 0 0 0 3369 191 366 68 100 2 0 0
1952 334 361 431 1017 1 0 0 1987 575 119 669 746 0 0 0 2076 505 180 513 822 0 0 0
3952 97 18 29 0 0 0 0 3935 113 17 31 0 0 0 0 4023 33 17 23 0 0 0 0
3122 160 69 742 3 0 0 0 3069 212 70 745 0 0 0 0 3201 97 72 726 0 0 0 0
1893 191 222 1712 78 0 0 0 1897 190 221 1787 1 0 0 0 1990 117 293 1696 0 0 0 0
513 202 360 2546 89 386 0 0 540 375 468 2254 90 369 0 0 610 336 1726 984 391 49 0 0
0 6 9 15 20 4046 0 0 0 8 10 17 33 4024 4 0 1 9 9 18 667 3392 0 0
0 0 0 0 1597 2499 0 0 0 0 0 0 1674 2422 0 0 0 0 0 11 2828 1257 0 0
201 38 2287 1343 227 0 0 0 201 46 3020 610 219 0 0 0 211 240 3193 273 179 0 0 0
1330 150 90 2101 331 48 26 20 1400 179 351 2098 14 13 38 3 1439 107 1887 592 18 18 31 4
2130 133 68 1765 0 0 0 0 2124 139 74 1759 0 0 0 0 2206 79 595 1216 0 0 0 0
2747 141 72 1136 0 0 0 0 2743 146 75 1132 0 0 0 0 2823 91 484 698 0 0 0 0
3350 159 70 517 0 0 0 0 3331 179 75 511 0 0 0 0 3441 94 353 208 0 0 0 0
3758 275 26 37 0 0 0 0 3843 188 26 39 0 0 0 0 3998 44 32 22 0 0 0 0
3981 49 19 13 27 7 0 0 3996 34 19 13 28 6 0 0 3996 34 18 12 27 9 0 0
3199 289 424 137 45 2 0 0 3239 519 267 48 23 0 0 0 3303 566 167 37 23 0 0 0
4094 2 0 0 0 0 0 0 4096 0 0 0 0 0 0 0 4096 0 0 0 0 0 0 0
3974 40 26 31 25 0 0 0 3981 38 27 50 0 0 0 0 3991 35 24 46 0 0 0 0
1664 90 90 444 1801 7 0 0 1666 89 91 1468 778 4 0 0 1689 85 218 1967 137 0 0 0
0 0 13 353 3730 0 0 0 0 0 61 1310 2725 0 0 0 0 0 214 3705 177 0 0 0
0 25 135 728 3208 0 0 0 0 61 191 2648 1196 0 0 0 16 78 352 3631 19 0 0 0
0 0 2051 1084 961 0 0 0 0 103 2036 1846 111 0 0 0 0 677 1613 1806 0 0 0 0
2400 567 523 486 120 0 0 0 2461 560 522 488 65 0 0 0 2583 549 571 374 19 0 0 0
2137 734 473 452 247 53 0 0 2281 674 518 437 186 0 0 0 2522 573 528 326 147 0 0 0
0 9 152 498 3350 87 0 0 15 172 675 3207 27 0 0 0 27 272 973 2808 16 0 0 0
658 899 228 430 1861 20 0 0 807 965 906 1418 0 0 0 0 1155 686 1111 1143 1 0 0 0
2331 1026 625 114 0 0 0 0 2397 1037 650 12 0 0 0 0 2713 872 511 0 0 0 0 0
1907 916 959 314 0 0 0 0 1927 979 977 213 0 0 0 0 2174 931 864 127 0 0 0 0
1661 590 651 940 254 0 0 0 1698 597 845 781 175 0 0 0 1807 573 802 660 249 5 0 0
2180 511 347 966 92 0 0 0 2223 459 376 971 67 0 0 0 2396 410 602 653 35 0 0 0
2408 510 537 571 70 0 0 0 2435 507 545 549 60 0 0 0 2592 461 576 467 0 0 0 0
2612 641 436 407 0 0 0 0 2713 596 422 365 0 0 0 0 2886 497 490 223 0 0 0 0
2256 655 658 520 7 0 0 0 2299 646 708 434 9 0 0 0 2541 559 831 163 2 0 0 0
2756 628 577 135 0 0 0 0 2829 593 624 50 0 0 0 0 2995 545 556 0 0 0 0 0
2162 819 810 305 0 0 0 0 2355 704 852 185 0 0 0 0 2556 669 779 92 0 0 0 0
1933 632 567 529 435 0 0 0 2078 553 579 708 178 0 0 0 2179 517 505 513 382 0 0 0
698 451 876 1943 128 0 0 0 746 573 1418 1336 23 0 0 0 918 672 1505 919 82 0 0 0
2575 605 654 262 0 0 0 0 2648 587 674 187 0 0 0 0 2783 577 736 0 0 0 0 0
2775 415 549 357 0 0 0 0 2800 420 608 268 0 0 0 0 2886 447 710 53 0 0 0 0
2627 361 580 528 0 0 0 0 2657 361 725 353 0 0 0 0 2731 360 896 109 0 0 0 0
0 56 645 2852 467 76 0 0 4 216 1223 2454 178 21 0 0 34 252 2031 1528 245 6 0 0
0 11 64 558 2569 894 0 0 6 11 118 547 2638 776 0 0 8 15 365 429 3253 26 0 0
0 0 46 690 3242 118 0 0 0 0 88 706 3201 101 0 0 0 0 400 775 2921 0 0 0
612 125 2774 493 92 0 0 0 624 127 2905 355 85 0 0 0 646 998 2301 96 55 0 0 0
2908 303 263 292 124 38 98 70 2972 336 351 195 45 33 142 22 3029 301 500 29 45 32 141 19
3200 292 235 366 3 0 0 0 3235 287 270 300 4 0 0 0 3298 283 426 89 0 0 0 0
3098 376 248 374 0 0 0 0 3079 395 275 347 0 0 0 0 3212 330 407 147 0 0 0 0
2892 452 283 459 10 0 0 0 2964 395 301 429 7 0 0 0 3130 321 403 242 0 0 0 0
2518 711 321 425 71 50 0 0 2719 558 336 378 21 82 2 0 2897 470 443 179 20 61 26 0
1264 773 710 589 168 571 21 0 1294 676 694 634 137 504 157 0 1470 621 725 459 96 338 380 7
1110 420 540 1687 319 20 0 0 1154 457 689 1539 225 31 1 0 1243 453 859 1254 248 34 5 0
1791 780 578 759 95 86 7 0 1967 663 608 674 74 79 31 0 2144 648 680 443 62 55 64 0
1670 711 503 745 255 202 10 0 1744 623 553 685 222 209 60 0 1896 550 566 577 198 173 131 5
952 368 357 1011 1408 0 0 0 1000 329 384 1895 488 0 0 0 1120 293 444 2232 7 0 0 0
0 0 0 776 3320 0 0 0 0 0 0 2527 1569 0 0 0 0 0 32 4022 42 0 0 0
0 0 152 824 3120 0 0 0 0 0 174 2823 1099 0 0 0 0 67 197 3781 51 0 0 0
0 0 1806 1245 1045 0 0 0 0 0 1918 1936 242 0 0 0 0 25 2069 1971 31 0 0 0
2141 671 712 510 62 0 0 0 2181 692 737 433 53 0 0 0 2321 664 784 307 20 0 0 0
2279 782 564 423 39 4 4 1 2333 797 615 311 31 5 3 1 2553 681 688 133 32 5 3 1
387 340 185 297 1303 92 1061 431 429 323 698 1029 39 315 961 302 611 222 1383 275 31 160 611 803
0 12 5 17 556 451 1818 1237 11 6 6 567 44 739 1858 865 2 10 7 557 50 453 1003 2014
1193 550 376 208 83 244 1162 280 1420 415 451 74 177 272 1192 95 1236 543 418 109 106 194 324 1166
1471 876 1094 655 0 0 0 0 1507 1166 1131 292 0 0 0 0 1786 1235 961 114 0 0 0 0
1247 1223 1191 435 0 0 0 0 1367 1593 1076 60 0 0 0 0 1714 1724 653 5 0 0 0 0
1117 2935 35 9 0 0 0 0 1710 2367 13 6 0 0 0 0 2087 1995 14 0 0 0 0 0
1329 2481 169 115 2 0 0 0 2007 1825 161 103 0 0 0 0 2572 1301 153 70 0 0 0 0
1979 1840 150 127 0 0 0 0 2721 1121 154 100 0 0 0 0 3202 672 176 46 0 0 0 0
1983 1405 422 283 3 0 0 0 2588 827 459 216 6 0 0 0 3042 467 499 88 0 0 0 0
2435 1117 423 121 0 0 0 0 2919 670 466 41 0 0 0 0 3244 414 438 0 0 0 0 0
2274 779 761 282 0 0 0 0 2477 648 801 170 0 0 0 0 2671 590 746 89 0 0 0 0
2281 589 871 354 1 0 0 0 2341 629 1093 33 0 0 0 0 2475 750 855 15 1 0 0 0
1951 733 1084 328 0 0 0 0 2013 918 994 171 0 0 0 0 2183 934 894 85 0 0 0 0
2818 591 580 107 0 0 0 0 2901 564 617 14 0 0 0 0 3029 529 537 1 0 0 0 0
2641 532 637 286 0 0 0 0 2690 525 706 175 0 0 0 0 2799 522 711 64 0 0 0 0
2468 436 619 573 0 0 0 0 2504 430 820 342 0 0 0 0 2571 432 924 169 0 0 0 0
542 177 571 2768 38 0 0 0 553 249 1430 1852 12 0 0 0 583 296 2098 1108 11 0 0 0
2 264 283 856 2691 0 0 0 4 398 217 1605 1872 0 0 0 87 382 249 2481 897 0 0 0
2 38 25 1383 2648 0 0 0 0 41 38 2701 1316 0 0 0 22 24 129 3608 313 0 0 0
579 174 2685 641 17 0 0 0 594 167 2895 434 6 0 0 0 625 507 2887 77 0 0 0 0
2671 439 368 304 144 21 102 47 2779 509 457 172 14 27 133 5 2798 466 581 81 10 32 124 4
2710 487 499 370 30 0 0 0 2762 495 534 278 27 0 0 0 2855 514 578 134 15 0 0 0
2868 512 402 314 0 0 0 0 2968 468 409 251 0 0 0 0 3069 431 525 71 0 0 0 0
1934 1122 530 481 29 0 0 0 1967 1136 557 411 25 0 0 0 2287 911 618 266 14 0 0 0
2167 1100 456 373 0 0 0 0 2322 1012 474 288 0 0 0 0 2580 852 555 109 0 0 0 0
2016 845 629 577 29 0 0 0 2041 854 661 513 27 0 0 0 2339 693 787 265 12 0 0 0
1623 770 877 818 8 0 0 0 1602 1046 837 607 4 0 0 0 1811 1001 868 412 4 0 0 0
2002 897 614 562 21 0 0 0 2126 803 650 490 22 5 0 0 2467 602 761 253 8 5 0 0
2282 819 464 494 37 0 0 0 2458 670 464 467 37 0 0 0 2688 561 534 289 24 0 0 0
906 393 365 1280 1152 0 0 0 991 329 392 2252 132 0 0 0 1118 269 424 2285 0 0 0 0
0 0 0 1046 3050 0 0 0 0 0 0 3557 539 0 0 0 0 0 64 4016 16 0 0 0
0 0 161 1110 2760 39 26 0 0 1 175 3369 513 22 16 0 0 47 260 3632 117 30 10 0
0 0 1667 1226 1012 44 144 3 0 0 1831 1856 253 147 9 0 0 7 1962 1918 56 149 4 0
1286 917 731 485 94 369 214 0 1463 845 770 393 397 228 0 0 1735 663 797 363 365 173 0 0
480 531 219 197 469 475 1381 344 508 536 252 663 238 594 1021 284 767 336 439 500 173 297 1013 571
0 0 0 0 0 1686 2353 57 0 0 0 0 9 3243 812 32 0 0 0 0 14 2252 1682 148
0 0 0 0 49 2557 1477 13 0 0 0 1 549 3111 432 3 0 0 0 162 617 2375 905 37
1 13 4 29 235 2060 1658 96 15 4 9 106 419 2722 779 42 0 2 16 71 300 2099 1423 185
525 1577 818 210 93 364 499 10 883 1827 358 115 142 563 206 2 896 1741 388 108 88 263 581 31
949 2674 409 64 0 0 0 0 1225 2623 247 1 0 0 0 0 1524 2374 198 0 0 0 0 0
0 3499 225 372 0 0 0 0 1 3658 381 56 0 0 0 0 591 3302 203 0 0 0 0 0
0 4001 87 8 0 0 0 0 0 4076 20 0 0 0 0 0 644 3451 1 0 0 0 0 0
0 4096 0 0 0 0 0 0 0 4096 0 0 0 0 0 0 940 3156 0 0 0 0 0 0
0 4096 0 0 0 0 0 0 63 4033 0 0 0 0 0 0 1766 2330 0 0 0 0 0 0
118 3978 0 0 0 0 0 0 355 3741 0 0 0 0 0 0 1875 2221 0 0 0 0 0 0
777 3319 0 0 0 0 0 0 1457 2639 0 0 0 0 0 0 3128 968 0 0 0 0 0 0
1088 2795 198 15 0 0 0 0 1705 2232 159 0 0 0 0 0 3138 879 79 0 0 0 0 0
947 2725 332 92 0 0 0 0 1420 2367 271 38 0 0 0 0 2962 874 241 19 0 0 0 0
1749 2145 183 19 0 0 0 0 2241 1669 186 0 0 0 0 0 2916 1014 166 0 0 0 0 0
1760 1870 318 148 0 0 0 0 2168 1487 339 102 0 0 0 0 2491 1208 352 45 0 0 0 0
1849 1498 326 423 0 0 0 0 2170 1197 482 247 0 0 0 0 2428 970 582 116 0 0 0 0
1259 1346 409 1024 58 0 0 0 1565 1057 865 573 36 0 0 0 1867 844 1067 286 32 0 0 0
92 856 80 1573 1495 0 0 0 319 640 84 2994 59 0 0 0 580 397 110 2977 32 0 0 0
36 761 82 2493 724 0 0 0 239 570 88 3189 10 0 0 0 458 359 170 3106 3 0 0 0
586 831 2210 469 0 0 0 0 854 605 2288 349 0 0 0 0 1061 523 2395 117 0 0 0 0
2256 934 379 249 175 31 35 37 2695 768 402 122 29 9 66 5 2910 514 530 33 36 2 64 7
2318 1088 375 284 31 0 0 0 2583 847 392 249 25 0 0 0 2920 578 456 129 13 0 0 0
2375 1199 292 230 0 0 0 0 2677 906 303 210 0 0 0 0 3013 629 371 83 0 0 0 0
2075 1265 341 395 20 0 0 0 2467 906 361 348 14 0 0 0 2795 672 390 233 6 0 0 0
2164 1425 267 240 0 0 0 0 2656 974 275 191 0 0 0 0 2998 684 292 122 0 0 0 0
1956 1563 329 224 24 0 0 0 2416 1131 337 195 17 0 0 0 2937 676 377 97 9 0 0 0
792 2587 510 207 0 0 0 0 1221 2411 354 110 0 0 0 0 2189 1565 337 5 0 0 0 0
1186 2394 319 184 9 2 2 0 1841 1820 259 169 5 2 0 0 2415 1296 298 82 3 2 0 0
1176 2024 508 150 63 50 70 55 1552 2011 181 140 61 52 99 0 2132 1479 209 82 58 56 80 0
550 1548 1115 476 216 60 91 40 827 2217 231 598 66 65 92 0 1286 1825 267 519 61 80 58 0
191 1167 1496 353 615 169 89 16 476 2278 227 802 177 76 60 0 870 1966 256 774 120 73 37 0
30 475 468 544 947 795 830 7 93 799 778 757 593 978 98 0 391 964 805 513 499 852 72 0
0 24 38 102 2233 1420 279 0 2 55 515 2102 1078 344 0 0 32 173 1625 1418 554 294 0 0
0 9 293 86 2278 1303 127 0 0 304 885 1850 878 179 0 0 9 353 1765 1203 612 154 0 0
0 136 1846 142 1675 124 163 10 0 1961 938 955 37 102 99 4 27 2016 1628 198 31 93 102 1
0 2 418 50 520 2626 479 1 0 372 68 163 2196 1213 84 0 38 387 126 702 1771 954 118 0
0 0 0 0 116 3527 453 0 0 0 0 24 845 3220 7 0 0 0 13 274 826 2918 65 0
0 0 0 5 60 3496 535 0 0 0 0 51 50 3995 0 0 0 0 0 28 61 3878 129 0
0 1380 623 84 510 776 723 0 89 1919 78 270 491 1170 79 0 0 1902 136 215 509 729 603 2
0 4015 81 0 0 0 0 0 0 4096 0 0 0 0 0 0 21 4075 0 0 0 0 0 0
0 0 0 569 1742 1785 0 0 0 0 112 1915 2069 0 0 0 0 0 526 1652 1886 32 0 0
0 59 162 926 1808 1141 0 0 0 171 429 1844 1652 0 0 0 16 323 791 1671 1295 0 0 0
0 629 223 884 1815 545 0 0 0 788 412 1697 1199 0 0 0 170 793 785 1642 706 0 0 0
0 1130 181 412 1026 1347 0 0 18 1233 273 704 1868 0 0 0 514 832 410 783 1556 1 0 0
0 1681 184 224 811 1196 0 0 35 1762 170 389 1740 0 0 0 1126 789 197 551 1433 0 0 0
0 2317 148 235 933 463 0 0 29 2394 161 347 1162 3 0 0 1737 767 216 515 861 0 0 0
0 2943 157 285 661 50 0 0 59 2987 190 418 442 0 0 0 2129 1012 277 473 205 0 0 0
0 3501 213 349 33 0 0 0 8 3666 287 135 0 0 0 0 1430 2380 259 27 0 0 0 0
0 3894 173 29 0 0 0 0 3 4037 56 0 0 0 0 0 1097 2984 15 0 0 0 0 0
0 4093 3 0 0 0 0 0 0 4096 0 0 0 0 0 0 201 3895 0 0 0 0 0 0
0 4096 0 0 0 0 0 0 0 4096 0 0 0 0 0 0 42 4054 0 0 0 0 0 0
0 4088 8 0 0 0 0 0 0 4096 0 0 0 0 0 0 8 4088 0 0 0 0 0 0
0 4068 28 0 0 0 0 0 0 4096 0 0 0 0 0 0 4 4092 0 0 0 0 0 0
0 3646 450 0 0 0 0 0 0 4096 0 0 0 0 0 0 25 4071 0 0 0 0 0 0
0 2892 1095 23 23 20 17 26 38 3963 26 18 13 7 10 21 75 3917 33 20 11 9 8 23
5 2199 1000 67 124 85 445 171 108 3139 90 71 45 102 445 96 255 2962 110 88 46 103 413 119
0 1862 1357 22 13 54 656 132 1 3206 27 15 15 345 375 112 10 3192 31 16 14 307 407 119
1 1431 1484 70 77 388 482 163 12 2863 77 67 112 526 324 115 18 2856 83 74 140 494 312 119
1 2264 948 74 130 222 332 125 28 3160 58 87 129 383 177 74 119 3081 66 100 133 375 175 47
0 3498 302 53 50 53 56 84 7 3763 58 57 48 50 78 35 109 3678 56 49 51 53 86 14
0 3643 153 54 56 52 49 89 8 3764 53 56 51 50 86 28 320 3464 57 54 56 48 94 3
0 3683 113 61 54 50 60 75 12 3750 64 58 49 54 81 28 632 3157 57 56 49 56 87 2
0 3473 316 66 57 48 75 61 30 3724 78 54 49 59 99 3 899 2889 60 55 48 66 79 0
0 3380 447 243 11 7 6 2 0 3786 166 127 8 4 5 0 256 3621 195 10 6 6 2 0
0 2851 691 457 97 0 0 0 0 3503 238 355 0 0 0 0 99 3498 447 52 0 0 0 0
0 2145 1081 472 398 0 0 0 0 3189 218 676 13 0 0 0 104 3196 451 345 0 0 0 0
3 795 1861 1218 219 0 0 0 10 1413 1852 761 60 0 0 0 182 1667 1905 341 1 0 0 0
0 814 1064 639 1535 44 0 0 3 1816 606 1328 343 0 0 0 94 1907 1058 965 72 0 0 0
0 1 131 312 3126 519 7 0 0 120 288 2557 1107 24 0 0 1 188 1676 1857 371 3 0 0
0 0 57 28 2605 1211 195 0 0 55 237 2310 1302 192 0 0 0 58 1752 1036 1079 171 0 0
0 0 0 25 1526 2451 94 0 0 0 45 1232 888 1931 0 0 0 0 868 651 855 1722 0 0
0 0 0 0 0 2076 2020 0 0 0 0 0 47 3942 107 0 0 0 0 0 103 2954 1039 0
0 0 0 8 56 3234 798 0 0 0 6 51 44 3981 14 0 0 0 3 41 33 3711 308 0
0 122 186 274 1028 2149 335 2 15 276 173 783 1093 1634 122 0 7 324 240 705 972 1543 301 4
0 133 351 649 1525 1438 0 0 0 437 283 1577 1770 29 0 0 36 522 573 1363 1573 29 0 0
0 0 6 158 95 3837 0 0 0 0 133 74 3888 1 0 0 0 19 122 68 3878 9 0 0
0 0 0 0 3 4093 0 0 0 0 0 0 4094 2 0 0 0 0 0 0 4076 20 0 0
0 0 0 0 0 4096 0 0 0 0 0 0 4093 3 0 0 0 0 0 0 4095 1 0 0
0 0 0 0 108 3918 56 14 0 0 0 0 3948 99 48 1 0 0 0 1 3974 71 46 4
0 0 0 0 356 3506 172 62 0 0 0 0 3645 272 168 11 0 0 0 0 3644 251 163 38
0 0 0 0 1279 2583 158 76 0 0 0 0 3274 654 159 9 0 0 0 0 3282 635 151 28
0 0 0 0 2244 1430 354 68 0 0 0 5 2906 1022 137 26 0 0 0 102 2829 971 154 40
0 0 1 232 2031 1210 523 99 0 0 36 638 1927 1246 173 76 0 0 254 959 1394 1225 176 88
0 0 52 479 1424 1503 550 88 0 31 210 831 1468 1313 180 63 17 88 521 830 1114 1286 169 71
0 105 245 457 1102 1366 701 120 0 293 297 835 1074 1264 233 100 11 390 472 738 937 1188 248 112
0 355 265 544 542 1372 898 120 0 551 272 679 992 1200 297 105 90 622 416 385 1019 1106 337 121
0 566 297 262 256 1452 1136 127 0 792 243 147 1261 1143 399 111 15 851 251 89 1309 1057 410 114
0 555 174 80 312 1646 1189 140 5 667 110 54 1618 1015 518 109 5 680 107 60 1651 965 500 128
0 145 187 59 456 1862 1248 139 14 275 65 138 1966 970 546 122 9 300 61 256 1890 819 627 134
0 15 119 249 898 1615 1062 138 3 83 170 504 1750 849 629 108 8 121 227 638 1624 732 576 170
1 3 131 531 1043 1364 989 34 11 199 269 713 1609 767 514 14 20 259 493 754 1378 657 490 45
1 60 397 533 1048 1416 636 5 4 334 322 767 1693 761 215 0 32 409 573 811 1389 714 168 0
0 78 406 588 1168 1510 317 29 8 358 292 866 1956 518 85 13 58 449 603 955 1607 371 48 5
1 335 252 281 637 1084 1362 144 14 544 110 416 1119 966 857 70 48 572 287 431 924 899 856 79
0 654 270 456 1072 1644 0 0 0 883 234 702 2273 4 0 0 59 926 452 901 1758 0 0 0
0 442 261 485 1104 1804 0 0 0 676 193 958 2269 0 0 0 53 694 494 972 1883 0 0 0
0 141 309 497 1196 1953 0 0 0 410 185 1060 2428 13 0 0 75 423 474 1098 2026 0 0 0
0 13 95 478 1248 2262 0 0 0 90 218 954 2754 80 0 0 16 130 478 1131 2335 6 0 0
0 0 0 237 1280 2579 0 0 0 0 12 926 2269 889 0 0 0 0 293 1138 2626 39 0 0
0 0 0 25 1217 2854 0 0 0 0 0 605 2300 1191 0 0 0 0 41 1105 2913 37 0 0
0 0 0 0 973 3123 0 0 0 0 0 309 1844 1943 0 0 0 0 0 883 3092 121 0 0
32 190 1110 1236 345 1177 6 0 37 347 1452 882 502 876 0 0 126 469 1577 683 969 272 0 0
0 0 0 0 610 3486 0 0 0 0 0 21 1477 2598 0 0 0 0 0 461 3430 205 0 0
0 0 0 0 99 3997 0 0 0 0 0 0 1982 2114 0 0 0 0 0 39 3739 318 0 0
0 0 0 0 5 4091 0 0 0 0 0 0 2476 1620 0 0 0 0 0 0 4000 96 0 0
0 0 0 0 14 4019 63 0 0 0 0 3 1658 2435 0 0 0 0 0 6 2178 1911 1 0
0 0 0 0 0 2445 1651 0 0 0 0 0 7 3930 159 0 0 0 0 0 19 3110 967 0
0 0 0 0 53 3449 594 0 0 0 0 1 679 3330 86 0 0 0 0 43 773 2925 355 0
0 0 0 0 93 3812 191 0 0 0 0 0 2088 1946 62 0 0 0 0 50 2352 1529 165 0
0 0 0 0 1 4095 0 0 0 0 0 0 3554 542 0 0 0 0 0 0 3991 105 0 0
0 13 2192 497 93 1125 175 1 0 278 2382 81 506 770 79 0 0 1879 781 88 649 604 95 0
0 2 1968 411 179 1335 162 39 0 134 2169 162 507 1004 120 0 0 1479 846 168 795 678 128 2
0 3 990 1261 183 1411 243 5 0 82 1801 449 417 1208 139 0 0 702 1437 201 661 936 158 1
0 0 12 266 845 2753 214 6 0 2 68 393 2283 1245 105 0 0 4 91 421 2323 1147 107 3
0 0 9 228 394 3377 88 0 0 1 38 299 2727 1021 10 0 0 5 102 301 2844 836 8 0
0 0 13 257 808 2815 203 0 0 3 70 302 3020 682 19 0 0 7 149 291 2999 630 20 0
0 1 20 280 1489 2156 150 0 0 4 123 309 3319 310 31 0 0 10 213 323 3250 276 24 0
0 1 41 298 1887 1861 8 0 0 4 168 397 3477 49 1 0 1 17 323 477 3259 19 0 0
0 1 61 328 1294 2412 0 0 0 12 182 1016 2795 91 0 0 3 61 798 531 2692 11 0 0
0 3 77 543 782 2691 0 0 0 21 208 849 2870 148 0 0 14 154 710 336 2869 13 0 0
0 4 96 341 731 2923 1 0 0 17 192 672 3014 201 0 0 14 66 590 328 3068 30 0 0
0 9 145 348 481 3113 0 0 5 16 316 349 3205 205 0 0 11 123 378 278 3275 31 0 0
0 6 68 279 424 3319 0 0 2 15 213 315 3310 241 0 0 7 53 292 313 3396 35 0 0
0 14 131 304 419 3228 0 0 2 24 252 299 3156 363 0 0 7 69 298 363 3282 77 0 0
0 3 107 210 297 3473 6 0 2 12 194 173 3397 318 0 0 4 55 214 207 3553 63 0 0
0 8 118 242 251 3375 99 3 16 91 216 148 3142 465 18 0 18 135 209 155 3329 242 8 0
1 7 114 176 211 3581 6 0 2 36 162 150 3363 383 0 0 3 74 166 173 3569 111 0 0
1 14 126 159 221 3565 10 0 4 34 177 155 3331 395 0 0 9 89 170 144 3563 121 0 0
0 0 5 31 229 1883 1887 61 0 0 19 27 1736 1152 1138 24 0 1 24 57 1781 1094 1117 22
0 0 0 1 184 3908 1 2 0 0 0 85 3963 46 1 1 0 0 38 131 3922 3 1 1
0 0 0 0 281 3815 0 0 0 0 0 138 3878 80 0 0 0 0 136 149 3810 1 0 0
0 0 0 0 447 3649 0 0 0 0 0 52 3828 216 0 0 0 0 144 307 3635 10 0 0
0 0 0 0 682 3414 0 0 0 0 0 288 3562 246 0 0 0 0 351 337 3389 19 0 0
0 0 0 0 910 3186 0 0 0 0 0 366 3008 722 0 0 0 0 692 241 3136 27 0 0
0 0 0 0 1124 2972 0 0 0 0 0 286 2260 1550 0 0 0 0 780 369 2854 93 0 0
0 0 7 30 1183 2765 76 35 0 0 1 365 1681 1932 11 106 0 20 758 451 2642 121 12 92
32 44 561 1653 609 929 196 72 31 45 753 1725 659 612 8 263 66 165 1023 1608 773 196 12 253
0 0 2 44 1319 2317 335 79 0 0 1 282 1981 1413 22 397 0 0 632 703 2217 137 39 368
0 0 0 14 1974 2108 0 0 0 0 0 627 2390 1079 0 0 0 8 1344 657 2024 63 0 0
0 0 0 0 2220 1876 0 0 0 0 0 597 2672 827 0 0 0 0 1741 495 1793 67 0 0
133 51 41 196 1749 1808 118 0 167 27 160 604 1886 1244 8 0 171 35 1161 779 989 898 63 0
2585 72 54 157 235 497 496 0 2606 71 83 295 136 854 51 0 2628 67 207 179 112 506 397 0
3224 68 54 98 286 305 61 0 3242 66 55 208 297 184 44 0 3261 63 101 261 157 168 85 0
648 274 64 146 1789 749 310 116 627 254 80 822 1701 173 31 408 834 153 1111 736 788 52 45 377
0 0 0 0 3292 794 6 4 0 0 0 2215 1816 59 3 3 0 0 2726 579 708 75 4 4
0 46 3487 563 0 0 0 0 0 285 3810 1 0 0 0 0 3 1455 2638 0 0 0 0 0
0 10 1609 2477 0 0 0 0 0 79 3881 136 0 0 0 0 0 661 3404 31 0 0 0 0
0 2 368 2541 1185 0 0 0 0 16 1275 1953 852 0 0 0 0 73 2247 1080 696 0 0 0
0 0 10 296 1349 2441 0 0 0 1 53 465 3545 32 0 0 0 2 95 476 3516 7 0 0
0 0 7 263 676 3150 0 0 0 2 28 367 3654 45 0 0 0 4 111 354 3624 3 0 0
0 0 11 320 1017 2748 0 0 0 3 70 372 3616 35 0 0 0 6 157 374 3554 5 0 0
0 0 31 395 1181 2489 0 0 0 6 132 437 3484 37 0 0 0 17 250 419 3409 1 0 0
0 4 43 389 1930 1730 0 0 0 11 184 399 3476 26 0 0 2 31 293 400 3370 0 0 0
0 5 44 428 2531 1088 0 0 0 10 250 729 3094 13 0 0 3 45 425 1090 2533 0 0 0
0 8 184 482 3158 264 0 0 3 41 380 2106 1565 1 0 0 21 295 1189 2072 519 0 0 0
0 6 194 606 3288 2 0 0 1 55 447 3176 417 0 0 0 41 376 2313 1364 2 0 0 0
0 6 180 489 3418 3 0 0 1 59 304 3648 84 0 0 0 62 288 3112 634 0 0 0 0
0 6 215 409 3461 5 0 0 2 71 358 3398 267 0 0 0 93 337 3139 527 0 0 0 0
0 4 141 257 3674 20 0 0 2 37 247 2591 1219 0 0 0 61 240 2547 1247 1 0 0 0
0 9 204 280 3393 209 1 0 1 75 293 2090 1604 33 0 0 85 283 1957 1735 36 0 0 0
0 6 145 289 3298 234 118 6 5 149 255 1677 1861 100 44 5 78 307 1724 1801 52 111 20 3
5 15 205 191 2984 145 454 97 3 65 208 1972 1276 14 18 540 66 166 1892 1373 29 12 25 533
1 5 186 456 2674 69 583 122 1 50 200 1986 1123 26 18 692 45 215 2040 1046 33 12 40 665
1 16 111 260 2116 249 1212 131 3 47 159 1570 762 721 728 106 63 131 1552 773 42 746 703 86
0 0 0 69 3325 88 522 92 0 0 9 2294 1105 175 453 60 0 3 2504 884 26 182 449 48
0 2 26 66 3761 40 167 34 0 1 19 2508 1351 13 10 194 0 25 2756 1097 9 10 17 182
0 2 51 116 2990 37 809 91 0 1 37 2131 1000 18 20 889 0 12 2126 1017 26 15 24 876
0 0 45 110 3400 29 398 114 0 0 36 2392 1134 17 18 499 0 17 2565 967 24 15 33 475
0 0 0 42 4054 0 0 0 0 0 1 3144 951 0 0 0 0 0 3442 654 0 0 0 0
0 0 0 106 3981 9 0 0 0 0 0 2448 1648 0 0 0 0 12 2971 1113 0 0 0 0
0 0 0 6 4090 0 0 0 0 0 0 2555 1541 0 0 0 0 0 2638 1458 0 0 0 0
34 31 563 1885 1568 8 1 6 34 30 858 2927 237 2 1 7 53 60 2748 1219 6 2 1 7
0 1 154 220 2973 268 357 123 0 1 160 2746 548 210 65 366 0 89 2453 760 282 108 56 348
0 0 0 6 4050 15 6 19 0 0 0 3715 347 10 8 16 0 0 3336 717 11 8 6 18
0 0 0 2 4094 0 0 0 0 0 0 3320 776 0 0 0 0 1 3049 1046 0 0 0 0
1084 86 46 53 2827 0 0 0 1146 47 47 2430 426 0 0 0 1160 49 2242 643 2 0 0 0
4096 0 0 0 0 0 0 0 4096 0 0 0 0 0 0 0 4096 0 0 0 0 0 0 0
4096 0 0 0 0 0 0 0 4096 0 0 0 0 0 0 0 4096 0 0 0 0 0 0 0
2837 135 59 71 994 0 0 0 2833 146 60 878 179 0 0 0 2969 68 822 237 0 0 0 0
0 0 0 0 4096 0 0 0 0 0 0 3297 799 0 0 0 0 0 2697 1399 0 0 0 0
0 13 1943 2140 0 0 0 0 0 53 3920 123 0 0 0 0 0 394 3702 0 0 0 0 0
0 11 793 3292 0 0 0 0 0 38 2260 1798 0 0 0 0 0 163 3615 318 0 0 0 0
0 2 147 1681 2266 0 0 0 0 6 378 2413 1299 0 0 0 0 28 987 2366 715 0 0 0
0 0 14 393 1181 2508 0 0 0 4 72 596 3406 18 0 0 0 5 131 695 3262 3 0 0
0 0 21 368 924 2783 0 0 0 3 61 507 3477 48 0 0 0 8 151 539 3388 10 0 0
0 0 19 375 1199 2503 0 0 0 7 102 480 3485 22 0 0 0 9 215 481 3389 2 0 0
0 2 25 291 1282 2496 0 0 0 5 148 279 3614 50 0 0 0 7 213 304 3572 0 0 0
0 1 30 280 1657 2128 0 0 0 3 123 272 3661 37 0 0 0 10 227 293 3566 0 0 0
0 1 24 254 1590 2227 0 0 0 2 129 254 3695 16 0 0 0 8 224 283 3580 1 0 0
0 2 44 258 1692 2100 0 0 0 5 164 238 3675 14 0 0 1 31 253 590 3221 0 0 0
0 5 105 282 2917 787 0 0 1 9 234 577 3259 16 0 0 8 137 268 2575 1108 0 0 0
0 5 126 281 3599 85 0 0 1 22 270 900 2903 0 0 0 11 196 361 3505 23 0 0 0
0 4 85 221 3733 53 0 0 1 12 206 683 3194 0 0 0 17 161 327 3582 9 0 0 0
0 9 137 269 3148 533 0 0 1 33 263 276 3513 10 0 0 35 243 273 3510 35 0 0 0
0 11 112 316 948 2630 79 0 7 49 265 306 3020 449 0 0 52 207 299 2709 809 20 0 0
0 11 99 355 1016 2511 104 0 32 136 211 253 2894 558 12 0 100 228 278 2439 992 59 0 0
0 15 195 312 3120 454 0 0 3 72 318 893 2806 4 0 0 88 297 857 2844 10 0 0 0
0 20 265 353 3449 9 0 0 7 105 343 3351 290 0 0 0 91 348 3045 612 0 0 0 0
0 11 165 242 3500 43 111 24 2 50 247 1864 1785 23 115 10 55 232 1345 2307 14 24 113 6
0 0 3 82 1842 585 1273 311 0 0 8 605 1461 880 932 210 0 8 308 1571 301 814 909 185
0 0 0 0 3731 96 103 166 0 0 0 437 3339 86 113 121 0 0 112 3588 96 71 139 90
0 0 0 1 3787 89 89 130 0 0 0 210 3623 83 84 96 0 0 81 3696 70 80 85 84
0 0 0 1 3813 112 67 103 0 0 0 507 3367 74 96 52 0 0 220 3580 104 68 110 14
0 0 0 4 3742 122 149 79 0 0 0 981 2814 148 101 52 0 0 616 3115 101 143 115 6
0 0 0 22 3011 744 231 88 0 0 2 715 3017 134 202 26 0 0 487 3010 259 136 194 10
0 1 33 95 2933 696 205 133 0 27 71 279 3292 178 210 39 20 47 191 3310 130 166 219 13
56 61 679 1228 1672 173 173 54 62 92 1089 1795 723 187 126 22 73 239 1793 1557 140 187 82 25
0 3 235 89 3503 187 64 15 0 20 227 1195 2478 134 34 8 3 126 486 3163 186 97 30 5
0 0 0 0 4094 2 0 0 0 0 0 435 3661 0 0 0 0 0 325 3771 0 0 0 0
0 0 0 0 4093 3 0 0 0 0 0 45 4051 0 0 0 0 0 124 3972 0 0 0 0
1515 125 21 46 2375 14 0 0 1614 38 36 182 2226 0 0 0 1626 29 53 2369 19 0 0 0
4096 0 0 0 0 0 0 0 4096 0 0 0 0 0 0 0 4096 0 0 0 0 0 0 0
4096 0 0 0 0 0 0 0 4096 0 0 0 0 0 0 0 4096 0 0 0 0 0 0 0
3026 147 47 46 830 0 0 0 2989 183 48 56 820 0 0 0 3193 29 57 817 0 0 0 0
0 0 0 0 4091 5 0 0 0 0 0 7 4089 0 0 0 0 0 6 4090 0 0 0 0
232 138 2861 865 0 0 0 0 254 236 3510 96 0 0 0 0 259 465 3353 19 0 0 0 0
85 386 1698 1907 20 0 0 0 164 864 2402 666 0 0 0 0 247 961 2730 158 0 0 0 0
0 0 83 1100 2913 0 0 0 0 0 319 3139 638 0 0 0 0 2 322 3178 594 0 0 0
0 0 7 254 1682 2153 0 0 0 1 19 573 3489 14 0 0 0 2 51 749 3292 2 0 0
0 0 7 269 1277 2543 0 0 0 1 31 389 3662 13 0 0 0 2 120 386 3588 0 0 0
0 0 8 290 1317 2481 0 0 0 2 77 372 3614 31 0 0 0 3 156 369 3565 3 0 0
0 1 12 302 1500 2281 0 0 0 5 99 306 3649 37 0 0 0 8 189 316 3577 6 0 0
0 3 31 314 1436 2312 0 0 0 6 135 371 3556 28 0 0 0 12 267 386 3431 0 0 0
0 1 57 374 1635 2029 0 0 0 9 179 391 3484 33 0 0 1 37 303 411 3344 0 0 0
0 5 50 385 1478 2178 0 0 0 10 201 418 3446 21 0 0 3 40 343 579 3130 1 0 0
0 6 88 357 1391 2254 0 0 0 14 240 348 3460 34 0 0 6 91 327 802 2870 0 0 0
0 8 108 338 2284 1358 0 0 0 27 280 356 3415 18 0 0 13 160 340 2274 1309 0 0 0
0 3 64 333 3158 538 0 0 2 14 250 299 3529 2 0 0 13 137 310 3534 102 0 0 0
0 7 110 301 1063 2614 1 0 4 25 260 264 3363 180 0 0 26 206 268 2467 1129 0 0 0
0 8 98 162 134 3422 269 3 3 24 137 159 791 2923 59 0 21 131 157 275 3329 181 2 0
0 3 81 167 152 3345 341 7 1 22 136 149 407 3325 56 0 16 115 145 221 3286 313 0 0
0 8 98 199 1753 2037 1 0 2 20 177 185 3361 351 0 0 43 154 190 3020 689 0 0 0
0 5 173 225 3651 42 0 0 0 64 224 1477 2331 0 0 0 76 208 944 2868 0 0 0 0
0 8 89 168 2732 746 353 0 3 41 130 179 3310 204 229 0 47 113 188 3265 85 243 155 0
0 0 0 7 840 1531 1610 108 0 0 0 51 1995 1676 338 36 0 0 3 1680 543 1625 224 21
0 0 0 2 2512 1536 26 20 0 0 0 12 4030 15 25 14 0 0 2 3959 82 22 19 12
0 0 0 0 3780 316 0 0 0 0 0 0 4096 0 0 0 0 0 0 4074 22 0 0 0
0 0 0 0 3406 690 0 0 0 0 0 0 4096 0 0 0 0 0 0 4091 5 0 0 0
0 0 0 0 2499 1597 0 0 0 0 0 0 4096 0 0 0 0 0 0 4028 68 0 0 0
0 0 0 0 1876 2220 0 0 0 0 0 0 3618 478 0 0 0 0 0 2557 1539 0 0 0
0 0 0 0 663 3433 0 0 0 0 0 0 4046 50 0 0 0 0 0 1987 2109 0 0 0
48 47 949 1079 1921 52 0 0 55 85 1372 730 1854 0 0 0 66 285 1494 2248 3 0 0 0
0 0 468 71 2932 625 0 0 0 0 486 62 3517 31 0 0 0 287 234 3322 253 0 0 0
0 0 0 57 1866 2133 24 16 1 74 21 18 3923 26 24 9 0 48 46 3500 448 26 20 8
0 0 125 864 1982 1116 8 1 9 1048 251 170 2616 2 0 0 176 746 360 2453 357 3 1 0
913 151 201 769 1489 572 1 0 1063 1159 249 130 1495 0 0 0 1149 893 406 1534 114 0 0 0
2586 271 506 450 271 11 1 0 2851 1092 144 8 1 0 0 0 2877 854 348 13 4 0 0 0
4082 11 3 0 0 0 0 0 4089 6 1 0 0 0 0 0 4092 4 0 0 0 0 0 0
3193 179 66 55 570 33 0 0 3239 152 61 48 593 3 0 0 3370 62 63 581 20 0 0 0
3 31 38 97 3007 920 0 0 45 64 55 35 3897 0 0 0 47 93 39 3769 148 0 0 0
70 1160 1761 174 295 636 0 0 146 1589 1285 209 481 386 0 0 362 1530 1150 120 269 665 0 0
306 340 2339 1075 27 9 0 0 326 577 2772 399 20 2 0 0 337 495 2298 945 18 3 0 0
116 118 424 1408 2030 0 0 0 137 138 910 2681 230 0 0 0 117 136 458 3133 252 0 0 0
0 0 10 417 3042 627 0 0 0 0 43 787 3265 1 0 0 0 2 66 834 3194 0 0 0
91 216 233 681 2315 560 0 0 134 340 394 564 2660 4 0 0 224 332 422 573 2545 0 0 0
0 77 98 496 2274 1151 0 0 45 100 169 580 3196 6 0 0 40 106 271 575 3104 0 0 0
0 0 22 401 2197 1476 0 0 0 6 107 456 3514 13 0 0 0 13 257 447 3379 0 0 0
0 1 24 344 1980 1747 0 0 0 6 134 361 3585 10 0 0 0 16 283 359 3438 0 0 0
0 0 21 258 1918 1899 0 0 0 5 124 295 3665 7 0 0 0 12 216 349 3519 0 0 0
0 7 60 323 2358 1348 0 0 0 28 167 555 3342 4 0 0 8 69 323 1127 2569 0 0 0
0 1 38 318 1744 1995 0 0 0 8 200 438 3442 8 0 0 1 67 327 1202 2499 0 0 0
245 107 133 299 1280 2032 0 0 290 85 277 416 2980 48 0 0 315 175 329 1280 1997 0 0 0
0 5 68 205 1661 2157 0 0 0 10 177 298 3552 59 0 0 7 124 215 2399 1351 0 0 0
0 3 97 287 590 3118 1 0 2 28 219 336 2632 879 0 0 21 163 287 910 2714 1 0 0
0 6 82 287 176 3140 381 24 3 91 173 202 259 3300 68 0 84 160 178 232 3128 310 4 0
0 3 41 236 116 3345 348 7 2 84 110 143 171 3548 38 0 65 92 144 160 3344 290 1 0
0 9 123 201 466 3256 41 0 1 36 206 182 2714 957 0 0 44 173 181 1569 2122 7 0 0
0 5 81 184 3207 619 0 0 2 43 145 190 3716 0 0 0 34 106 188 3665 103 0 0 0
0 108 127 138 720 2217 785 1 20 144 153 129 2644 662 344 0 103 170 149 1938 846 614 276 0
0 0 0 0 32 3111 941 12 0 0 0 0 2911 726 459 0 0 0 0 520 2596 564 415 1
0 0 0 0 68 4028 0 0 0 0 0 0 4078 18 0 0 0 0 0 1809 2287 0 0 0
0 0 0 0 218 3878 0 0 0 0 0 0 4096 0 0 0 0 0 0 2771 1325 0 0 0
0 0 0 0 217 3879 0 0 0 0 0 0 4096 0 0 0 0 0 0 1901 2195 0 0 0
0 0 0 0 3 4093 0 0 0 0 0 0 4096 0 0 0 0 0 0 1285 2811 0 0 0
0 0 0 0 133 3958 5 0 0 0 0 0 2546 1550 0 0 0 0 0 970 3083 43 0 0
111 35 28 41 118 3188 564 11 127 24 41 29 1011 2703 157 4 137 24 42 183 2680 913 116 1
0 0 27 231 218 569 3018 33 0 0 51 232 260 2935 596 22 0 11 69 436 46 2946 554 34
0 0 81 28 461 2890 528 108 0 0 83 42 1232 2394 284 61 0 23 67 551 1007 2074 273 101
0 0 2 44 209 3532 258 51 0 28 16 39 1453 2397 135 28 0 29 13 352 1497 2052 122 31
0 13 50 1103 1399 1321 205 5 12 34 318 1439 1725 431 136 1 28 62 1005 1256 1166 367 211 1
1248 86 507 783 452 928 92 0 1298 136 859 448 1050 250 55 0 1297 488 680 633 650 244 104 0
2096 117 50 48 60 1450 260 15 2051 161 63 37 86 1598 95 5 2218 53 43 51 674 997 60 0
2993 47 28 29 32 510 457 0 3022 32 31 27 56 776 152 0 3003 40 28 28 45 678 274 0
3608 138 47 49 111 143 0 0 3584 155 53 49 181 74 0 0 3743 55 46 90 162 0 0 0
26 268 202 533 641 2342 84 0 238 253 264 372 2200 700 69 0 274 306 415 738 1709 600 54 0
227 336 600 611 2078 244 0 0 284 760 239 894 1882 37 0 0 473 585 161 582 1746 549 0 0
744 595 1246 1249 262 0 0 0 810 1096 1981 208 1 0 0 0 670 1733 1376 316 1 0 0 0
151 218 581 2299 847 0 0 0 201 450 1068 2370 7 0 0 0 263 488 852 2478 15 0 0 0
0 0 8 418 3591 79 0 0 0 0 48 785 3263 0 0 0 0 1 107 930 3058 0 0 0
0 24 117 1000 1887 1061 7 0 0 86 786 984 1548 692 0 0 25 189 917 674 1260 1010 21 0
0 11 28 312 1942 1767 36 0 7 21 78 437 2335 1216 2 0 8 25 127 383 2051 1258 244 0
0 0 14 330 3309 443 0 0 0 0 92 318 3685 1 0 0 0 7 188 438 3463 0 0 0
0 0 68 382 2854 792 0 0 0 5 159 397 3530 5 0 0 0 11 288 514 3283 0 0 0
318 609 835 487 1295 552 0 0 402 1071 635 263 1721 4 0 0 677 1108 405 353 1551 2 0 0
0 103 97 459 2223 1214 0 0 3 140 295 492 3158 8 0 0 47 221 426 875 2527 0 0 0
327 446 171 683 1425 1044 0 0 357 482 598 441 2196 22 0 0 437 709 516 830 1604 0 0 0
428 1070 517 810 473 798 0 0 476 1338 948 218 1066 50 0 0 507 1702 647 380 859 1 0 0
0 0 42 214 240 3600 0 0 0 3 142 189 3547 215 0 0 3 78 202 357 3456 0 0 0
0 31 90 239 366 3364 6 0 14 39 206 196 2914 727 0 0 47 129 223 578 3117 2 0 0
0 180 149 223 339 3008 190 7 56 169 216 358 645 2618 32 2 155 188 219 406 2893 220 13 2
0 3 54 163 131 3624 118 3 1 5 101 147 969 2841 30 2 5 72 162 156 3551 140 9 1
0 5 104 182 224 3571 10 0 1 27 155 184 3092 636 1 0 16 135 174 1007 2757 7 0 0
0 4 114 253 1465 2204 48 8 0 34 264 247 3335 189 23 4 12 180 293 2555 940 75 37 4
1 61 286 598 1243 1294 610 3 15 269 633 1263 963 658 295 0 106 389 1048 817 901 528 305 2
0 0 0 0 19 3598 477 2 0 0 0 0 3129 873 94 0 0 0 0 46 3412 545 93 0
0 0 0 0 0 4096 0 0 0 0 0 0 3848 248 0 0 0 0 0 145 3951 0 0 0
0 0 0 0 0 4096 0 0 0 0 0 0 3971 125 0 0 0 0 0 384 3712 0 0 0
0 0 0 0 0 4096 0 0 0 0 0 0 3980 116 0 0 0 0 0 214 3882 0 0 0
0 0 0 0 1 4095 0 0 0 0 0 0 3973 123 0 0 0 0 0 297 3799 0 0 0
0 0 0 0 14 4078 4 0 0 0 0 0 2450 1646 0 0 0 0 0 451 3603 42 0 0
76 56 46 57 273 3214 374 0 87 57 45 66 429 3396 16 0 130 38 42 141 2725 1020 0 0
0 0 0 0 0 2305 1791 0 0 0 0 0 0 4096 0 0 0 0 0 0 0 4093 3 0
0 0 0 0 65 3970 61 0 0 0 0 0 605 3491 0 0 0 0 0 0 904 3192 0 0
0 0 0 0 759 3318 19 0 0 0 0 0 1447 2649 0 0 0 0 0 112 1946 2038 0 0
0 0 0 0 30 4066 0 0 0 0 0 0 2796 1300 0 0 0 0 0 72 4024 0 0 0
921 76 26 28 48 2996 1 0 973 39 30 35 2348 671 0 0 976 41 27 74 2953 25 0 0
2773 250 223 41 51 758 0 0 2778 412 58 41 165 642 0 0 3015 238 35 52 663 93 0 0
1665 69 32 27 32 1413 858 0 1718 38 28 25 47 2037 203 0 1680 59 28 25 412 1519 373 0
3988 79 17 9 3 0 0 0 3967 95 20 9 4 1 0 0 4066 20 8 2 0 0 0 0
192 273 179 591 806 2055 0 0 260 240 184 782 1658 972 0 0 408 180 427 855 1618 608 0 0
1907 606 285 161 190 946 1 0 2138 524 183 171 863 217 0 0 1986 638 187 168 547 570 0 0
128 177 1253 1315 177 1046 0 0 258 2059 582 141 592 464 0 0 693 1890 343 127 476 567 0 0
0 132 1230 1465 207 1052 10 0 63 2190 483 289 409 662 0 0 455 1913 363 293 378 694 0 0
0 0 42 662 2318 1072 2 0 0 68 193 2125 1004 706 0 0 0 68 273 2252 880 623 0 0
0 0 118 906 699 2365 8 0 0 67 669 664 929 1767 0 0 4 150 634 485 631 2188 4 0
0 0 39 657 1426 1889 85 0 0 26 525 661 1437 1447 0 0 0 113 656 719 938 1657 13 0
0 0 14 233 2548 1233 68 0 0 3 70 380 2587 1054 2 0 0 6 152 624 2315 995 4 0
0 58 1020 478 1303 1102 135 0 0 153 1158 361 1411 1002 11 0 0 175 1020 666 1178 1037 20 0
0 124 1997 664 99 1023 189 0 0 219 2357 240 146 1118 16 0 0 182 1797 847 108 1123 39 0
0 9 179 344 1776 1398 390 0 0 35 306 314 2253 1180 8 0 7 58 399 884 1548 1136 64 0
35 512 138 214 1367 1247 583 0 36 533 230 228 1912 1118 39 0 201 397 230 611 1524 1024 109 0
682 1453 447 149 124 776 465 0 819 1406 453 91 222 1061 44 0 780 1440 439 157 200 987 93 0
2 65 40 199 284 2893 613 0 41 42 177 189 2433 1189 25 0 51 66 228 277 2404 923 147 0
0 17 126 471 410 2438 634 0 35 159 362 296 1818 1391 35 0 54 300 363 342 1989 932 116 0
0 98 282 1091 602 1545 473 5 272 519 982 270 531 1439 83 0 196 1081 582 258 775 1128 76 0
0 4 75 184 186 2984 663 0 3 8 149 183 2198 1435 120 0 5 100 173 452 2268 870 228 0
0 15 109 236 521 2690 525 0 1 40 184 256 2176 1319 120 0 36 131 238 858 1877 776 180 0
0 6 79 202 550 2499 723 37 3 12 173 156 1576 1950 208 18 6 66 144 883 785 1759 383 70
2 4 68 147 363 2724 787 1 2 29 151 239 971 2550 154 0 9 55 240 135 568 2665 416 8
67 69 16 47 176 2614 1095 12 109 36 30 67 2063 1375 412 4 111 32 42 183 2084 1243 396 5
44 24 15 45 137 3560 206 65 58 16 27 65 3394 325 202 9 55 19 43 273 3384 130 187 5
0 0 0 0 28 3865 121 82 0 0 0 0 3230 717 123 26 0 0 0 11 3835 114 131 5
0 0 0 0 10 3909 146 31 0 0 0 0 3011 955 130 0 0 0 0 12 3867 113 104 0
8 136 68 59 92 3710 17 6 11 166 67 58 3504 274 16 0 68 143 65 113 3677 21 9 0
22 51 11 10 55 3947 0 0 25 50 12 12 3042 955 0 0 65 15 11 356 3649 0 0 0
0 0 0 0 0 2687 1409 0 0 0 0 0 861 3165 70 0 0 0 0 0 2281 1776 39 0
0 0 0 0 0 3367 729 0 0 0 0 0 0 4096 0 0 0 0 0 0 0 4096 0 0
0 0 0 0 83 3807 206 0 0 0 0 3 420 3669 4 0 0 0 0 9 928 3149 10 0
0 0 0 0 331 3762 3 0 0 0 0 0 1406 2690 0 0 0 0 0 106 1882 2108 0 0
0 0 0 0 0 4096 0 0 0 0 0 0 2202 1894 0 0 0 0 0 1 4095 0 0 0
49 145 81 73 175 3573 0 0 145 70 89 89 2446 1257 0 0 188 81 67 114 3635 11 0 0
14 34 784 1582 1416 266 0 0 18 864 1081 1177 900 56 0 0 46 1264 1177 897 707 5 0 0
61 36 57 774 115 2515 538 0 78 75 744 104 328 2714 53 0 79 265 578 112 1258 1647 157 0
114 85 128 1232 375 2158 4 0 119 168 1124 420 1844 421 0 0 192 227 1323 225 2123 6 0 0
59 153 96 235 550 3003 0 0 144 115 99 555 2974 209 0 0 175 108 136 598 3053 26 0 0
3306 401 176 156 18 12 12 15 3492 378 212 11 3 0 0 0 3458 424 166 17 27 4 0 0
35 1257 2118 563 64 21 31 7 486 2976 624 10 0 0 0 0 2172 1487 374 36 27 0 0 0
121 897 2403 620 55 0 0 0 416 3014 662 4 0 0 0 0 2354 1265 477 0 0 0 0 0
268 117 95 3482 134 0 0 0 334 103 558 3101 0 0 0 0 309 305 952 2530 0 0 0 0
2693 149 101 481 420 248 4 0 2696 149 104 571 509 67 0 0 2723 144 133 429 375 262 30 0
637 480 93 172 2640 66 8 0 457 625 162 2123 668 61 0 0 559 586 128 2605 142 57 19 0
0 0 0 0 4096 0 0 0 0 0 0 297 3799 0 0 0 0 0 0 3423 673 0 0 0
476 51 1182 564 1820 3 0 0 468 256 1423 318 1631 0 0 0 537 556 1162 1334 507 0 0 0
1025 200 2487 261 79 44 0 0 1050 560 2343 73 70 0 0 0 1061 683 2204 64 84 0 0 0
0 0 66 134 3583 306 7 0 0 59 132 114 3743 48 0 0 0 151 54 2151 1706 34 0 0
0 80 83 314 3085 534 0 0 8 83 211 879 2882 33 0 0 20 87 243 1670 2032 44 0 0
34 295 99 204 1215 2229 20 0 46 320 126 332 3095 177 0 0 38 375 137 730 2616 200 0 0
0 0 1 484 232 3319 60 0 0 0 456 183 3270 187 0 0 0 177 400 314 3045 160 0 0
0 269 396 236 111 2994 90 0 531 225 177 59 2831 273 0 0 581 268 112 84 2851 200 0 0
0 613 2713 138 132 372 128 0 3240 155 99 109 191 294 8 0 2419 1008 71 104 196 287 11 0
0 50 504 596 125 2673 148 0 668 291 248 60 2448 381 0 0 307 738 180 784 1756 324 7 0
0 0 3 23 1703 2239 128 0 0 0 4 139 3510 442 1 0 0 3 92 2910 756 323 12 0
0 0 2 466 1701 1576 351 0 0 7 450 696 1779 1152 12 0 0 162 707 1206 814 1086 121 0
0 0 0 0 309 3363 424 0 0 0 0 11 1950 2125 10 0 0 0 0 24 1380 2384 308 0
1417 409 283 566 708 480 185 48 1566 517 714 366 516 334 56 27 1741 573 690 228 391 386 71 16
1796 461 197 153 187 1120 83 99 1835 510 159 165 1090 180 96 61 1919 416 221 180 1144 72 89 55
0 0 0 0 47 3838 115 96 0 0 0 0 3648 287 135 26 0 0 0 51 3781 110 138 16
0 0 0 0 6 4057 28 5 0 0 0 0 3825 264 5 2 0 0 0 80 3958 53 4 1
19 40 165 871 767 1947 256 31 41 241 901 654 1911 196 150 2 72 665 747 520 1772 194 126 0
191 261 156 483 553 2144 237 71 242 314 504 201 2312 296 226 1 331 562 286 552 1970 206 184 5
0 0 0 0 10 3095 984 7 0 0 0 0 1801 2168 127 0 0 0 0 19 2004 2008 65 0
52 199 64 61 58 3348 314 0 117 155 61 55 69 3589 50 0 203 82 61 51 72 3600 27 0
2 9 55 70 141 3506 313 0 6 10 71 71 1355 2550 33 0 11 13 82 105 1502 2368 15 0
0 0 0 0 145 3951 0 0 0 0 0 4 1627 2465 0 0 0 0 0 83 2379 1634 0 0
0 0 0 0 0 4096 0 0 0 0 0 0 3798 298 0 0 0 0 0 0 4096 0 0 0
26 139 48 103 441 3339 0 0 116 79 76 83 3413 329 0 0 158 52 89 206 3563 28 0 0
0 0 0 936 1857 1303 0 0 0 0 880 1257 1871 88 0 0 0 1 1138 1477 1480 0 0 0
0 0 0 1643 135 2197 121 0 0 0 1607 126 380 1982 1 0 0 28 1677 115 1307 969 0 0
0 0 5 1550 565 1699 277 0 0 46 1450 498 1373 726 3 0 0 0 1871 252 1223 662 88 0
8 12 5 9 24 4038 0 0 16 6 8 10 4023 33 0 0 16 6 8 66 3999 1 0 0
1099 256 135 107 166 2107 152 74 1214 285 318 81 1685 513 0 0 1257 213 123 124 1188 1191 0 0
2026 1062 387 330 219 43 24 5 2512 1152 406 26 0 0 0 0 3193 497 299 79 28 0 0 0
1879 771 727 619 100 0 0 0 2130 1316 615 35 0 0 0 0 2757 886 453 0 0 0 0 0
1836 275 333 1652 0 0 0 0 1901 242 1060 893 0 0 0 0 1808 311 1617 360 0 0 0 0
2067 659 858 512 0 0 0 0 2111 1168 547 270 0 0 0 0 2403 1045 499 149 0 0 0 0
1403 424 329 1255 685 0 0 0 1363 626 238 1869 0 0 0 0 1412 600 221 1863 0 0 0 0
258 112 102 1150 2474 0 0 0 278 109 145 3144 420 0 0 0 262 105 123 3586 20 0 0 0
1830 303 136 390 1437 0 0 0 1840 334 125 1521 276 0 0 0 2059 157 135 1711 34 0 0 0
2774 282 193 125 706 16 0 0 2794 357 134 211 599 1 0 0 2949 245 129 533 240 0 0 0
0 0 50 764 3274 8 0 0 0 25 77 1475 2519 0 0 0 14 41 574 3020 447 0 0 0
0 0 228 972 2865 31 0 0 0 170 249 1822 1855 0 0 0 20 250 499 2620 707 0 0 0
7 155 324 960 2181 469 0 0 30 358 635 1159 1886 28 0 0 77 619 587 1804 961 48 0 0
0 0 0 623 2303 1170 0 0 0 0 22 1538 2536 0 0 0 0 4 476 2185 1431 0 0 0
24 65 114 527 886 2480 0 0 64 143 517 442 2922 8 0 0 72 409 519 573 2523 0 0 0
1741 452 264 853 499 286 1 0 2053 327 1027 296 341 52 0 0 2199 759 671 175 278 14 0 0
453 216 269 1149 478 1531 0 0 572 451 1064 191 1818 0 0 0 680 853 679 1042 842 0 0 0
624 249 98 95 2666 364 0 0 674 254 120 396 2652 0 0 0 766 194 161 2913 62 0 0 0
1393 123 107 129 1334 840 170 0 1421 151 132 545 1052 752 43 0 1405 206 165 1199 241 630 241 9
1915 59 31 17 311 1251 510 2 1953 42 19 51 668 1142 221 0 1888 79 32 36 401 882 737 41
466 448 353 1135 480 344 826 44 493 696 1263 219 400 217 784 24 486 1434 602 232 317 156 710 159
1510 2125 280 171 9 1 0 0 1456 2335 297 6 2 0 0 0 949 1800 1252 93 2 0 0 0
200 2349 500 119 104 823 1 0 153 2330 644 72 892 5 0 0 46 1087 1458 609 892 4 0 0
1 722 735 276 707 1453 109 93 6 625 924 285 1933 146 105 72 4 69 767 1420 1541 108 105 82
564 640 376 544 886 710 234 142 618 868 766 396 956 216 177 99 663 1128 630 436 749 201 193 96
984 589 248 603 884 447 201 140 1022 709 923 551 364 258 212 57 1173 849 1014 224 397 178 241 20
0 7 7 13 51 3233 776 9 1 10 8 15 1932 2071 59 0 7 5 11 26 2025 1973 49 0
227 269 213 189 408 2239 547 4 316 246 201 223 548 2365 197 0 425 199 178 274 631 2301 88 0
283 235 121 140 402 2748 167 0 301 232 132 177 1577 1569 108 0 446 138 135 260 1737 1334 46 0
0 0 0 4 89 4002 1 0 0 0 6 23 1958 2109 0 0 0 0 5 78 2735 1278 0 0
0 0 1 101 226 3768 0 0 0 108 126 89 3758 15 0 0 0 38 114 173 3771 0 0 0
123 295 315 331 489 2543 0 0 326 546 154 236 2800 34 0 0 373 457 200 389 2675 2 0 0
0 0 2 383 1569 2142 0 0 0 0 382 992 2720 2 0 0 0 1 385 1508 2202 0 0 0
0 0 0 2938 116 1042 0 0 0 0 2899 94 462 641 0 0 0 292 2689 145 913 57 0 0
0 0 0 589 361 2934 212 0 0 20 523 171 1416 1932 34 0 0 26 605 278 1604 1534 49 0
0 0 0 0 214 3882 0 0 0 0 0 0 4096 0 0 0 0 0 0 77 4019 0 0 0
263 52 888 229 220 2444 0 0 260 816 307 62 1480 1171 0 0 432 944 65 67 731 1857 0 0
2452 594 760 290 0 0 0 0 2565 853 538 140 0 0 0 0 2767 774 461 94 0 0 0 0
3250 478 289 79 0 0 0 0 3281 688 120 7 0 0 0 0 3534 513 41 8 0 0 0 0
3654 295 43 104 0 0 0 0 3669 298 127 2 0 0 0 0 3820 208 68 0 0 0 0 0
2147 1074 609 238 22 6 0 0 2233 1344 470 26 20 3 0 0 2479 1253 316 23 19 6 0 0
3263 626 201 6 0 0 0 0 3301 714 81 0 0 0 0 0 3634 452 10 0 0 0 0 0
3180 504 412 0 0 0 0 0 3192 904 0 0 0 0 0 0 3830 266 0 0 0 0 0 0
1483 579 821 518 583 112 0 0 1536 1080 479 583 412 6 0 0 1955 872 466 408 342 53 0 0
699 447 1194 488 1259 9 0 0 767 1331 428 1021 535 14 0 0 1249 1067 642 969 154 15 0 0
1 78 113 526 3375 3 0 0 18 105 238 2393 1340 2 0 0 56 107 865 2544 524 0 0 0
0 0 17 521 3552 6 0 0 0 1 79 2575 1441 0 0 0 0 12 918 2743 423 0 0 0
291 281 228 532 2595 169 0 0 354 296 400 1471 1567 8 0 0 531 237 1053 1491 710 74 0 0
0 0 93 460 3336 207 0 0 0 1 166 1712 2217 0 0 0 0 45 1420 1913 718 0 0 0
321 110 392 1384 1851 38 0 0 298 240 1497 499 1562 0 0 0 434 1280 669 1584 129 0 0 0
157 132 290 985 2304 228 0 0 154 273 1111 199 2359 0 0 0 258 1162 323 2353 0 0 0 0
2 77 1045 1061 1768 143 0 0 6 1078 1056 208 1748 0 0 0 492 1633 232 1739 0 0 0 0
0 3 451 356 3284 2 0 0 0 68 676 511 2841 0 0 0 15 761 793 2527 0 0 0 0
2992 151 236 176 514 27 0 0 3026 219 256 253 342 0 0 0 3159 295 248 394 0 0 0 0
2982 208 104 113 622 67 0 0 3037 189 147 479 241 3 0 0 3167 135 360 416 18 0 0 0
82 195 96 473 1723 403 1110 14 125 241 568 1251 565 444 902 0 169 299 1240 783 214 218 1072 101
2346 448 684 113 221 276 8 0 2332 1206 37 34 358 127 2 0 2330 1236 22 61 280 159 8 0
3759 337 0 0 0 0 0 0 3616 480 0 0 0 0 0 0 3301 795 0 0 0 0 0 0
2677 1391 28 0 0 0 0 0 2424 1646 26 0 0 0 0 0 1893 1777 372 54 0 0 0 0
742 2504 355 237 258 0 0 0 739 2528 675 154 0 0 0 0 521 1290 2077 208 0 0 0 0
1795 672 257 382 954 36 0 0 1857 731 764 693 43 8 0 0 2039 512 1206 288 47 4 0 0
264 172 104 415 311 2373 457 0 285 177 381 186 804 2182 81 0 396 460 127 521 404 2159 29 0
0 0 0 1 81 3941 73 0 0 0 0 9 162 3917 8 0 0 0 0 21 195 3878 2 0
0 0 0 15 226 3839 16 0 0 0 0 43 1550 2503 0 0 0 0 3 76 1914 2103 0 0
172 83 241 597 632 2365 6 0 211 496 380 144 1296 1569 0 0 253 702 202 384 1848 707 0 0
731 234 759 1311 681 380 0 0 734 1172 911 428 851 0 0 0 996 1848 395 852 5 0 0 0
477 456 707 723 1478 255 0 0 652 819 580 1012 1023 10 0 0 898 1177 329 1261 431 0 0 0
519 212 320 564 1913 568 0 0 529 268 619 1056 1624 0 0 0 617 803 253 1458 965 0 0 0
0 16 126 3802 85 67 0 0 0 124 3799 79 92 2 0 0 15 351 3611 80 39 0 0 0
64 51 223 88 415 3150 105 0 97 209 95 74 1103 2513 5 0 76 251 91 160 1975 1496 47 0
807 237 467 343 1705 537 0 0 831 280 693 119 2173 0 0 0 909 802 76 919 1390 0 0 0
287 153 2260 332 970 94 0 0 335 1884 687 255 921 14 0 0 602 2264 184 768 182 96 0 0
124 310 2046 1448 116 52 0 0 178 2027 1826 65 0 0 0 0 676 2497 861 62 0 0 0 0
196 364 2866 354 108 208 0 0 221 2894 981 0 0 0 0 0 1181 2621 190 104 0 0 0 0
19 419 2874 784 0 0 0 0 29 2827 1238 2 0 0 0 0 1600 2411 85 0 0 0 0 0
0 107 2508 1462 19 0 0 0 0 1804 2231 58 3 0 0 0 888 3063 124 20 1 0 0 0
0 61 3203 807 25 0 0 0 0 2393 1259 444 0 0 0 0 1588 1996 512 0 0 0 0 0
0 11 1515 900 1670 0 0 0 0 1188 583 2325 0 0 0 0 759 966 2364 7 0 0 0 0
0 0 459 1486 2151 0 0 0 0 279 1286 2486 45 0 0 0 202 1197 2021 674 2 0 0 0
0 0 46 1260 2790 0 0 0 0 2 1084 2985 25 0 0 0 30 999 1977 1090 0 0 0 0
0 0 0 276 3820 0 0 0 0 0 55 3972 69 0 0 0 0 28 3117 951 0 0 0 0
0 0 1 138 3957 0 0 0 0 0 29 3782 285 0 0 0 0 25 3293 778 0 0 0 0
0 0 199 846 3051 0 0 0 0 35 637 2815 609 0 0 0 18 503 2222 1318 35 0 0 0
0 0 0 22 4072 2 0 0 0 0 0 1506 2590 0 0 0 0 0 1191 2905 0 0 0 0
0 0 3 1055 2942 96 0 0 0 0 896 455 2740 5 0 0 0 708 558 2805 20 5 0 0
0 0 0 3 3985 108 0 0 0 0 1 10 4085 0 0 0 0 2 41 4052 1 0 0 0
0 0 599 478 2965 54 0 0 0 490 369 422 2815 0 0 0 336 423 324 3003 10 0 0 0
80 40 115 429 3431 1 0 0 92 107 402 1036 2459 0 0 0 110 352 1333 2301 0 0 0 0
0 0 679 724 2678 15 0 0 0 437 950 886 1823 0 0 0 56 1186 979 1875 0 0 0 0
0 0 316 1312 2453 15 0 0 0 237 1541 591 1727 0 0 0 181 1155 950 1810 0 0 0 0
0 0 0 665 3312 119 0 0 0 0 621 317 3158 0 0 0 1 470 402 3223 0 0 0 0
0 69 621 679 1914 797 16 0 3 881 468 150 2357 233 4 0 236 1091 52 1308 1102 292 15 0
1511 328 262 659 85 534 705 12 1495 597 621 76 82 736 482 7 1749 832 129 70 64 220 973 59
3831 215 31 8 3 4 4 0 3804 271 8 4 5 3 1 0 3549 512 20 5 6 3 1 0
3399 697 0 0 0 0 0 0 3286 810 0 0 0 0 0 0 2680 1410 6 0 0 0 0 0
1799 314 207 1175 600 1 0 0 1724 507 1542 315 7 1 0 0 1776 908 1386 18 7 1 0 0
46 35 55 118 822 2884 136 0 57 39 83 193 1764 1955 5 0 89 75 175 1618 406 1731 2 0
0 0 0 0 0 3975 121 0 0 0 0 0 0 4096 0 0 0 0 0 0 36 4060 0 0
0 0 0 0 2 4062 32 0 0 0 0 0 1220 2875 1 0 0 0 0 0 1642 2454 0 0
0 0 0 0 1341 2749 6 0 0 0 0 54 3030 1010 2 0 0 0 0 1020 2605 471 0 0
0 0 0 0 553 3517 26 0 0 0 0 0 3991 80 25 0 0 0 0 3994 40 54 8 0
25 164 123 172 1791 1817 4 0 124 128 96 985 2730 29 4 0 137 131 97 3214 491 26 0 0
0 0 88 625 1846 1537 0 0 0 0 160 954 2981 1 0 0 0 3 205 3537 348 3 0 0
0 0 31 3392 638 35 0 0 0 41 2998 753 304 0 0 0 0 37 3030 728 300 1 0 0
0 0 599 617 282 2590 8 0 0 408 528 407 863 1890 0 0 29 520 449 341 1663 1094 0 0
0 0 1 262 2535 1298 0 0 0 0 149 230 3276 441 0 0 0 213 205 3069 173 436 0 0
50 350 1049 1581 1027 39 0 0 99 917 1466 1288 325 1 0 0 202 1120 1318 1082 356 18 0 0
0 0 27 116 1417 2536 0 0 0 183 3913 0 0 0 0 0 5 82 2143 1866 0 0 0 0
0 4 615 905 1205 1367 0 0 0 167 3929 0 0 0 0 0 10 1419 1771 896 0 0 0 0
97 262 776 2716 229 16 0 0 128 506 2126 1163 160 13 0 0 214 1009 2202 397 213 57 4 0
0 0 203 3893 0 0 0 0 0 0 3887 209 0 0 0 0 0 2912 1184 0 0 0 0 0
0 0 35 2440 1621 0 0 0 0 0 715 3381 0 0 0 0 0 465 3623 8 0 0 0 0
0 0 0 461 3635 0 0 0 0 0 1 4095 0 0 0 0 0 0 3971 125 0 0 0 0
0 0 432 2105 1559 0 0 0 0 31 2121 1944 0 0 0 0 3 2121 1957 15 0 0 0 0
0 9 745 2830 512 0 0 0 0 209 2932 955 0 0 0 0 3 2820 1255 18 0 0 0 0
0 0 0 158 3938 0 0 0 0 0 26 4024 46 0 0 0 0 0 3467 629 0 0 0 0
0 0 0 553 3543 0 0 0 0 0 36 4011 49 0 0 0 0 51 3386 659 0 0 0 0
0 0 0 477 3619 0 0 0 0 0 22 3628 446 0 0 0 0 31 3427 638 0 0 0 0
0 0 0 1 4093 2 0 0 0 0 0 1601 2495 0 0 0 0 0 1294 2802 0 0 0 0
0 70 227 621 3172 6 0 0 17 91 370 1973 1645 0 0 0 34 310 1599 2106 41 6 0 0
0 0 0 0 4025 71 0 0 0 0 0 300 3796 0 0 0 0 0 481 3615 0 0 0 0
0 33 104 510 3441 8 0 0 8 43 200 1252 2593 0 0 0 11 380 1533 2164 8 0 0 0
662 437 490 473 2030 4 0 0 715 478 539 1228 1136 0 0 0 861 505 1225 1485 20 0 0 0
0 9 51 29 4007 0 0 0 2 26 52 1586 2430 0 0 0 15 60 2192 1829 0 0 0 0
33 65 215 255 3513 15 0 0 42 167 263 368 3256 0 0 0 147 278 910 2737 24 0 0 0
1 95 250 590 3047 113 0 0 7 135 680 659 2615 0 0 0 32 376 790 2816 82 0 0 0
251 176 170 1572 1702 225 0 0 298 224 1838 506 1213 17 0 0 345 901 1412 1020 350 68 0 0
2000 367 449 1136 70 70 4 0 2151 925 860 74 43 43 0 0 2108 1468 358 52 33 52 25 0
3935 89 55 17 0 0 0 0 3937 159 0 0 0 0 0 0 3968 113 15 0 0 0 0 0
4096 0 0 0 0 0 0 0 4096 0 0 0 0 0 0 0 4096 0 0 0 0 0 0 0
928 93 60 2334 532 149 0 0 935 286 2159 271 445 0 0 0 1015 1873 722 486 0 0 0 0
0 0 0 3 1304 2259 530 0 0 0 0 138 1554 2346 58 0 0 0 62 1600 98 2318 18 0
0 0 0 0 0 3851 245 0 0 0 0 0 20 4069 7 0 0 0 0 0 329 3746 21 0
0 0 0 0 7 3938 151 0 0 0 0 0 907 3172 17 0 0 0 0 5 1496 2558 37 0
0 29 170 150 228 2369 1150 0 53 202 87 61 682 2397 614 0 75 185 88 130 1319 1407 890 2
0 0 132 261 465 1473 1765 0 34 153 373 172 421 2146 797 0 0 36 547 292 208 2039 966 8
0 26 163 582 1621 871 833 0 8 136 224 764 1592 1101 271 0 50 116 260 560 1278 1473 359 0
5 183 288 530 2331 515 244 0 17 235 350 708 2124 513 149 0 10 288 211 522 2085 839 141 0
0 271 238 2133 1344 110 0 0 0 344 260 2566 853 73 0 0 1 320 266 2401 1057 51 0 0
5 165 489 988 912 1536 1 0 51 354 502 1150 1300 738 1 0 57 281 459 1041 1994 264 0 0
1 85 76 251 1660 1948 75 0 73 155 184 32 1774 1833 45 0 0 138 251 1645 488 1522 52 0
0 0 132 3497 467 0 0 0 0 0 3408 688 0 0 0 0 0 2028 2061 7 0 0 0 0
0 0 0 2064 2017 15 0 0 0 0 4060 36 0 0 0 0 0 934 3137 25 0 0 0 0
0 0 26 2874 1196 0 0 0 0 0 3630 466 0 0 0 0 0 1848 2242 6 0 0 0 0
0 0 0 2133 1963 0 0 0 0 0 501 3593 2 0 0 0 0 396 3686 14 0 0 0 0
0 0 0 2636 1460 0 0 0 0 0 1042 3054 0 0 0 0 0 224 3638 234 0 0 0 0
0 0 0 567 3529 0 0 0 0 0 15 3970 111 0 0 0 0 2 3854 240 0 0 0 0
0 0 0 0 4096 0 0 0 0 0 0 3849 247 0 0 0 0 0 3539 557 0 0 0 0
0 0 0 1457 2639 0 0 0 0 0 124 3925 47 0 0 0 0 227 3788 81 0 0 0 0
0 0 0 2373 1723 0 0 0 0 0 402 3694 0 0 0 0 0 484 3605 7 0 0 0 0
0 0 0 0 4096 0 0 0 0 0 0 3539 557 0 0 0 0 0 3228 868 0 0 0 0
0 0 0 127 3969 0 0 0 0 0 0 3831 265 0 0 0 0 1 3696 399 0 0 0 0
0 0 0 90 4006 0 0 0 0 0 0 3942 154 0 0 0 0 24 3800 272 0 0 0 0
0 0 0 0 4088 8 0 0 0 0 0 1337 2759 0 0 0 0 0 2470 1626 0 0 0 0
0 0 0 2 4071 23 0 0 0 0 0 2180 1916 0 0 0 0 63 3259 774 0 0 0 0
0 0 0 0 3517 579 0 0 0 0 0 323 3773 0 0 0 0 0 1569 2527 0 0 0 0
0 0 0 138 3797 161 0 0 0 0 71 2040 1985 0 0 0 0 415 2287 1394 0 0 0 0
57 103 295 1337 2220 84 0 0 71 171 806 1761 1287 0 0 0 166 1139 1828 951 12 0 0 0
0 0 0 94 3999 3 0 0 0 0 0 2458 1638 0 0 0 0 0 3349 747 0 0 0 0
18 66 65 276 3658 13 0 0 26 76 137 1956 1901 0 0 0 58 155 2573 1310 0 0 0 0
44 72 340 2009 1611 20 0 0 55 412 1766 1219 644 0 0 0 118 1855 1424 673 26 0 0 0
0 6 216 1375 2454 45 0 0 0 263 1274 551 2008 0 0 0 98 1431 1003 1557 7 0 0 0
1530 251 200 674 823 592 26 0 1583 358 817 453 448 428 9 0 1758 430 773 393 347 376 19 0
3308 115 78 471 124 0 0 0 3283 146 274 370 23 0 0 0 3394 250 257 193 2 0 0 0
2872 239 133 152 700 0 0 0 2851 276 147 611 211 0 0 0 3061 170 550 315 0 0 0 0
132 72 167 1270 2105 350 0 0 140 93 1030 675 2136 22 0 0 188 857 461 2492 84 14 0 0
0 0 0 39 1270 2407 380 0 0 0 0 530 1018 2541 7 0 0 0 443 1090 66 2493 4 0
0 0 0 0 0 4095 1 0 0 0 0 0 0 4096 0 0 0 0 0 0 109 3987 0 0
0 0 0 0 147 3949 0 0 0 0 0 0 1429 2667 0 0 0 0 0 60 2494 1542 0 0
0 0 10 1064 1833 1189 0 0 0 6 757 1365 1461 507 0 0 3 461 1036 1634 764 198 0 0
0 0 0 0 2112 1950 34 0 0 0 0 0 3576 520 0 0 0 0 28 3254 530 284 0 0
80 84 62 353 1513 1708 296 0 122 67 73 937 1816 1081 0 0 149 84 822 1621 611 809 0 0
0 0 0 0 1463 1900 733 0 0 0 0 25 2502 1482 87 0 0 0 64 2037 669 1230 96 0
0 0 18 30 1220 1956 872 0 0 3 28 79 2036 1777 173 0 0 17 283 1351 718 1469 258 0
2 72 90 127 977 2628 200 0 21 139 97 299 1937 1602 1 0 48 188 340 1028 1041 1401 50 0
0 0 23 250 558 3007 258 0 13 184 328 96 986 2383 106 0 0 53 410 295 1625 1521 192 0
