49 37 20 1070 1999 921 0 0 62 38 695 1857 1444 0 0 0 99 1044 1837 1116 0 0 0 0
39 36 20 77 2191 1733 0 0 74 15 29 1893 2084 1 0 0 78 707 1729 1582 0 0 0 0
0 148 621 898 1829 600 0 0 3 616 159 2000 1318 0 0 0 84 851 1387 574 1184 16 0 0
0 844 917 2319 16 0 0 0 0 1346 407 2341 2 0 0 0 216 1456 48 2074 302 0 0 0
0 1023 754 1198 1121 0 0 0 0 1258 510 1010 1254 64 0 0 283 1469 24 496 1135 666 23 0
7 1556 316 619 1331 248 19 0 43 1633 164 483 1294 473 6 0 639 1099 56 248 778 1046 229 1
13 1073 900 1454 645 11 0 0 22 1057 746 1809 455 7 0 0 411 1054 1156 983 453 39 0 0
0 76 520 1556 795 1149 0 0 239 787 1729 261 1054 26 0 0 1973 1033 2 1064 24 0 0 0
0 72 304 885 1580 1255 0 0 129 424 1855 638 1042 8 0 0 1677 1325 38 1031 25 0 0 0
130 347 727 1708 633 551 0 0 433 1338 1553 142 630 0 0 0 2462 874 135 624 1 0 0 0
90 516 1332 2090 68 0 0 0 475 1857 1756 8 0 0 0 0 2512 1526 58 0 0 0 0 0
69 437 1603 1870 44 13 39 21 434 1989 1570 28 15 32 26 2 2464 1501 54 16 29 27 5 0
117 779 2702 423 10 15 49 1 681 2631 701 14 10 52 7 0 2944 1066 15 9 30 32 0 0
117 589 1434 784 127 797 248 0 358 910 1419 312 538 558 1 0 2051 642 349 355 615 84 0 0
3 417 1372 1795 483 26 0 0 394 2076 1498 128 0 0 0 0 3014 1013 69 0 0 0 0 0
0 117 802 2056 910 211 0 0 229 1603 1914 251 99 0 0 0 2752 1119 225 0 0 0 0 0
778 599 622 1456 571 63 5 2 1101 1164 1594 209 12 9 5 2 2648 1247 160 10 12 12 5 2
91 515 726 1245 1345 169 5 0 417 1268 1838 533 37 3 0 0 1841 1988 206 50 8 3 0 0
80 448 1034 1374 871 148 108 33 354 1315 1787 435 69 99 35 2 1592 2077 214 87 85 38 3 0
30 391 887 1517 657 122 435 57 357 1044 1863 234 74 433 89 2 2051 1359 95 99 332 154 6 0
107 472 1303 1441 459 172 84 58 353 1661 1595 173 160 72 51 31 2811 911 119 95 59 48 46 7
92 403 1452 1811 331 3 4 0 482 2242 1270 95 5 2 0 0 2971 1081 38 3 3 0 0 0
88 268 659 1777 756 253 219 76 345 1125 1730 356 199 178 140 23 2054 1300 177 172 107 114 124 48
2204 376 296 586 424 202 8 0 2378 598 730 332 53 5 0 0 2910 964 200 20 2 0 0 0
515 556 270 906 1427 329 78 15 737 632 1752 711 182 70 12 0 1384 2205 368 82 43 14 0 0
397 929 476 706 1097 299 140 52 629 1011 1497 582 202 114 49 12 1272 1704 765 189 76 54 25 11
728 598 433 1106 896 179 104 52 966 803 1774 288 137 86 36 6 2037 1622 221 99 74 34 9 0
820 386 416 1241 591 364 215 63 1067 642 1347 492 312 179 55 2 2108 1086 401 274 165 40 22 0
0 0 4 16 1601 2383 91 1 0 4 99 2533 1376 77 7 0 26 3749 200 63 24 26 8 0
24 9 11 16 354 2471 1207 4 29 13 16 753 3113 164 7 1 59 1960 1997 48 14 8 8 2
0 1 11 98 914 1522 1542 8 1 19 635 431 1768 1222 20 0 102 1463 1097 627 634 166 7 0
106 54 30 48 220 882 2598 158 137 34 124 218 1225 2217 115 26 183 773 2632 249 116 84 40 19
45 85 133 73 143 952 2360 305 38 50 134 251 1363 2044 190 26 44 784 2300 553 218 80 84 33
1 8 20 129 715 853 2023 347 5 33 242 719 1037 2026 33 1 148 1140 2276 386 78 66 2 0
12 28 59 189 878 1269 1579 82 21 59 218 842 1766 1152 33 5 141 1376 1910 409 192 57 10 1
