103 1043 705 529 633 1067 14 2 83 1602 1004 1246 122 27 11 1 1560 1623 794 45 37 24 10 3
65 1041 550 429 523 1488 0 0 55 1451 877 1068 644 1 0 0 1204 1990 852 44 6 0 0 0
4 268 120 126 208 3339 31 0 0 335 242 1679 1840 0 0 0 318 3445 333 0 0 0 0 0
0 0 0 0 0 4083 13 0 0 0 0 1701 2395 0 0 0 0 4012 84 0 0 0 0 0
0 0 0 0 97 3999 0 0 0 0 0 4053 43 0 0 0 122 3974 0 0 0 0 0 0
0 0 0 2 7 4072 14 1 0 1 9 3134 951 1 0 0 2198 1897 0 1 0 0 0 0
0 0 0 0 0 3704 392 0 0 0 0 341 3755 0 0 0 35 4061 0 0 0 0 0 0
0 0 0 0 59 3235 802 0 0 0 19 189 3881 7 0 0 63 3939 94 0 0 0 0 0
0 0 0 4 20 3824 248 0 0 0 10 25 4055 6 0 0 23 3678 395 0 0 0 0 0
0 0 0 0 0 4096 0 0 0 0 0 3213 883 0 0 0 93 4003 0 0 0 0 0 0
3 3 14 55 566 2680 663 112 4 17 304 2304 1028 197 242 0 1994 1493 179 78 113 224 15 0
0 0 9 41 64 2305 1540 137 0 2 74 487 3045 225 241 22 280 2963 323 119 110 130 149 22
0 0 0 0 1 1515 2580 0 0 0 0 80 3960 56 0 0 83 3943 70 0 0 0 0 0
2 9 9 22 41 2162 1850 1 4 17 26 89 3953 7 0 0 55 3880 156 5 0 0 0 0
0 0 0 0 0 4056 40 0 0 0 0 1859 2237 0 0 0 511 3585 0 0 0 0 0 0
10 50 182 1045 2217 429 101 62 43 402 2268 1127 92 101 59 4 2867 901 112 59 86 56 12 3
0 41 30 56 98 2922 932 17 4 65 90 1961 1788 188 0 0 2410 1302 358 21 4 1 0 0
431 229 141 131 250 1664 969 281 579 215 253 1218 1291 387 135 18 1976 1060 406 252 262 110 23 7
0 0 1 6 21 2952 1114 2 0 2 12 173 3905 3 1 0 1054 3021 19 2 0 0 0 0
0 0 0 0 0 3951 145 0 0 0 0 2661 1435 0 0 0 2686 1410 0 0 0 0 0 0
165 572 247 708 1509 692 138 65 400 649 1365 1334 150 101 84 13 1936 1561 280 82 60 91 78 8
108 646 36 60 158 726 2361 1 121 663 60 534 2696 22 0 0 584 2955 552 4 1 0 0 0
672 79 56 146 255 633 2002 253 729 93 235 440 1631 712 173 83 1036 1595 718 280 177 138 108 44
310 304 221 175 214 309 2516 47 542 313 240 277 1834 874 16 0 853 1958 1088 133 49 14 1 0
0 0 0 0 0 1937 2159 0 0 0 0 112 3968 16 0 0 39 3868 189 0 0 0 0 0
427 658 124 132 498 1886 348 23 510 698 503 1461 572 271 81 0 2164 1141 291 65 88 232 107 8
172 900 212 185 316 1811 500 0 318 1063 316 1230 1164 5 0 0 2191 1562 343 0 0 0 0 0
97 372 184 196 380 1495 1216 156 360 252 339 1259 1463 223 160 40 1911 1068 449 215 174 143 93 43
880 308 240 484 683 778 666 57 1107 414 902 699 843 53 45 33 2173 1531 225 43 23 22 25 54
92 293 137 113 586 2400 475 0 315 177 645 1677 1282 0 0 0 2540 1542 14 0 0 0 0 0
996 476 445 480 339 783 412 165 1150 436 830 757 479 156 265 23 1937 1078 529 253 129 74 56 40
140 709 561 765 324 933 530 134 174 827 1164 850 788 67 207 19 1021 1598 1084 204 141 48 0 0
129 64 253 1070 284 753 1217 326 162 84 1224 658 1447 116 345 60 1248 1469 782 175 297 125 0 0
731 165 399 1389 371 458 443 140 830 512 1441 473 610 68 137 25 1787 967 1077 85 109 65 6 0
26 5 165 828 154 1476 1272 170 24 26 937 512 2184 138 269 6 1339 1732 642 99 252 31 1 0
