0 0 1 147 1089 1428 866 565 0 7 598 1553 1267 348 154 169 884 2372 541 135 32 12 12 108
0 0 0 8 847 1284 964 993 0 0 174 1640 1167 456 194 465 564 2289 661 152 72 18 19 321
0 0 0 4 640 1661 1565 226 0 0 143 1643 2025 186 47 52 474 3058 457 41 14 9 21 22
0 0 0 0 57 872 1720 1447 0 0 3 560 1920 369 99 1145 52 2070 765 66 14 25 63 1041
0 0 2 30 572 2560 903 29 0 6 149 2267 1619 55 0 0 541 3292 263 0 0 0 0 0
0 0 3 36 411 1945 1325 376 0 64 304 1614 1715 331 17 51 699 2661 657 29 15 15 14 6
0 143 358 134 406 1913 965 177 54 491 203 1629 1455 200 43 21 935 2703 411 25 16 6 0 0
0 175 693 289 577 1550 715 97 62 905 397 1405 1196 106 25 0 1486 2341 260 9 0 0 0 0
0 13 336 339 232 349 965 1862 0 551 280 322 833 794 306 1010 721 909 1055 356 77 58 71 849
0 3 121 114 119 721 2568 450 3 157 137 397 2682 715 5 0 332 2473 1288 3 0 0 0 0
0 9 153 112 249 625 2631 317 1 212 162 531 2599 590 1 0 440 2700 956 0 0 0 0 0
0 0 17 55 28 131 2660 1205 0 39 50 69 1862 1900 60 116 101 1575 2270 38 5 8 14 85
0 0 0 0 0 13 1851 2232 0 0 0 3 765 2581 264 483 0 692 2728 204 8 21 30 413
0 0 37 48 122 471 2457 961 0 74 165 376 1712 1769 0 0 458 1699 1939 0 0 0 0 0
0 0 0 0 0 57 2093 1946 0 0 0 28 622 3446 0 0 7 971 3117 1 0 0 0 0
0 0 0 0 0 0 1278 2818 0 0 0 0 116 3980 0 0 0 359 3735 2 0 0 0 0
0 0 0 0 0 0 1177 2919 0 0 0 0 52 4039 5 0 0 338 3756 2 0 0 0 0
0 0 0 0 0 926 2725 445 0 0 0 182 3317 362 39 196 53 3187 629 25 12 9 16 165
0 0 0 0 0 16 2958 1122 0 0 0 5 2671 769 107 544 2 2301 1204 45 15 9 39 481
0 0 0 0 0 26 4031 39 0 0 0 6 3976 114 0 0 2 3510 584 0 0 0 0 0
0 0 0 0 0 0 3417 679 0 0 0 0 2545 1551 0 0 0 1784 2312 0 0 0 0 0
0 0 0 0 7 32 3223 834 0 0 0 18 2158 1920 0 0 11 1874 2211 0 0 0 0 0
0 0 0 10 236 317 1360 2173 0 0 80 409 669 2104 252 582 143 815 2228 276 60 31 39 504
0 2 127 225 239 475 2045 983 1 195 282 350 1949 795 142 382 366 2041 1176 129 34 20 22 308
0 0 0 0 3 214 3395 484 0 0 2 56 2962 1076 0 0 13 2736 1347 0 0 0 0 0
0 0 0 0 0 0 1064 3032 0 0 0 0 89 3532 230 245 0 312 3411 144 22 32 33 142
0 0 0 0 0 0 2336 1760 0 0 0 0 933 3163 0 0 0 1085 3011 0 0 0 0 0
0 0 0 0 0 0 2103 1993 0 0 0 0 859 3237 0 0 0 1171 2925 0 0 0 0 0
0 0 0 0 0 0 2130 1966 0 0 0 0 712 3384 0 0 0 1333 2763 0 0 0 0 0
0 0 0 0 0 0 2074 2022 0 0 0 0 812 3284 0 0 0 1200 2896 0 0 0 0 0
0 0 0 0 0 0 1129 2967 0 0 0 0 174 3922 0 0 1 516 3575 4 0 0 0 0
0 0 0 0 0 0 888 3208 0 0 0 0 38 4058 0 0 0 324 3772 0 0 0 0 0
0 0 0 0 0 0 1246 2850 0 0 0 0 171 3924 1 0 0 506 3589 1 0 0 0 0
0 0 0 0 0 0 1661 2435 0 0 0 0 443 3653 0 0 0 524 3572 0 0 0 0 0
0 0 0 0 0 1045 3047 4 0 0 0 183 3901 12 0 0 55 3841 200 0 0 0 0 0
0 0 0 0 0 136 3953 7 0 0 0 20 4028 48 0 0 8 3766 322 0 0 0 0 0
0 0 0 0 0 10 3992 94 0 0 0 4 3910 182 0 0 1 3553 542 0 0 0 0 0
0 0 0 0 0 0 3113 983 0 0 0 0 2123 1973 0 0 0 2101 1995 0 0 0 0 0
0 0 0 0 0 0 2627 1469 0 0 0 0 1091 3005 0 0 0 1774 2322 0 0 0 0 0
0 0 0 0 0 0 2730 1366 0 0 0 0 1055 3041 0 0 0 1474 2621 1 0 0 0 0
0 0 0 0 0 89 3768 239 0 0 0 7 3403 686 0 0 0 2988 1108 0 0 0 0 0
0 0 0 0 0 7 3339 750 0 0 0 1 2474 1621 0 0 0 2668 1428 0 0 0 0 0
0 0 0 0 0 0 1878 2218 0 0 0 0 478 3618 0 0 0 1424 2672 0 0 0 0 0
0 0 1 4 15 22 2663 1391 0 3 10 28 1747 2282 26 0 6 2380 1710 0 0 0 0 0
0 2 22 47 95 105 1858 1967 0 51 92 111 826 2933 83 0 53 1504 2500 39 0 0 0 0
0 0 0 0 0 0 2044 2052 0 0 0 0 788 3308 0 0 0 1703 2393 0 0 0 0 0
0 0 0 0 0 0 2905 1191 0 0 0 0 2124 1972 0 0 0 2604 1492 0 0 0 0 0
0 0 0 0 0 1 1797 2298 0 0 0 0 703 3393 0 0 1 1187 2907 1 0 0 0 0
0 0 0 0 0 0 702 3394 0 0 0 0 159 3827 110 0 0 320 3770 6 0 0 0 0
0 0 0 0 0 0 846 3250 0 0 0 0 225 3796 75 0 1 436 3655 4 0 0 0 0
0 0 0 0 0 0 2122 1974 0 0 0 0 886 3210 0 0 0 1237 2859 0 0 0 0 0
0 0 0 0 1 314 3543 238 0 0 1 57 3296 742 0 0 28 3323 745 0 0 0 0 0
0 0 0 0 0 86 3918 92 0 0 0 12 3870 214 0 0 5 3687 404 0 0 0 0 0
0 0 0 0 0 58 4009 29 0 0 0 9 3999 88 0 0 6 3770 320 0 0 0 0 0
0 0 0 0 0 2 3440 654 0 0 0 1 2944 1151 0 0 1 2953 1142 0 0 0 0 0
0 0 0 0 0 0 2342 1754 0 0 0 0 1226 2869 1 0 0 1639 2457 0 0 0 0 0
0 0 0 0 0 0 3123 973 0 0 0 0 2177 1919 0 0 0 2533 1563 0 0 0 0 0
0 0 0 0 0 279 3785 32 0 0 0 30 3970 96 0 0 17 3830 249 0 0 0 0 0
0 0 0 0 0 42 3438 616 0 0 0 13 2878 1205 0 0 4 3211 881 0 0 0 0 0
0 0 0 0 0 0 1922 2174 0 0 0 0 878 3211 7 0 0 1627 2466 3 0 0 0 0
0 0 0 0 0 0 3384 712 0 0 0 0 2905 1191 0 0 0 3235 861 0 0 0 0 0
0 0 0 0 0 0 1306 2790 0 0 0 0 404 3692 0 0 0 1175 2921 0 0 0 0 0
0 0 0 0 0 0 1314 2782 0 0 0 0 386 3710 0 0 0 1345 2751 0 0 0 0 0
0 0 0 0 0 0 2767 1329 0 0 0 0 1993 2103 0 0 0 2769 1327 0 0 0 0 0
0 0 0 0 0 0 837 3259 0 0 0 0 297 3786 13 0 1 628 3466 1 0 0 0 0
0 0 0 0 0 0 60 4036 0 0 0 0 0 3285 811 0 0 2 4045 49 0 0 0 0
0 0 0 0 0 0 112 3984 0 0 0 0 0 3654 442 0 0 6 4064 26 0 0 0 0
0 0 0 0 0 0 454 3642 0 0 0 0 12 4077 7 0 0 117 3978 1 0 0 0 0
0 0 4 77 103 117 3218 577 0 22 142 83 2575 1274 0 0 177 2482 1437 0 0 0 0 0
0 0 0 0 1 42 3181 872 0 0 0 26 2615 1453 2 0 22 2375 1691 8 0 0 0 0
0 0 0 0 4 15 2938 1139 0 0 2 9 2011 2069 5 0 13 2252 1827 4 0 0 0 0
0 0 0 0 0 16 1754 2326 0 0 0 10 562 3488 36 0 11 1175 2887 23 0 0 0 0
0 0 0 0 0 8 722 3366 0 0 0 3 148 3871 74 0 5 466 3601 24 0 0 0 0
0 0 0 0 0 11 1152 2933 0 0 0 8 253 3711 118 6 6 679 3342 69 0 0 0 0
0 0 0 0 0 90 3237 769 0 0 0 19 2706 1252 119 0 6 2786 1239 65 0 0 0 0
0 0 0 0 17 68 2027 1984 0 0 4 57 1109 2738 187 1 37 1806 2200 53 0 0 0 0
0 0 0 0 0 0 516 3580 0 0 0 0 65 3889 142 0 0 352 3689 55 0 0 0 0
0 0 0 0 3 75 1733 2285 0 0 8 95 663 3249 81 0 64 1606 2393 33 0 0 0 0
0 0 0 0 0 0 1115 2981 0 0 0 0 187 3776 133 0 0 1051 3007 38 0 0 0 0
0 0 0 0 0 0 1565 2531 0 0 0 1 649 3236 210 0 1 1516 2508 71 0 0 0 0
0 0 0 0 0 8 1749 2339 0 0 5 23 721 3182 163 2 13 1757 2253 73 0 0 0 0
3 47 61 521 403 403 762 1896 43 258 678 415 314 2354 34 0 905 1145 2035 11 0 0 0 0
19 205 267 939 274 250 630 1512 328 2209 586 56 30 857 30 0 2938 282 855 21 0 0 0 0
0 0 67 2289 726 38 69 907 0 1324 1746 38 27 956 5 0 2867 284 938 7 0 0 0 0
0 0 87 2351 921 31 121 585 0 1263 2068 49 35 680 1 0 3067 353 676 0 0 0 0 0
0 1 40 78 247 844 2821 65 23 196 190 368 3056 263 0 0 472 2786 829 9 0 0 0 0
0 2 84 125 197 448 3001 239 24 235 193 239 2861 544 0 0 518 2367 1206 5 0 0 0 0
0 0 56 41 55 225 3193 526 12 113 107 139 2636 1089 0 0 275 2350 1469 2 0 0 0 0
0 0 0 0 5 105 2989 997 0 0 2 69 2140 1885 0 0 46 2133 1917 0 0 0 0 0
0 9 32 31 53 150 2813 1008 21 70 56 86 1900 1963 0 0 166 1993 1934 3 0 0 0 0
11 75 40 38 32 164 2976 760 98 69 44 125 2295 1465 0 0 270 2206 1616 4 0 0 0 0
0 0 0 0 14 352 3610 120 0 0 5 180 3558 353 0 0 77 3185 834 0 0 0 0 0
0 0 11 32 20 250 3275 508 7 40 46 102 2840 1061 0 0 153 2846 1096 1 0 0 0 0
1 434 607 324 202 277 1305 946 465 947 361 199 706 1414 2 2 1775 1244 1068 5 2 2 0 0
1 187 325 235 237 284 2104 723 179 487 272 293 1654 1211 0 0 1005 2103 987 1 0 0 0 0
0 0 0 0 10 193 2895 998 0 0 24 198 2437 1437 0 0 155 3008 933 0 0 0 0 0
0 33 22 10 126 515 2868 522 42 81 520 291 2566 596 0 0 729 2794 573 0 0 0 0 0
6 287 119 63 517 386 2275 443 305 522 409 188 2118 545 9 0 1251 2058 786 1 0 0 0 0
51 473 232 183 474 1563 727 393 315 537 322 1705 817 329 71 0 1342 2253 425 71 5 0 0 0
425 1353 291 206 581 463 534 243 1215 2224 558 82 4 7 6 0 2923 1127 34 11 1 0 0 0
14 545 259 365 2775 123 14 1 183 833 2308 771 1 0 0 0 2534 1556 6 0 0 0 0 0
22 95 137 227 3344 271 0 0 175 197 2312 1412 0 0 0 0 2695 1401 0 0 0 0 0 0
308 1054 258 387 475 810 735 69 1007 1090 314 442 1109 134 0 0 2299 1360 432 5 0 0 0 0
112 1097 469 295 347 460 943 373 1159 898 292 485 1084 178 0 0 2698 882 490 26 0 0 0 0
0 26 40 49 472 487 2472 550 43 608 306 410 2470 259 0 0 1526 2029 540 1 0 0 0 0
0 0 0 0 9 257 3471 359 0 0 6 77 3507 483 23 0 44 3104 944 4 0 0 0 0
424 686 162 185 219 286 1784 350 958 640 150 117 1789 405 37 0 1745 1712 634 5 0 0 0 0
159 1227 343 248 286 408 1105 320 790 1308 240 171 1217 300 70 0 2252 1269 552 23 0 0 0 0
0 0 0 0 17 1267 2456 356 0 0 7 323 3378 262 126 0 126 3480 474 16 0 0 0 0
42 725 280 234 356 533 974 952 576 1000 159 271 1591 396 103 0 2581 1203 297 15 0 0 0 0
0 60 201 128 291 254 969 2193 123 517 288 335 2310 515 8 0 3578 457 55 6 0 0 0 0
0 2 72 99 53 141 2081 1648 31 166 39 207 3224 369 60 0 1966 1851 279 0 0 0 0 0
0 0 0 4 15 165 3384 528 0 2 53 104 3371 391 175 0 135 3488 442 31 0 0 0 0
4 74 46 43 63 523 2613 730 104 102 542 1503 1631 206 8 0 2784 1207 101 4 0 0 0 0
147 653 98 81 84 477 2118 438 880 164 416 726 1728 153 29 0 2465 1420 203 8 0 0 0 0
136 983 96 53 292 790 1482 264 318 902 166 925 1475 302 8 0 998 2741 351 5 1 0 0 0
1304 2624 82 29 19 23 13 2 1803 2197 45 26 21 4 0 0 1951 2091 50 4 0 0 0 0
446 1896 388 155 182 269 276 484 1403 1668 356 204 263 199 3 0 3312 780 4 0 0 0 0 0
580 495 274 853 860 371 166 497 1235 1139 979 275 376 86 6 0 3764 332 0 0 0 0 0 0
983 616 160 404 898 1021 14 0 1709 814 310 1005 258 0 0 0 3061 1028 7 0 0 0 0 0
1030 695 136 159 783 702 469 122 1719 1161 649 387 179 1 0 0 3832 221 40 3 0 0 0 0
0 0 0 37 595 1707 1677 80 8 539 1044 1196 1302 7 0 0 2428 1631 37 0 0 0 0 0
0 0 0 3 595 2046 1452 0 0 0 83 1424 2585 4 0 0 567 3451 78 0 0 0 0 0
954 630 147 172 481 1206 504 2 1511 573 143 862 1005 2 0 0 2497 1528 69 2 0 0 0 0
885 1537 141 229 506 664 133 1 2030 1116 271 456 220 3 0 0 3493 535 66 2 0 0 0 0
0 0 1 26 796 2910 363 0 0 2 293 2272 1529 0 0 0 1194 2892 10 0 0 0 0 0
274 526 86 405 809 395 777 824 875 1087 286 885 912 51 0 0 3811 269 16 0 0 0 0 0
0 0 0 0 0 1 2719 1376 0 0 0 1797 2246 53 0 0 3760 327 9 0 0 0 0 0
0 0 10 170 156 299 2650 811 6 251 377 2385 1056 21 0 0 3908 188 0 0 0 0 0 0
0 1 35 98 235 614 3033 80 3 74 137 479 3387 16 0 0 522 3534 40 0 0 0 0 0
0 0 0 21 66 711 3008 290 0 9 611 1551 1914 11 0 0 2369 1673 54 0 0 0 0 0
0 1 2 13 135 358 2790 797 1 78 472 1707 1814 24 0 0 2895 1179 22 0 0 0 0 0
206 1172 72 77 684 1056 827 2 382 1383 1039 394 897 1 0 0 2276 1783 37 0 0 0 0 0
1784 2310 2 0 0 0 0 0 2377 1719 0 0 0 0 0 0 2638 1458 0 0 0 0 0 0
844 1608 99 70 259 648 510 58 1486 1397 801 392 20 0 0 0 3313 782 1 0 0 0 0 0
320 213 176 180 737 1424 830 216 667 976 1537 714 201 1 0 0 4059 36 1 0 0 0 0 0
378 345 148 848 1035 1329 13 0 828 1078 567 1579 44 0 0 0 3246 842 8 0 0 0 0 0
165 167 523 1162 1087 875 110 7 594 1949 691 735 123 4 0 0 3357 722 17 0 0 0 0 0
0 6 125 335 833 1515 1250 32 40 1095 555 1067 1323 16 0 0 2165 1912 19 0 0 0 0 0
0 0 0 0 21 1669 2356 50 0 0 3 1218 2840 35 0 0 712 3356 28 0 0 0 0 0
321 252 250 403 375 1271 1213 11 717 486 395 1060 1421 17 0 0 2159 1901 34 2 0 0 0 0
956 334 273 259 254 990 1000 30 1433 382 281 834 1144 22 0 0 2694 1341 57 4 0 0 0 0
0 0 0 0 39 1792 2229 36 0 0 12 1349 2712 23 0 0 1102 2987 7 0 0 0 0 0
80 303 182 948 861 670 730 322 542 1592 387 690 881 4 0 0 3553 521 22 0 0 0 0 0
0 0 0 0 0 2 2452 1642 0 0 1 1605 2490 0 0 0 4096 0 0 0 0 0 0 0
0 0 1 346 455 446 2722 126 9 715 119 1871 1345 37 0 0 2967 1116 13 0 0 0 0 0
0 0 3 299 391 1079 2258 66 6 452 133 1104 2351 50 0 0 1625 2450 21 0 0 0 0 0
944 437 51 43 165 763 1382 311 1399 69 124 1205 1262 37 0 0 2903 1179 14 0 0 0 0 0
1615 679 128 177 205 336 771 185 2319 295 277 843 361 1 0 0 3874 219 3 0 0 0 0 0
292 1206 137 520 784 1087 70 0 683 1566 1124 673 50 0 0 0 3355 739 2 0 0 0 0 0
2113 1389 211 296 78 9 0 0 2817 1145 119 13 2 0 0 0 3393 691 12 0 0 0 0 0
2408 1160 64 297 165 2 0 0 3067 906 123 0 0 0 0 0 3720 376 0 0 0 0 0 0
1293 339 375 568 946 575 0 0 1667 1389 1023 17 0 0 0 0 4079 17 0 0 0 0 0 0
51 199 153 820 1345 1435 89 4 261 692 1505 1484 147 5 0 2 3308 771 14 1 0 0 0 2
74 223 126 487 1579 1309 293 5 306 810 1490 1214 270 5 1 0 2878 1172 42 3 1 0 0 0
0 0 0 6 438 1062 2567 23 0 242 354 749 2723 28 0 0 1197 2550 349 0 0 0 0 0
0 0 0 0 7 599 3479 11 0 0 2 577 3515 2 0 0 794 3297 5 0 0 0 0 0
39 142 60 405 1087 995 1361 7 158 323 1384 891 1338 1 0 1 2755 1332 7 0 1 0 0 1
49 190 77 277 1081 1239 1182 1 225 289 1321 1169 1092 0 0 0 2828 1258 10 0 0 0 0 0
0 0 0 0 4 725 3357 10 0 0 2 713 3381 0 0 0 1118 2976 2 0 0 0 0 0
691 723 257 233 449 1010 706 27 1395 524 626 1015 535 1 0 0 3568 520 8 0 0 0 0 0
316 791 300 170 150 195 1829 345 847 641 281 1684 642 1 0 0 3675 364 44 12 1 0 0 0
28 340 195 176 128 264 2911 54 182 506 200 1145 2060 3 0 0 2384 1672 39 1 0 0 0 0
0 0 0 26 156 144 3720 50 3 152 41 197 3692 9 2 0 1310 2778 8 0 0 0 0 0
1169 858 74 76 74 208 1579 58 2020 116 97 294 1505 58 6 0 2876 1172 47 1 0 0 0 0
950 360 71 74 81 311 2151 98 1319 93 93 451 2039 94 7 0 2263 1778 55 0 0 0 0 0
623 346 53 112 1354 976 581 51 963 89 1342 1212 449 41 0 0 3121 921 53 1 0 0 0 0
0 0 1 718 3022 235 108 12 0 335 3311 319 113 18 0 0 3384 656 56 0 0 0 0 0
92 144 164 1117 2218 279 76 6 257 733 2788 224 92 2 0 0 3640 410 46 0 0 0 0 0
220 353 283 191 999 1867 130 53 615 555 1858 939 100 29 0 0 3864 218 13 1 0 0 0 0
0 0 0 149 1876 1869 138 64 0 94 1869 1845 213 74 1 0 3325 715 56 0 0 0 0 0
0 73 180 179 1418 1510 630 106 86 393 1330 1442 711 110 6 18 2366 1284 384 27 11 3 5 16
0 11 59 41 225 1103 2541 116 29 149 199 1153 2395 163 8 0 1482 2220 370 24 0 0 0 0
0 0 0 0 0 372 3596 128 0 0 0 573 3380 116 27 0 960 3026 105 5 0 0 0 0
0 0 0 5 728 1165 2096 102 0 2 721 1371 1883 101 18 0 2307 1710 77 2 0 0 0 0
0 0 0 13 1485 1448 1053 97 0 5 1558 1470 961 83 19 0 2961 1040 90 5 0 0 0 0
0 0 0 0 0 237 3706 153 0 0 0 428 3511 100 57 0 1080 2903 105 8 0 0 0 0
0 70 123 316 1646 1437 462 42 34 960 1320 1408 328 45 1 0 3244 804 47 1 0 0 0 0
189 972 510 463 247 315 1363 37 671 1308 410 401 1286 18 2 0 2564 1463 61 7 1 0 0 0
105 424 373 331 561 158 2069 75 351 1100 342 220 2018 52 13 0 2155 1851 83 6 1 0 0 0
0 0 0 0 0 21 3920 155 0 0 0 130 3847 106 13 0 910 3097 89 0 0 0 0 0
755 772 74 68 89 140 2180 18 1503 133 111 222 2127 0 0 0 2505 1591 0 0 0 0 0 0
138 277 72 64 170 258 3103 14 418 93 193 431 2961 0 0 0 1682 2411 3 0 0 0 0 0
469 970 323 152 579 1015 587 1 1329 506 469 1396 396 0 0 0 3201 890 5 0 0 0 0 0
0 1 125 176 2397 1396 1 0 19 224 2193 1660 0 0 0 0 3270 826 0 0 0 0 0 0
0 2 105 169 2058 1756 6 0 28 188 2135 1744 1 0 0 0 3552 544 0 0 0 0 0 0
0 1 63 150 1009 2804 69 0 9 153 1225 2701 8 0 0 0 3759 337 0 0 0 0 0 0
0 0 0 44 1868 2156 28 0 0 19 1593 2428 56 0 0 0 3517 579 0 0 0 0 0 0
0 0 0 20 1368 2619 89 0 0 8 1407 2654 27 0 0 0 3489 606 1 0 0 0 0 0
0 0 0 0 53 2826 1216 1 0 0 129 2940 1027 0 0 0 2468 1628 0 0 0 0 0 0
0 0 0 0 0 1201 2894 1 0 0 0 1541 2554 1 0 0 1739 2357 0 0 0 0 0 0
0 0 0 0 30 1322 2743 1 0 0 28 1691 2377 0 0 0 1942 2153 1 0 0 0 0 0
0 0 0 0 139 2619 1315 23 0 0 111 2773 1211 1 0 0 2559 1535 2 0 0 0 0 0
0 0 1 55 58 298 3641 43 0 25 84 562 3424 1 0 0 1088 3007 1 0 0 0 0 0
0 6 41 210 881 1847 1089 22 16 374 949 1900 823 34 0 0 2594 1389 112 1 0 0 0 0
0 12 69 122 721 2429 743 0 37 174 856 2564 465 0 0 0 3509 587 0 0 0 0 0 0
0 0 19 284 1212 577 1994 10 0 1079 530 697 1790 0 0 0 2622 1472 2 0 0 0 0 0
0 0 0 191 541 709 2644 11 0 22 668 1162 2244 0 0 0 1963 2131 2 0 0 0 0 0
18 274 164 191 1034 1214 1199 2 224 357 1086 1565 864 0 0 0 2908 1186 2 0 0 0 0 0
0 5 19 19 83 1557 2410 3 5 30 88 2032 1941 0 0 0 2008 2088 0 0 0 0 0 0
0 0 0 0 494 2692 910 0 0 0 385 3137 574 0 0 0 2793 1303 0 0 0 0 0 0
0 0 22 23 1648 2395 8 0 1 34 1501 2558 2 0 0 0 3400 696 0 0 0 0 0 0
0 14 107 91 979 2881 24 0 20 158 1141 2775 2 0 0 0 3589 506 1 0 0 0 0 0
0 3 96 106 531 3307 53 0 18 164 778 3120 16 0 0 0 3727 369 0 0 0 0 0 0
0 0 0 1 1090 2954 51 0 0 1 615 3431 49 0 0 0 3360 736 0 0 0 0 0 0
0 0 0 1 559 3060 476 0 0 1 657 3007 431 0 0 0 2799 1295 2 0 0 0 0 0
0 0 0 0 155 3556 385 0 0 0 331 3508 257 0 0 0 3091 1005 0 0 0 0 0 0
0 0 7 91 34 2215 1749 0 0 61 58 2462 1515 0 0 0 2025 2071 0 0 0 0 0 0
0 0 5 287 114 1873 1817 0 0 168 218 2285 1425 0 0 0 2266 1830 0 0 0 0 0 0
0 0 21 133 169 1486 1776 511 0 94 200 1693 1599 384 119 7 1566 2250 263 16 1 0 0 0
0 0 0 41 90 1054 2628 283 0 9 104 1278 2430 249 24 2 1386 2601 106 3 0 0 0 0
0 105 229 198 990 2279 295 0 70 374 1059 2412 181 0 0 0 3504 588 4 0 0 0 0 0
0 9 11 14 172 2957 928 5 6 21 332 3412 318 7 0 0 3539 536 18 3 0 0 0 0
2 70 73 251 700 2045 916 39 68 211 808 2237 696 76 0 0 2107 1594 346 49 0 0 0 0
0 0 0 53 125 1092 2826 0 0 9 165 1852 2070 0 0 0 1909 2187 0 0 0 0 0 0
2 102 64 123 872 1828 1105 0 118 121 993 2107 757 0 0 0 3112 983 1 0 0 0 0 0
0 33 127 416 420 2019 1081 0 47 377 577 2353 742 0 0 0 2927 1168 1 0 0 0 0 0
1 69 151 217 542 2776 340 0 65 320 578 2943 190 0 0 0 3336 758 2 0 0 0 0 0
0 9 112 65 190 3223 497 0 36 132 338 3472 118 0 0 0 3238 857 1 0 0 0 0 0
0 0 0 0 18 2950 1128 0 0 0 66 3659 371 0 0 0 3280 815 1 0 0 0 0 0
0 0 0 0 45 3627 424 0 0 0 107 3844 145 0 0 0 3469 627 0 0 0 0 0 0
