153 226 246 910 1745 744 39 33 243 249 759 2080 678 42 27 18 391 1423 2103 93 26 30 19 11
13 97 208 436 1637 1649 30 26 48 154 452 1822 1557 35 13 15 245 1069 2518 205 29 13 17 0
40 205 130 282 776 2346 290 27 186 281 219 919 2183 240 56 12 444 634 2341 463 164 41 9 0
25 454 288 201 485 2344 240 59 96 602 207 611 2394 120 37 29 679 466 2267 568 52 22 42 0
41 621 159 185 757 2243 72 18 196 554 190 930 2066 136 16 8 705 601 2067 658 40 11 13 1
132 119 202 469 1288 840 1013 33 948 246 357 637 544 1141 223 0 1018 554 659 446 918 501 0 0
111 67 73 293 901 1437 1182 32 314 130 162 646 1289 1118 434 3 391 320 767 1259 743 615 1 0
162 90 191 376 968 1254 962 93 573 244 340 807 980 774 371 7 764 573 926 763 613 448 9 0
147 188 234 350 721 1323 1069 64 421 290 294 635 1167 777 503 9 660 446 860 1030 553 531 16 0
119 87 146 172 501 1800 1082 189 346 149 199 283 1425 1201 416 77 432 260 427 1486 951 367 153 20
0 6 20 46 364 1676 1979 5 0 2 133 834 1738 1376 13 0 9 366 1612 1903 194 12 0 0
3 5 5 18 74 504 3425 62 9 7 11 135 1075 2787 64 8 14 86 920 2594 431 29 22 0
78 194 95 140 183 810 2404 192 146 227 157 229 1565 1507 222 43 325 418 1514 1257 392 141 45 4
156 96 84 95 109 804 2629 123 219 89 74 183 1462 1918 124 27 280 259 1482 1545 410 84 34 2
405 93 118 157 173 1167 1844 139 483 115 121 340 1837 1040 86 74 580 588 1479 1110 179 61 91 8
