0 0 0 4096 0 0 0 0 0 0 0 4096 0 0 0 0 0 0 0 4096 0 0 0 0
0 0 56 4040 0 0 0 0 0 0 56 4040 0 0 0 0 0 0 206 3890 0 0 0 0
0 0 444 3652 0 0 0 0 0 0 560 3536 0 0 0 0 0 0 1093 3003 0 0 0 0
0 0 599 3497 0 0 0 0 0 0 1019 3077 0 0 0 0 0 0 1896 2200 0 0 0 0
0 0 434 3662 0 0 0 0 0 0 730 3366 0 0 0 0 0 0 1759 2337 0 0 0 0
0 0 904 3192 0 0 0 0 0 0 1397 2699 0 0 0 0 0 0 3023 1073 0 0 0 0
0 0 1776 2320 0 0 0 0 0 0 2478 1618 0 0 0 0 0 0 3909 187 0 0 0 0
0 0 2889 1207 0 0 0 0 0 0 3361 735 0 0 0 0 0 0 4023 73 0 0 0 0
0 0 3437 659 0 0 0 0 0 0 3822 274 0 0 0 0 0 0 4085 11 0 0 0 0
0 0 2413 1683 0 0 0 0 0 0 3321 775 0 0 0 0 0 0 4074 22 0 0 0 0
0 0 804 3292 0 0 0 0 0 0 2634 1462 0 0 0 0 0 0 4055 41 0 0 0 0
0 0 862 3234 0 0 0 0 0 0 2929 1167 0 0 0 0 0 0 4090 6 0 0 0 0
0 0 876 3220 0 0 0 0 0 0 2959 1137 0 0 0 0 0 0 4075 21 0 0 0 0
0 0 844 3252 0 0 0 0 0 0 3156 940 0 0 0 0 0 0 4082 14 0 0 0 0
0 0 677 3419 0 0 0 0 0 0 3292 804 0 0 0 0 0 0 4082 14 0 0 0 0
0 0 930 3166 0 0 0 0 0 0 3498 598 0 0 0 0 0 0 4096 0 0 0 0 0
0 0 2031 2065 0 0 0 0 0 0 3901 195 0 0 0 0 0 0 4095 1 0 0 0 0
22 511 2252 1303 3 0 2 3 99 450 3377 162 3 1 1 3 371 185 3518 14 3 1 1 3
278 464 718 1143 191 430 277 595 245 511 1324 529 201 413 266 607 199 554 1714 140 241 357 246 645
0 0 1152 2940 2 2 0 0 0 0 2786 1306 2 2 0 0 0 0 3934 158 2 2 0 0
0 0 1061 3035 0 0 0 0 0 0 3437 659 0 0 0 0 0 0 4037 59 0 0 0 0
0 0 903 3193 0 0 0 0 0 0 2886 1210 0 0 0 0 0 0 4032 64 0 0 0 0
0 0 616 3480 0 0 0 0 0 0 2080 2016 0 0 0 0 0 0 4032 64 0 0 0 0
0 0 1255 2841 0 0 0 0 0 0 2647 1449 0 0 0 0 0 0 4032 64 0 0 0 0
0 0 1180 2901 15 0 0 0 0 0 2085 2001 10 0 0 0 0 0 4031 65 0 0 0 0
0 0 0 4096 0 0 0 0 0 0 0 4096 0 0 0 0 0 0 0 4096 0 0 0 0
0 0 0 4096 0 0 0 0 0 0 0 4096 0 0 0 0 0 0 0 4096 0 0 0 0
0 0 0 4096 0 0 0 0 0 0 1 4095 0 0 0 0 0 0 119 3977 0 0 0 0
0 0 0 4096 0 0 0 0 0 0 0 4096 0 0 0 0 0 0 27 4069 0 0 0 0
0 0 0 4096 0 0 0 0 0 0 0 4096 0 0 0 0 0 0 393 3703 0 0 0 0
0 0 95 4001 0 0 0 0 0 0 222 3874 0 0 0 0 0 0 1542 2554 0 0 0 0
0 0 367 3729 0 0 0 0 0 0 772 3324 0 0 0 0 0 0 2631 1465 0 0 0 0
0 0 396 3700 0 0 0 0 0 0 857 3239 0 0 0 0 0 0 3229 867 0 0 0 0
0 0 958 3138 0 0 0 0 0 0 1877 2219 0 0 0 0 0 0 3674 422 0 0 0 0
0 0 1140 2956 0 0 0 0 0 0 1846 2250 0 0 0 0 0 0 3877 219 0 0 0 0
0 0 553 3543 0 0 0 0 0 0 1052 3044 0 0 0 0 0 0 3586 510 0 0 0 0
0 0 694 3402 0 0 0 0 0 0 2196 1900 0 0 0 0 0 0 4029 67 0 0 0 0
0 0 705 3391 0 0 0 0 0 0 2521 1575 0 0 0 0 0 0 4080 16 0 0 0 0
0 0 296 3800 0 0 0 0 0 0 1945 2151 0 0 0 0 0 0 4030 66 0 0 0 0
0 0 101 3534 11 19 22 409 0 0 1514 2123 10 20 22 407 0 0 3424 215 12 18 20 407
0 0 214 2328 49 59 101 1345 0 0 1041 1493 51 56 119 1336 0 0 2302 222 36 49 96 1391
10 88 427 2165 103 173 231 899 28 73 1451 1151 105 171 231 886 26 77 2294 326 85 172 225 891
25 483 786 2699 49 23 11 20 144 374 2438 1052 44 12 12 20 235 290 3321 185 23 10 11 21
24 1917 357 638 171 145 169 675 14 1931 643 359 171 141 150 687 5 1892 859 165 160 148 132 735
0 0 478 3618 0 0 0 0 0 0 2588 1508 0 0 0 0 0 0 4094 2 0 0 0 0
0 0 798 3298 0 0 0 0 0 0 3432 664 0 0 0 0 0 0 4096 0 0 0 0 0
0 0 236 3860 0 0 0 0 0 0 2363 1733 0 0 0 0 0 0 4096 0 0 0 0 0
0 0 402 3694 0 0 0 0 0 0 2709 1387 0 0 0 0 0 0 4096 0 0 0 0 0
0 0 1569 2527 0 0 0 0 0 0 2826 1270 0 0 0 0 0 0 4096 0 0 0 0 0
0 0 2822 1274 0 0 0 0 0 0 2927 1169 0 0 0 0 0 0 4096 0 0 0 0 0
0 0 0 4096 0 0 0 0 0 0 0 4096 0 0 0 0 0 0 0 4096 0 0 0 0
0 0 0 4096 0 0 0 0 0 0 0 4096 0 0 0 0 0 0 0 4096 0 0 0 0
0 0 0 4096 0 0 0 0 0 0 0 4096 0 0 0 0 0 0 0 4096 0 0 0 0
0 0 0 4096 0 0 0 0 0 0 0 4096 0 0 0 0 0 0 143 3953 0 0 0 0
0 0 1 4095 0 0 0 0 0 0 4 4092 0 0 0 0 0 0 226 3870 0 0 0 0
0 0 8 4088 0 0 0 0 0 0 20 4076 0 0 0 0 0 0 275 3821 0 0 0 0
0 0 9 4087 0 0 0 0 0 0 38 4058 0 0 0 0 0 0 1562 2534 0 0 0 0
0 0 176 3920 0 0 0 0 0 0 326 3770 0 0 0 0 0 0 2475 1621 0 0 0 0
0 0 131 3965 0 0 0 0 0 0 355 3741 0 0 0 0 0 0 2820 1276 0 0 0 0
0 0 84 4012 0 0 0 0 0 0 250 3846 0 0 0 0 0 0 2550 1546 0 0 0 0
0 0 43 3876 11 7 12 147 0 0 163 3756 11 8 12 146 0 0 2267 1652 12 8 12 145
0 0 47 2960 17 20 21 1031 0 0 160 2849 17 22 17 1031 0 0 2222 786 18 19 20 1031
0 0 209 2298 44 35 37 1473 0 0 466 2046 41 33 38 1472 0 0 1793 720 38 35 35 1475
0 2 657 1739 40 32 34 1592 0 3 1038 1360 41 30 34 1590 0 10 1995 400 36 30 36 1589
0 17 924 1848 20 19 15 1253 0 20 1271 1500 19 20 16 1250 0 37 2303 451 18 19 16 1252
0 8 841 2864 49 41 48 245 0 8 1389 2316 44 43 47 249 0 8 3293 393 36 42 53 271
0 0 99 2274 56 67 59 1541 0 0 607 1768 55 68 63 1535 0 0 1840 533 57 67 61 1538
0 0 245 2251 36 33 38 1493 0 0 1141 1358 37 33 38 1489 0 0 2172 329 30 36 34 1495
343 2000 167 589 37 51 183 726 323 2013 259 504 34 52 166 745 225 1984 788 96 15 53 99 836
0 0 178 3918 0 0 0 0 0 0 1443 2653 0 0 0 0 0 0 4093 3 0 0 0 0
0 0 189 3907 0 0 0 0 0 0 1217 2879 0 0 0 0 0 0 4074 22 0 0 0 0
0 0 223 3873 0 0 0 0 0 0 1724 2372 0 0 0 0 0 0 4096 0 0 0 0 0
0 0 705 3391 0 0 0 0 0 0 2842 1254 0 0 0 0 0 0 4095 1 0 0 0 0
0 0 2104 1992 0 0 0 0 0 0 2839 1257 0 0 0 0 0 0 4096 0 0 0 0 0
0 0 3059 1037 0 0 0 0 0 0 3065 1031 0 0 0 0 0 0 4096 0 0 0 0 0
0 0 0 4095 1 0 0 0 0 0 0 4095 1 0 0 0 0 0 0 4095 1 0 0 0
0 0 0 4096 0 0 0 0 0 0 0 4096 0 0 0 0 0 0 0 4096 0 0 0 0
0 0 0 4096 0 0 0 0 0 0 0 4096 0 0 0 0 0 0 0 4096 0 0 0 0
0 0 0 4096 0 0 0 0 0 0 0 4096 0 0 0 0 0 0 0 4096 0 0 0 0
0 0 31 3955 36 32 30 12 0 0 65 3922 35 34 28 12 0 0 457 3532 35 29 31 12
0 0 24 3759 26 23 20 244 0 0 34 3748 27 24 19 244 0 0 149 3631 24 26 21 245
0 0 7 3263 28 21 31 746 0 0 24 3247 27 20 30 748 0 0 575 2694 28 20 28 751
0 0 156 2804 46 31 50 1009 0 0 229 2733 44 31 53 1006 0 0 1215 1745 46 26 53 1011
0 0 339 2521 45 33 38 1120 0 0 447 2413 46 32 37 1121 0 0 1509 1351 44 33 36 1123
0 6 489 2314 41 37 44 1165 0 6 568 2237 40 37 43 1165 0 11 1319 1481 40 36 44 1165
0 11 615 2234 29 22 29 1156 0 12 729 2120 29 23 27 1156 0 17 1627 1216 27 23 27 1159
0 11 979 2682 19 13 17 375 0 12 1202 2458 19 12 18 375 0 18 2613 1041 19 13 16 376
0 12 829 3255 0 0 0 0 0 14 1064 3018 0 0 0 0 0 20 3189 887 0 0 0 0
0 14 1183 2899 0 0 0 0 0 15 1625 2456 0 0 0 0 0 42 3493 561 0 0 0 0
0 11 1507 2578 0 0 0 0 0 15 2041 2040 0 0 0 0 0 59 3700 337 0 0 0 0
0 10 1121 2965 0 0 0 0 0 10 1951 2135 0 0 0 0 0 24 3741 331 0 0 0 0
0 0 443 2739 23 58 33 800 0 0 1437 1746 22 57 34 800 0 0 2977 206 33 49 35 796
0 0 418 3678 0 0 0 0 0 0 2092 2004 0 0 0 0 0 0 4025 71 0 0 0 0
1282 2112 154 540 8 0 0 0 1251 2138 327 372 8 0 0 0 1086 2023 914 62 11 0 0 0
0 0 145 3951 0 0 0 0 0 0 1609 2487 0 0 0 0 0 0 4077 19 0 0 0 0
0 0 529 3567 0 0 0 0 0 0 2824 1272 0 0 0 0 0 0 4096 0 0 0 0 0
0 0 197 3899 0 0 0 0 0 0 1760 2336 0 0 0 0 0 0 4096 0 0 0 0 0
0 0 618 3478 0 0 0 0 0 0 3047 1049 0 0 0 0 0 0 4095 1 0 0 0 0
0 0 2774 1322 0 0 0 0 0 0 3645 451 0 0 0 0 0 0 4093 3 0 0 0 0
0 0 3640 456 0 0 0 0 0 0 3640 456 0 0 0 0 0 0 4096 0 0 0 0 0
0 0 0 4093 3 0 0 0 0 0 0 4093 3 0 0 0 0 0 0 4095 1 0 0 0
0 0 0 4096 0 0 0 0 0 0 0 4096 0 0 0 0 0 0 0 4096 0 0 0 0
0 0 0 4096 0 0 0 0 0 0 0 4096 0 0 0 0 0 0 0 4096 0 0 0 0
114 33 80 3770 3 27 16 53 114 33 80 3769 4 27 7 62 114 33 84 3765 3 24 9 64
319 34 978 1487 151 120 191 816 319 34 1055 1410 151 113 177 837 319 36 1274 1185 140 107 139 896
0 0 1553 1908 30 15 22 568 0 0 1576 1885 29 16 22 568 0 6 1903 1552 26 16 22 571
0 0 1141 2757 22 12 23 141 0 0 1233 2665 22 11 24 141 0 2 1653 2241 23 11 20 146
0 0 1108 2988 0 0 0 0 0 0 1214 2882 0 0 0 0 0 2 1826 2268 0 0 0 0
0 3 954 3139 0 0 0 0 0 7 1070 3019 0 0 0 0 0 13 1892 2191 0 0 0 0
0 5 1068 3023 0 0 0 0 0 8 1232 2856 0 0 0 0 0 13 2648 1435 0 0 0 0
0 6 1061 3029 0 0 0 0 0 7 1262 2827 0 0 0 0 0 23 2732 1341 0 0 0 0
0 10 1122 2964 0 0 0 0 0 11 1366 2719 0 0 0 0 0 22 3174 900 0 0 0 0
0 17 1178 2901 0 0 0 0 0 19 1517 2560 0 0 0 0 0 27 3312 757 0 0 0 0
0 14 1394 2688 0 0 0 0 0 16 1786 2294 0 0 0 0 0 43 3405 648 0 0 0 0
0 17 1599 2480 0 0 0 0 0 27 2068 2001 0 0 0 0 0 72 3572 452 0 0 0 0
0 32 1183 2881 0 0 0 0 0 47 2037 2012 0 0 0 0 0 105 3652 339 0 0 0 0
0 0 472 2615 41 44 29 895 0 0 1777 1314 42 43 26 894 0 0 2926 170 43 42 30 885
0 0 865 3231 0 0 0 0 0 0 2431 1665 0 0 0 0 0 0 4034 62 0 0 0 0
971 2129 240 580 37 26 26 87 985 2083 424 430 37 24 27 86 868 1470 1373 204 35 26 29 91
0 0 286 3571 26 27 64 122 0 0 1557 2301 27 25 66 120 0 0 3535 324 27 25 62 123
0 0 874 3222 0 0 0 0 0 0 2816 1280 0 0 0 0 0 0 4096 0 0 0 0 0
0 0 969 3127 0 0 0 0 0 0 2905 1191 0 0 0 0 0 0 4093 3 0 0 0 0
0 0 2113 1983 0 0 0 0 0 0 3815 281 0 0 0 0 0 0 4096 0 0 0 0 0
0 0 3493 603 0 0 0 0 0 0 3870 226 0 0 0 0 0 0 4096 0 0 0 0 0
0 0 3924 172 0 0 0 0 0 0 3943 153 0 0 0 0 0 0 4096 0 0 0 0 0
0 0 0 4088 8 0 0 0 0 0 0 4088 8 0 0 0 0 0 0 4092 4 0 0 0
0 0 0 4092 4 0 0 0 0 0 0 4092 4 0 0 0 0 0 0 4096 0 0 0 0
0 0 0 4096 0 0 0 0 0 0 0 4096 0 0 0 0 0 0 0 4096 0 0 0 0
208 64 81 3549 76 65 18 35 210 63 88 3551 81 49 23 31 207 65 133 3519 95 23 23 31
604 74 391 2479 49 73 35 391 605 73 397 2472 51 74 31 393 596 82 599 2270 49 74 33 393
0 0 1015 3081 0 0 0 0 0 0 1038 3058 0 0 0 0 0 0 1536 2560 0 0 0 0
0 0 1375 2721 0 0 0 0 0 1 1513 2582 0 0 0 0 0 2 2269 1825 0 0 0 0
0 0 1118 2978 0 0 0 0 0 0 1215 2881 0 0 0 0 0 0 1971 2125 0 0 0 0
0 2 986 3108 0 0 0 0 0 3 1097 2996 0 0 0 0 0 13 1926 2157 0 0 0 0
0 5 1164 2927 0 0 0 0 0 6 1393 2697 0 0 0 0 0 20 2771 1305 0 0 0 0
0 8 1056 3032 0 0 0 0 0 10 1269 2817 0 0 0 0 0 26 2644 1426 0 0 0 0
0 22 961 3113 0 0 0 0 0 24 1161 2911 0 0 0 0 0 47 2860 1189 0 0 0 0
0 14 1025 3055 2 0 0 0 0 16 1567 2512 1 0 0 0 0 42 3354 700 0 0 0 0
0 23 1073 3000 0 0 0 0 0 28 1366 2702 0 0 0 0 0 78 3326 692 0 0 0 0
0 46 862 3188 0 0 0 0 0 52 1250 2794 0 0 0 0 0 102 3482 512 0 0 0 0
0 39 638 3419 0 0 0 0 0 50 1163 2883 0 0 0 0 0 82 3577 437 0 0 0 0
0 0 41 3063 21 20 55 896 0 0 496 2610 20 20 54 896 0 0 2833 274 23 18 52 896
0 0 79 4017 0 0 0 0 0 0 399 3697 0 0 0 0 0 0 4014 82 0 0 0 0
1270 2072 304 414 10 9 12 5 1256 1927 471 402 14 9 12 5 1213 887 1763 191 14 10 10 8
62 36 87 2756 148 99 185 723 66 32 407 2437 141 101 183 729 63 35 1769 1063 134 109 159 764
0 0 461 3635 0 0 0 0 0 0 2037 2059 0 0 0 0 0 0 4088 8 0 0 0 0
0 0 968 3128 0 0 0 0 0 0 2874 1222 0 0 0 0 0 0 4096 0 0 0 0 0
0 0 1590 2506 0 0 0 0 0 0 3134 962 0 0 0 0 0 0 4095 1 0 0 0 0
0 0 2456 1640 0 0 0 0 0 0 3648 448 0 0 0 0 0 0 4096 0 0 0 0 0
0 0 3878 218 0 0 0 0 0 0 3880 216 0 0 0 0 0 0 4096 0 0 0 0 0
0 0 0 4092 4 0 0 0 0 0 0 4092 4 0 0 0 0 0 0 4093 3 0 0 0
0 0 0 4088 8 0 0 0 0 0 0 4088 8 0 0 0 0 0 1 4095 0 0 0 0
0 0 0 4088 8 0 0 0 0 0 0 4090 6 0 0 0 0 0 0 4094 2 0 0 0
238 62 13 3759 6 3 3 12 238 62 14 3756 8 3 3 12 238 62 47 3727 4 3 1 14
660 60 376 2510 66 54 83 287 660 60 366 2520 67 52 83 288 658 62 657 2226 69 50 75 299
0 0 809 3287 0 0 0 0 0 0 936 3160 0 0 0 0 0 3 1575 2518 0 0 0 0
0 1 1088 3007 0 0 0 0 0 1 1185 2910 0 0 0 0 0 4 1765 2327 0 0 0 0
0 0 996 3100 0 0 0 0 0 0 1117 2979 0 0 0 0 0 2 1703 2391 0 0 0 0
0 1 936 3159 0 0 0 0 0 1 1048 3047 0 0 0 0 0 4 2026 2066 0 0 0 0
0 0 993 3103 0 0 0 0 0 3 1303 2790 0 0 0 0 0 12 2968 1116 0 0 0 0
0 7 828 3261 0 0 0 0 0 8 1098 2990 0 0 0 0 0 15 2743 1338 0 0 0 0
0 7 733 3356 0 0 0 0 0 8 991 3097 0 0 0 0 0 21 2948 1127 0 0 0 0
0 7 751 3338 0 0 0 0 0 11 1250 2835 0 0 0 0 0 55 3425 616 0 0 0 0
0 13 617 3466 0 0 0 0 0 27 797 3272 0 0 0 0 0 63 3041 992 0 0 0 0
0 11 605 3480 0 0 0 0 0 27 935 3134 0 0 0 0 1 47 3190 858 0 0 0 0
0 13 429 3654 0 0 0 0 0 33 634 3429 0 0 0 0 0 96 3065 935 0 0 0 0
0 0 58 2382 71 15 25 1545 0 0 217 2225 70 17 24 1543 0 0 1693 750 68 14 26 1545
0 0 42 3329 18 15 18 674 0 0 284 3087 18 16 19 672 0 0 2660 711 19 16 18 672
1147 1973 263 513 22 11 10 157 1140 1674 609 475 17 14 6 161 1102 623 1993 176 17 17 3 165
0 0 3 3985 27 36 18 27 0 0 75 3920 36 22 18 25 0 0 3822 182 37 14 16 25
0 0 41 4055 0 0 0 0 0 0 421 3675 0 0 0 0 0 0 4079 17 0 0 0 0
0 0 125 3971 0 0 0 0 0 0 610 3486 0 0 0 0 0 0 4096 0 0 0 0 0
0 0 244 3852 0 0 0 0 0 0 1611 2485 0 0 0 0 0 0 4096 0 0 0 0 0
0 0 790 3306 0 0 0 0 0 0 2539 1557 0 0 0 0 0 0 4096 0 0 0 0 0
0 0 3520 576 0 0 0 0 0 0 3748 348 0 0 0 0 0 0 4096 0 0 0 0 0
0 0 0 4087 9 0 0 0 0 0 0 4087 9 0 0 0 0 0 0 4095 1 0 0 0
0 0 0 4092 4 0 0 0 0 0 0 4093 3 0 0 0 0 0 0 4096 0 0 0 0
0 0 0 4092 4 0 0 0 0 0 0 4093 3 0 0 0 0 0 1 4095 0 0 0 0
221 54 6 3765 11 2 7 30 220 55 4 3767 11 2 7 30 218 57 13 3756 13 2 6 31
577 84 143 2233 145 105 176 633 588 74 176 2205 141 102 166 644 577 84 398 1991 143 79 143 681
0 0 711 2735 43 38 38 531 0 0 822 2626 40 39 37 532 0 3 1341 2103 40 36 37 536
0 0 1053 3042 1 0 0 0 0 0 1220 2875 1 0 0 0 0 3 1910 2182 1 0 0 0
0 2 948 3146 0 0 0 0 0 4 1075 3017 0 0 0 0 0 5 1749 2342 0 0 0 0
0 1 1046 3049 0 0 0 0 0 1 1147 2948 0 0 0 0 0 11 1958 2127 0 0 0 0
0 9 890 3197 0 0 0 0 0 12 1242 2842 0 0 0 0 0 31 2874 1191 0 0 0 0
0 7 731 3358 0 0 0 0 0 9 1009 3078 0 0 0 0 0 28 2720 1348 0 0 0 0
0 6 663 3427 0 0 0 0 0 11 919 3166 0 0 0 0 0 47 3374 675 0 0 0 0
0 8 645 3443 0 0 0 0 0 8 1113 2975 0 0 0 0 0 67 3668 361 0 0 0 0
0 10 592 3494 0 0 0 0 0 21 883 3192 0 0 0 0 0 60 3324 712 0 0 0 0
0 34 556 3506 0 0 0 0 0 62 766 3268 0 0 0 0 0 122 3629 345 0 0 0 0
0 16 461 3619 0 0 0 0 0 43 610 3443 0 0 0 0 0 99 3584 413 0 0 0 0
0 0 6 2943 40 22 66 1019 0 0 56 2899 34 31 64 1012 0 0 2400 559 33 35 61 1008
0 0 25 3423 15 17 18 598 0 0 133 3317 13 18 20 595 0 0 3195 255 14 16 18 598
1155 1826 271 489 6 16 28 305 1164 1470 685 422 6 16 17 316 1159 384 2106 90 7 5 26 319
0 0 126 3970 0 0 0 0 0 0 753 3343 0 0 0 0 0 0 4088 8 0 0 0 0
0 0 838 3258 0 0 0 0 0 0 2250 1846 0 0 0 0 0 0 4093 3 0 0 0 0
0 0 1597 2499 0 0 0 0 0 0 3181 915 0 0 0 0 0 0 4096 0 0 0 0 0
0 0 2440 1656 0 0 0 0 0 0 3478 618 0 0 0 0 0 0 4096 0 0 0 0 0
0 0 2998 1098 0 0 0 0 0 0 3837 259 0 0 0 0 0 0 4096 0 0 0 0 0
0 0 3850 246 0 0 0 0 0 0 4092 4 0 0 0 0 0 0 4096 0 0 0 0 0
0 0 0 4094 2 0 0 0 0 0 0 4090 6 0 0 0 0 0 7 4089 0 0 0 0
0 0 0 4096 0 0 0 0 0 0 0 4096 0 0 0 0 0 0 9 4087 0 0 0 0
0 0 0 4096 0 0 0 0 0 0 0 4096 0 0 0 0 0 0 14 4082 0 0 0 0
264 31 57 3712 24 4 4 0 265 31 56 3722 18 2 2 0 267 35 74 3703 13 4 0 0
592 100 47 3299 29 10 13 6 623 76 64 3281 22 10 14 6 648 55 72 3274 19 7 15 6
0 0 2 3783 22 17 19 253 0 0 10 3776 21 17 20 252 0 0 407 3379 22 18 17 253
0 0 173 2886 49 43 52 893 0 0 331 2729 48 45 50 893 0 0 1668 1392 49 41 51 895
0 0 482 2493 55 41 49 976 0 0 561 2418 54 39 49 975 0 0 1194 1787 53 39 47 976
0 0 812 2205 34 27 29 989 0 0 929 2090 33 28 28 988 0 5 1896 1117 34 30 26 988
0 4 1078 2696 23 17 18 260 0 10 1711 2059 21 17 19 259 0 57 3098 625 20 18 18 260
0 3 773 3318 2 0 0 0 0 6 1160 2930 0 0 0 0 0 40 3269 787 0 0 0 0
0 12 813 3271 0 0 0 0 0 18 1190 2888 0 0 0 0 0 92 3420 584 0 0 0 0
0 25 826 3245 0 0 0 0 0 40 1591 2465 0 0 0 0 0 141 3681 274 0 0 0 0
0 17 732 3347 0 0 0 0 0 29 1206 2861 0 0 0 0 0 138 3518 440 0 0 0 0
0 19 832 3245 0 0 0 0 0 28 1480 2588 0 0 0 0 0 109 3833 154 0 0 0 0
0 8 508 3580 0 0 0 0 0 18 882 3196 0 0 0 0 0 70 3812 214 0 0 0 0
0 0 61 3027 33 42 31 902 0 0 259 2834 28 50 23 902 0 0 2848 250 25 49 23 901
0 0 21 4075 0 0 0 0 0 0 136 3960 0 0 0 0 0 0 4060 36 0 0 0 0
1367 1873 267 589 0 0 0 0 1351 1584 608 553 0 0 0 0 1313 588 2074 121 0 0 0 0
0 0 236 3860 0 0 0 0 0 0 814 3282 0 0 0 0 0 0 4074 22 0 0 0 0
0 0 453 3643 0 0 0 0 0 0 1461 2635 0 0 0 0 0 0 4095 1 0 0 0 0
0 0 792 3304 0 0 0 0 0 0 1986 2110 0 0 0 0 0 0 4096 0 0 0 0 0
0 0 889 3207 0 0 0 0 0 0 2468 1628 0 0 0 0 0 0 4094 2 0 0 0 0
0 0 1735 2361 0 0 0 0 0 0 3546 550 0 0 0 0 0 0 4096 0 0 0 0 0
0 0 3479 617 0 0 0 0 0 0 3874 222 0 0 0 0 0 0 4096 0 0 0 0 0
0 0 0 4092 4 0 0 0 0 0 0 4088 8 0 0 0 0 0 2 4093 1 0 0 0
0 0 0 4096 0 0 0 0 0 0 0 4096 0 0 0 0 0 0 7 4089 0 0 0 0
0 0 0 4094 2 0 0 0 0 0 0 4095 1 0 0 0 0 0 2 4094 0 0 0 0
253 3 64 3771 5 0 0 0 256 0 64 3771 5 0 0 0 256 0 75 3765 0 0 0 0
716 52 64 3262 2 0 0 0 761 7 64 3263 1 0 0 0 768 0 73 3255 0 0 0 0
0 42 51 4002 1 0 0 0 3 40 54 3999 0 0 0 0 8 37 285 3766 0 0 0 0
9 237 65 3785 0 0 0 0 25 222 81 3768 0 0 0 0 34 215 692 3155 0 0 0 0
171 272 64 3589 0 0 0 0 191 254 102 3549 0 0 0 0 261 191 1018 2626 0 0 0 0
362 261 72 3263 10 13 11 104 395 235 142 3186 11 13 10 104 364 270 1050 2275 12 12 10 103
518 316 69 2188 30 24 23 928 519 313 149 2117 26 22 23 927 591 249 962 1297 28 19 29 921
742 290 138 1519 49 35 38 1285 745 290 165 1492 47 35 38 1284 751 299 457 1187 47 34 38 1283
678 523 182 1232 36 28 50 1367 690 515 204 1208 38 31 47 1363 704 512 580 823 36 31 47 1363
533 263 249 1504 32 25 36 1454 585 222 366 1376 34 27 35 1451 574 257 1036 681 34 27 34 1453
82 188 328 2098 18 19 27 1336 100 187 396 2014 18 18 29 1334 94 235 1345 1023 15 19 28 1337
605 479 416 1923 6 17 16 634 610 486 527 1800 7 16 17 633 630 509 1425 858 7 13 17 637
1172 612 359 1895 5 5 4 44 1182 655 371 1831 4 5 5 43 1191 714 1496 637 5 5 3 45
1027 397 318 1457 20 18 40 819 1083 453 347 1323 13 20 43 814 1217 504 1143 345 11 20 45 811
1447 374 739 1536 0 0 0 0 1452 652 833 1159 0 0 0 0 1847 574 1609 66 0 0 0 0
1543 2126 218 209 0 0 0 0 1514 2140 289 153 0 0 0 0 1534 1256 1295 11 0 0 0 0
1503 320 1041 1232 0 0 0 0 1546 845 672 1033 0 0 0 0 2320 531 1223 22 0 0 0 0
1555 353 1041 1147 0 0 0 0 1560 986 906 644 0 0 0 0 2588 457 1049 2 0 0 0 0
1629 310 1202 955 0 0 0 0 1738 997 877 484 0 0 0 0 2901 350 836 9 0 0 0 0
1710 208 1618 560 0 0 0 0 1765 1133 982 216 0 0 0 0 2941 520 635 0 0 0 0 0
1680 213 1607 596 0 0 0 0 1735 1210 1099 52 0 0 0 0 2963 692 441 0 0 0 0 0
1715 205 1729 447 0 0 0 0 1749 1013 1281 53 0 0 0 0 3039 758 299 0 0 0 0 0
878 1102 132 1468 516 0 0 0 920 1093 651 1432 0 0 0 0 585 2368 260 883 0 0 0 0
1172 799 136 1189 800 0 0 0 1220 793 602 1481 0 0 0 0 1030 2197 176 693 0 0 0 0
779 1165 132 1322 698 0 0 0 779 1181 906 1230 0 0 0 0 481 2823 278 514 0 0 0 0
461 1561 196 1202 673 2 1 0 491 1580 962 1057 4 2 0 0 469 2971 357 296 2 1 0 0
1374 947 113 1155 503 3 1 0 1405 933 1113 620 23 2 0 0 1207 2493 307 85 3 1 0 0
904 959 88 1499 634 12 0 0 891 1010 1455 598 142 0 0 0 713 2943 328 112 0 0 0 0
871 785 66 1665 708 1 0 0 841 826 1644 657 128 0 0 0 683 2777 560 76 0 0 0 0
594 865 69 1737 827 4 0 0 572 911 1651 821 141 0 0 0 297 2949 783 67 0 0 0 0
727 569 99 1740 961 0 0 0 711 614 1724 965 82 0 0 0 647 2574 839 36 0 0 0 0
782 335 184 1770 1025 0 0 0 787 410 1812 1083 4 0 0 0 1008 2076 1008 4 0 0 0 0
694 220 160 1787 1235 0 0 0 713 276 1791 1316 0 0 0 0 923 1916 1251 6 0 0 0 0
522 185 284 1614 1490 1 0 0 532 325 1668 1525 46 0 0 0 838 1859 1399 0 0 0 0 0
353 165 385 1509 1684 0 0 0 385 374 1541 1796 0 0 0 0 858 1729 1509 0 0 0 0 0
85 105 234 1622 1831 8 9 202 88 219 1552 2014 8 8 9 198 398 1737 1730 11 5 9 8 198
0 0 51 945 2032 20 17 1031 0 12 845 2160 21 19 16 1023 10 1303 1701 14 16 16 16 1020
0 1 151 205 1850 37 48 1804 0 86 197 1894 44 40 43 1792 54 464 1632 55 26 40 50 1775
0 0 137 409 1488 68 92 1902 0 63 401 1524 80 54 106 1868 85 584 1271 88 56 67 113 1832
0 0 409 1063 889 35 36 1664 0 215 1095 1026 40 33 39 1648 523 981 793 56 33 30 40 1640
1348 1917 105 178 245 15 12 276 1326 1964 195 289 23 11 13 275 1373 1880 470 64 13 7 12 277
1 38 180 1148 2729 0 0 0 0 70 1036 2935 55 0 0 0 219 1754 2053 70 0 0 0 0
0 0 293 1274 2508 21 0 0 0 0 1057 2868 171 0 0 0 130 1693 2097 176 0 0 0 0
0 0 516 1149 2431 0 0 0 0 2 1186 2839 69 0 0 0 97 1841 2110 48 0 0 0 0
0 0 774 1347 1975 0 0 0 0 0 1278 2814 4 0 0 0 13 1899 2184 0 0 0 0 0
0 19 895 1521 1661 0 0 0 0 0 1349 2747 0 0 0 0 0 1750 2346 0 0 0 0 0
0 0 941 1858 1297 0 0 0 0 0 1413 2683 0 0 0 0 0 1931 2165 0 0 0 0 0
0 0 0 47 1362 2683 4 0 0 0 39 1070 2952 35 0 0 0 428 1916 1752 0 0 0 0
0 0 0 220 1539 2337 0 0 0 0 224 1231 2604 37 0 0 0 529 2547 1020 0 0 0 0
0 0 44 218 1677 2157 0 0 0 0 150 1231 2715 0 0 0 0 356 3092 648 0 0 0 0
58 32 289 133 1515 2069 0 0 67 23 95 1189 2711 11 0 0 76 245 2564 1127 79 5 0 0
202 162 460 158 1471 1642 1 0 188 101 229 1296 1955 327 0 0 252 309 2041 1084 224 186 0 0
0 0 777 89 1451 1779 0 0 0 0 123 1689 2284 0 0 0 0 110 2712 1273 1 0 0 0
0 0 954 142 2375 625 0 0 0 0 779 2414 903 0 0 0 0 172 2862 1062 0 0 0 0
0 0 966 161 2553 416 0 0 0 0 904 2454 738 0 0 0 0 157 2892 1047 0 0 0 0
0 0 946 148 2221 781 0 0 0 0 952 2072 1072 0 0 0 0 125 2986 985 0 0 0 0
0 0 969 150 2086 891 0 0 0 0 1062 1784 1250 0 0 0 0 184 3185 727 0 0 0 0
0 0 991 180 2040 885 0 0 0 0 1119 1945 1032 0 0 0 13 354 2907 822 0 0 0 0
0 41 1075 275 2380 325 0 0 0 54 1206 2294 542 0 0 0 9 267 3254 566 0 0 0 0
0 13 1084 252 2086 661 0 0 0 20 1232 2053 791 0 0 0 5 359 3415 317 0 0 0 0
0 0 966 230 2388 512 0 0 0 0 1131 2176 789 0 0 0 0 438 3391 267 0 0 0 0
0 0 976 237 2353 530 0 0 0 0 1160 2138 798 0 0 0 0 627 3430 39 0 0 0 0
0 0 969 269 2162 696 0 0 0 11 1178 1722 1185 0 0 0 9 313 3669 105 0 0 0 0
0 17 846 421 1733 933 22 124 0 64 1215 1475 1177 22 19 124 12 453 3256 197 20 18 23 117
0 3 954 264 1499 1064 41 271 0 42 1117 926 1600 115 38 258 9 247 3088 226 204 39 51 232
1168 1694 153 52 279 300 46 404 1141 1748 143 174 407 30 27 426 1053 1871 454 113 133 18 6 448
0 140 906 79 1835 1136 0 0 0 150 916 1577 1453 0 0 0 8 501 3495 92 0 0 0 0
0 0 688 89 1932 1387 0 0 0 0 724 1651 1721 0 0 0 0 384 3711 1 0 0 0 0
0 0 456 87 2275 1278 0 0 0 0 498 2108 1490 0 0 0 0 759 3337 0 0 0 0 0
0 0 209 82 2646 1159 0 0 0 0 231 2070 1795 0 0 0 0 509 3580 7 0 0 0 0
0 0 8 34 2577 1477 0 0 0 0 32 2310 1754 0 0 0 0 577 3503 16 0 0 0 0
0 0 0 0 3117 979 0 0 0 0 0 2557 1539 0 0 0 0 933 2930 233 0 0 0 0
0 0 893 217 160 2538 288 0 0 0 0 1153 1967 976 0 0 0 0 642 3278 176 0 0 0
0 0 883 229 118 2387 479 0 0 0 4 1131 1339 1622 0 0 0 0 86 3879 131 0 0 0
0 0 896 80 133 2932 55 0 0 0 15 1012 2363 706 0 0 0 0 734 3344 18 0 0 0
0 0 601 131 107 3193 64 0 0 0 24 745 2860 467 0 0 0 0 1382 2700 14 0 0 0
0 107 280 101 225 3277 106 0 0 0 141 539 2712 704 0 0 0 59 1471 2555 11 0 0 0
0 0 149 79 89 3711 68 0 0 0 46 195 2606 1249 0 0 0 0 1076 2178 322 520 0 0
0 0 32 64 393 3590 17 0 0 0 48 242 3317 489 0 0 8 52 2445 1391 64 136 0 0
0 0 44 83 143 3801 25 0 0 5 102 71 3718 200 0 0 21 95 2407 1573 0 0 0 0
0 0 57 71 300 3644 24 0 0 11 94 194 3461 336 0 0 18 96 2462 1479 41 0 0 0
0 0 86 69 155 3768 18 0 0 53 77 93 3617 256 0 0 26 102 2972 861 123 12 0 0
0 0 115 79 169 3730 3 0 0 63 94 138 3652 149 0 0 43 114 2669 1205 65 0 0 0
0 78 191 87 241 3497 2 0 0 205 116 178 3483 114 0 0 21 298 2481 1294 2 0 0 0
0 0 132 86 510 3359 9 0 0 4 144 427 3258 263 0 0 3 33 3082 978 0 0 0 0
0 0 228 222 515 3104 27 0 0 0 223 445 3312 116 0 0 0 22 2978 1096 0 0 0 0
0 0 477 224 624 2771 0 0 0 0 282 791 3012 11 0 0 0 59 2922 1112 3 0 0 0
0 0 231 85 240 3540 0 0 0 0 170 216 3710 0 0 0 0 6 3674 416 0 0 0 0
0 0 0 0 215 3881 0 0 0 0 0 86 4010 0 0 0 0 4 4080 12 0 0 0 0
4 4 8 13 254 3579 134 100 4 4 6 107 3557 177 129 112 4 22 3457 122 123 129 114 125
1706 1250 248 126 165 416 107 78 1754 1352 171 143 342 166 91 77 1447 1783 292 182 159 80 89 64
229 278 63 171 549 2583 201 22 232 384 223 384 2512 202 141 18 273 568 2523 390 84 178 69 11
0 0 0 7 454 3632 3 0 0 120 188 171 3617 0 0 0 35 321 3729 11 0 0 0 0
0 0 0 2 121 3973 0 0 0 8 22 50 4016 0 0 0 4 50 4040 2 0 0 0 0
0 0 0 0 92 4004 0 0 0 0 0 28 4058 10 0 0 0 6 4080 10 0 0 0 0
0 0 0 0 206 3890 0 0 0 0 0 105 3973 18 0 0 0 40 3954 52 50 0 0 0
0 0 0 0 285 3811 0 0 0 0 0 63 3945 88 0 0 0 9 3628 278 181 0 0 0
0 0 37 96 85 2208 1670 0 0 0 106 70 924 2916 80 0 0 105 177 3248 339 207 20 0
0 0 15 98 78 1434 2471 0 0 0 82 75 624 3211 104 0 0 95 79 2876 781 262 3 0
0 0 9 116 67 1672 2232 0 0 0 87 73 459 3457 20 0 0 86 107 2890 805 208 0 0
0 0 14 105 67 2083 1827 0 0 0 81 79 775 3161 0 0 0 73 147 3406 330 140 0 0
0 0 30 79 78 2414 1495 0 0 6 82 63 991 2954 0 0 10 91 98 3570 228 99 0 0
0 0 32 94 56 2293 1621 0 0 0 97 55 1300 2644 0 0 3 100 97 3605 222 69 0 0
0 0 0 4 12 2790 1290 0 0 0 3 8 861 3131 93 0 0 6 66 2871 471 575 107 0
0 0 0 0 0 2895 1201 0 0 0 0 0 878 3116 102 0 0 0 41 3284 377 290 104 0
0 0 0 0 0 2249 1847 0 0 0 0 0 970 3126 0 0 0 0 221 3616 227 32 0 0
0 0 0 0 0 2684 1412 0 0 0 0 0 1328 2768 0 0 0 0 211 3757 128 0 0 0
0 0 0 0 2 3265 829 0 0 0 0 0 2277 1819 0 0 0 0 845 3107 128 16 0 0
0 0 0 0 0 4004 92 0 0 0 0 1 2765 1330 0 0 0 0 1117 2748 213 18 0 0
0 0 0 0 0 3859 237 0 0 0 0 0 2651 1445 0 0 0 0 1195 2662 239 0 0 0
0 0 0 0 3 3700 393 0 0 0 0 0 2306 1790 0 0 0 0 1494 2329 261 12 0 0
0 0 33 31 15 3126 891 0 0 0 2 64 2073 1957 0 0 0 0 1305 2495 239 57 0 0
0 0 276 145 151 3258 266 0 0 0 66 392 2253 1385 0 0 0 0 1161 2630 232 73 0 0
0 0 302 256 217 3285 36 0 0 0 103 510 3161 322 0 0 0 0 2390 1694 12 0 0 0
0 0 61 50 48 3936 1 0 0 0 10 119 3906 61 0 0 0 0 3232 857 7 0 0 0
960 311 1107 975 91 631 15 6 963 571 894 970 616 64 12 6 975 1212 712 1098 33 48 12 6
993 297 143 325 805 1170 292 71 984 304 149 389 1161 746 290 73 920 346 465 765 677 650 182 91
0 0 0 0 13 4058 25 0 0 0 0 5 3245 846 0 0 0 6 2987 683 224 196 0 0
0 0 0 5 294 3783 14 0 0 115 162 93 3288 438 0 0 33 271 3184 432 101 75 0 0
0 0 0 2 325 3750 19 0 0 119 193 103 3388 293 0 0 39 300 3401 356 0 0 0 0
0 0 0 1 335 3730 30 0 0 132 190 116 3348 310 0 0 27 318 3237 514 0 0 0 0
0 0 0 0 127 3944 25 0 0 40 78 36 3798 144 0 0 10 118 3806 162 0 0 0 0
0 0 0 0 0 343 3753 0 0 0 0 0 160 3877 59 0 0 0 11 2741 1285 54 5 0
0 0 0 0 0 530 3566 0 0 0 0 0 295 3787 14 0 0 0 84 2886 1126 0 0 0
0 0 0 0 0 621 3475 0 0 0 0 0 364 3727 5 0 0 0 18 2770 1308 0 0 0
0 0 0 0 0 801 3295 0 0 0 0 0 596 3472 28 0 0 0 1 3222 873 0 0 0
0 0 0 0 0 1637 2459 0 0 0 0 0 974 3122 0 0 0 0 88 3644 364 0 0 0
0 0 0 0 0 474 3622 0 0 0 0 0 326 3766 4 0 0 0 8 3601 487 0 0 0
0 0 0 0 0 1185 2911 0 0 0 0 0 860 3221 15 0 0 0 123 3849 124 0 0 0
0 0 0 0 0 1301 2795 0 0 0 0 0 528 3362 206 0 0 0 60 3274 250 419 93 0
0 0 0 0 0 1770 2326 0 0 0 0 0 676 3023 397 0 0 0 91 2838 497 401 269 0
0 0 0 0 0 2313 1783 0 0 0 0 0 1603 2493 0 0 0 0 365 3725 6 0 0 0
0 0 0 0 0 1945 2151 0 0 0 0 0 1188 2908 0 0 0 0 304 3777 15 0 0 0
0 0 0 0 0 2527 1569 0 0 0 0 0 1732 2364 0 0 0 0 465 3622 9 0 0 0
0 0 0 0 0 2440 1656 0 0 0 0 0 1537 2559 0 0 0 0 766 3330 0 0 0 0
0 0 0 0 0 2210 1886 0 0 0 0 0 1402 2694 0 0 0 0 733 3363 0 0 0 0
0 0 0 0 0 2585 1511 0 0 0 0 0 1958 2138 0 0 0 0 1469 2600 27 0 0 0
0 0 0 0 0 1424 2672 0 0 0 0 0 777 3319 0 0 0 0 498 3598 0 0 0 0
0 0 0 0 0 2033 2063 0 0 0 0 0 666 3389 41 0 0 0 133 3636 85 221 21 0
0 0 235 116 97 2514 1134 0 0 0 16 350 937 2783 10 0 0 0 391 2731 288 669 17 0
2316 210 297 308 92 636 237 0 2394 234 185 364 419 500 0 0 2525 244 266 1040 21 0 0 0
115 292 262 237 140 2651 398 1 197 250 151 347 1661 1483 7 0 335 211 1263 2116 163 3 5 0
0 0 0 8 22 3894 172 0 0 0 0 17 3175 904 0 0 0 3 2802 1288 3 0 0 0
0 0 0 2 6 3691 397 0 0 0 1 2 2133 1960 0 0 0 0 2340 1514 126 116 0 0
0 0 0 0 0 3548 548 0 0 0 0 0 2158 1938 0 0 0 0 1938 1736 201 221 0 0
0 0 0 0 27 3793 276 0 0 0 0 0 2183 1913 0 0 0 0 2123 1609 157 206 1 0
0 0 0 0 210 3590 296 0 0 86 119 60 2319 1512 0 0 9 202 1863 1629 160 233 0 0
0 0 0 0 0 242 3854 0 0 0 0 0 32 3843 221 0 0 0 0 3267 612 78 136 3
0 0 0 0 5 789 3302 0 0 0 0 5 537 3554 0 0 0 0 103 3658 335 0 0 0
0 0 0 0 0 525 3571 0 0 0 0 0 427 3656 13 0 0 0 23 3536 537 0 0 0
0 0 0 0 0 733 3363 0 0 0 0 0 585 3511 0 0 0 0 39 3367 690 0 0 0
0 0 0 0 0 114 3982 0 0 0 0 0 54 4042 0 0 0 0 4 3485 607 0 0 0
0 0 0 0 0 120 3976 0 0 0 0 0 21 4075 0 0 0 0 0 3315 781 0 0 0
0 0 0 0 0 164 3932 0 0 0 0 0 53 4042 1 0 0 0 18 3821 257 0 0 0
0 0 0 0 0 105 3991 0 0 0 0 0 51 4029 16 0 0 0 9 3620 467 0 0 0
0 0 0 0 0 361 3735 0 0 0 0 0 104 3745 247 0 0 0 16 3521 275 113 171 0
0 0 0 0 0 684 3412 0 0 0 0 0 298 2856 942 0 0 0 84 2628 316 403 665 0
0 0 0 0 4 322 3770 0 0 0 0 4 186 3861 45 0 0 0 139 3417 495 27 18 0
0 0 0 0 0 308 3788 0 0 0 0 0 251 3823 22 0 0 0 127 3582 365 18 4 0
0 0 0 0 0 762 3334 0 0 0 0 0 447 3408 241 0 0 0 206 3451 147 226 66 0
0 0 0 0 0 510 3586 0 0 0 0 0 172 3645 279 0 0 0 41 3504 208 215 128 0
0 0 0 0 0 374 3722 0 0 0 0 0 173 3668 255 0 0 0 97 3387 249 284 79 0
0 0 0 46 29 813 3208 0 0 0 0 48 270 3525 253 0 0 0 92 3357 255 323 69 0
0 0 0 199 75 342 3480 0 0 0 0 197 107 3685 107 0 0 0 14 3384 411 254 33 0
0 0 1 199 84 129 3683 0 0 0 0 199 101 3796 0 0 0 0 4 3913 179 0 0 0
2418 244 103 144 59 97 1031 0 2542 174 124 100 55 1101 0 0 2641 205 47 1173 30 0 0 0
22 230 148 297 138 867 2394 0 91 184 38 404 338 3041 0 0 254 66 92 3469 215 0 0 0
0 0 303 560 260 1427 1546 0 0 0 7 883 599 2607 0 0 0 0 155 3458 482 1 0 0
0 0 282 226 98 1858 1632 0 0 0 3 521 910 2662 0 0 0 0 860 2782 454 0 0 0
0 0 0 0 0 1943 2153 0 0 0 0 0 995 3101 0 0 0 0 961 3135 0 0 0 0
0 0 0 0 2 2303 1791 0 0 0 0 0 1319 2777 0 0 0 0 1327 2769 0 0 0 0
0 0 0 0 0 2375 1721 0 0 0 0 0 1266 2830 0 0 0 0 1281 2815 0 0 0 0
0 0 0 0 0 77 4017 2 0 0 0 0 24 3824 248 0 0 0 0 1956 1906 93 141 0
0 0 0 0 0 142 3954 0 0 0 0 0 84 3646 366 0 0 0 19 2590 1098 176 213 0
0 0 0 0 0 118 3977 1 0 0 0 0 78 3470 548 0 0 0 22 1956 1671 252 195 0
0 0 0 82 52 199 3763 0 0 0 0 41 195 3493 367 0 0 0 2 1279 2406 193 216 0
0 0 0 188 110 155 3643 0 0 0 0 117 200 3447 332 0 0 0 0 949 2720 244 183 0
0 0 0 190 111 565 3230 0 0 0 0 142 577 3057 320 0 0 0 99 1763 1848 196 190 0
0 0 0 202 96 299 3498 1 0 0 0 183 203 3416 294 0 0 0 15 1319 2381 204 177 0
0 0 0 204 99 148 3645 0 0 0 0 192 115 3423 366 0 0 0 0 2226 1485 232 153 0
0 0 0 210 81 183 3621 1 0 0 0 184 151 3427 334 0 0 0 9 2167 1572 218 130 0
0 0 3 215 83 586 3208 1 0 0 0 210 408 3154 324 0 0 0 159 2253 1299 205 180 0
0 0 0 217 92 253 3534 0 0 0 0 210 104 2523 1259 0 0 0 14 1514 1225 440 903 0
0 0 0 202 93 153 3646 2 0 0 0 185 113 2485 1313 0 0 0 0 1210 2268 319 298 1
0 0 3 204 95 428 3366 0 0 0 0 212 334 3429 121 0 0 0 135 2773 1167 21 0 0
0 0 0 215 94 323 3464 0 0 0 0 217 157 3712 10 0 0 0 24 3666 406 0 0 0
0 0 0 212 98 236 3550 0 0 0 0 217 121 3746 12 0 0 0 10 3618 468 0 0 0
0 0 3 145 65 79 3804 0 0 0 0 151 72 3872 1 0 0 0 3 3772 321 0 0 0
0 0 0 0 3 52 4041 0 0 0 0 0 40 4045 11 0 0 0 20 3383 693 0 0 0
0 0 0 0 0 0 4096 0 0 0 0 0 0 4071 25 0 0 0 0 3886 210 0 0 0
2286 288 75 94 33 40 1280 0 2382 239 118 28 34 1289 6 0 2547 203 42 1258 46 0 0 0
5 335 59 18 19 91 3569 0 67 304 44 14 68 3587 12 0 380 40 61 3572 43 0 0 0
0 0 0 0 0 95 4001 0 0 0 0 0 2 4082 12 0 0 0 2 3912 182 0 0 0
0 0 261 129 58 346 3302 0 0 0 0 387 109 3599 1 0 0 0 50 3570 476 0 0 0
0 0 752 207 56 376 2705 0 0 0 0 955 175 2963 3 0 0 0 74 3025 994 3 0 0
0 0 0 0 0 342 3754 0 0 0 0 0 114 3982 0 0 0 0 136 3960 0 0 0 0
0 0 0 0 0 281 3815 0 0 0 0 0 30 4066 0 0 0 0 118 3978 0 0 0 0
0 0 0 204 95 223 3574 0 0 0 0 142 257 3322 375 0 0 0 14 1477 2598 7 0 0
0 0 0 202 118 129 3647 0 0 0 0 164 197 3082 653 0 0 0 0 1623 2455 18 0 0
0 0 4 209 94 159 3629 1 0 0 0 172 176 3599 149 0 0 0 29 3131 936 0 0 0
0 0 0 89 72 88 3847 0 0 0 0 44 146 3422 484 0 0 0 8 1808 2265 15 0 0
0 0 0 0 0 2 4091 3 0 0 0 0 0 3322 774 0 0 0 0 115 3981 0 0 0
0 0 0 0 0 27 4058 11 0 0 0 0 65 2129 1902 0 0 0 2 585 3507 2 0 0
0 0 0 0 0 188 3908 0 0 0 0 0 164 3698 234 0 0 0 28 3231 837 0 0 0
0 0 0 0 0 77 4019 0 0 0 0 0 50 4046 0 0 0 0 0 3442 654 0 0 0
0 0 0 0 0 14 4082 0 0 0 0 0 5 3988 103 0 0 0 1 3259 836 0 0 0
0 0 0 0 0 0 4096 0 0 0 0 0 0 3777 319 0 0 0 0 1672 2424 0 0 0
0 0 0 0 0 0 4096 0 0 0 0 0 0 4063 33 0 0 0 0 3089 1007 0 0 0
0 0 0 0 0 1 4094 1 0 0 0 0 0 2641 1455 0 0 0 0 1198 1769 232 896 1
0 0 0 0 0 11 4085 0 0 0 0 0 3 2929 1164 0 0 0 0 1038 2414 113 529 2
0 0 0 0 0 3 4093 0 0 0 0 0 0 3951 145 0 0 0 0 1776 2320 0 0 0
0 0 0 0 0 0 4096 0 0 0 0 0 0 4044 52 0 0 0 0 3509 587 0 0 0
0 0 0 0 0 23 4072 1 0 0 0 0 9 3914 173 0 0 0 3 3188 905 0 0 0
0 0 0 0 0 0 4096 0 0 0 0 0 0 4049 47 0 0 0 0 3738 358 0 0 0
0 0 0 0 0 1 4095 0 0 0 0 0 0 4024 72 0 0 0 0 3660 436 0 0 0
1728 736 68 110 22 44 1388 0 2260 259 104 36 37 1376 24 0 2345 284 51 1222 194 0 0 0
0 381 99 32 26 105 3453 0 17 461 23 35 95 3441 24 0 476 35 108 3366 111 0 0 0
0 0 136 230 56 334 3340 0 0 0 0 350 295 3358 93 0 0 0 195 3239 620 42 0 0
0 0 487 542 108 149 2809 1 0 0 0 1003 143 2690 260 0 0 0 1 2308 1746 41 0 0
0 0 80 62 17 23 3910 4 0 0 0 141 21 3523 411 0 0 0 1 2909 1180 6 0 0
0 0 31 120 36 60 3849 0 0 0 0 140 69 3864 23 0 0 0 5 3304 779 8 0 0
0 0 44 389 96 128 3439 0 0 0 0 387 160 3536 13 0 0 0 2 3221 838 35 0 0
0 0 79 550 104 141 3216 6 0 0 0 350 392 1946 1408 0 0 0 0 605 3210 281 0 0
0 0 66 317 78 101 3533 1 0 0 0 276 199 2632 989 0 0 0 1 1694 2259 142 0 0
0 0 0 0 3 82 4011 0 0 0 0 0 66 3722 308 0 0 0 58 3325 713 0 0 0
0 0 0 0 0 16 4080 0 0 0 0 0 6 4060 30 0 0 0 0 3316 780 0 0 0
0 0 0 0 0 21 4068 7 0 0 0 0 20 3049 1027 0 0 0 0 493 3603 0 0 0
0 0 0 0 0 3 4076 17 0 0 0 0 2 1911 2183 0 0 0 0 619 3465 12 0 0
0 0 0 0 0 7 4089 0 0 0 0 0 22 3035 1039 0 0 0 3 1173 2920 0 0 0
0 0 0 0 0 33 4063 0 0 0 0 0 16 3950 130 0 0 0 2 3181 913 0 0 0
0 0 0 0 0 31 4064 1 0 0 0 0 13 3240 843 0 0 0 0 1717 2379 0 0 0
0 0 0 0 0 3 4067 26 0 0 0 0 1 3190 905 0 0 0 0 1586 2510 0 0 0
0 0 0 0 0 1 4095 0 0 0 0 0 1 3253 842 0 0 0 0 1174 2922 0 0 0
0 0 0 0 0 0 4087 9 0 0 0 0 0 2916 1180 0 0 0 0 868 3228 0 0 0
0 0 0 0 0 1 4090 5 0 0 0 0 0 2282 1814 0 0 0 0 168 3100 149 667 12
0 0 0 0 0 11 4084 1 0 0 0 0 0 1714 2382 0 0 0 0 356 2597 205 933 5
0 0 0 0 0 35 4055 6 0 0 0 0 0 3102 994 0 0 0 0 1862 2234 0 0 0
0 0 0 2 6 18 4069 1 0 0 0 3 10 3990 93 0 0 0 0 3073 1017 6 0 0
0 0 9 368 49 52 3618 0 0 0 0 163 271 3479 183 0 0 0 0 2453 1484 159 0 0
0 0 49 792 131 106 3018 0 0 0 0 396 587 3091 22 0 0 0 3 2610 1126 357 0 0
1438 860 150 421 105 125 997 0 2119 290 83 269 267 1066 2 0 2243 221 119 973 447 93 0 0
4 478 214 698 191 231 2280 0 61 492 45 655 380 2435 28 0 505 94 23 1972 1390 112 0 0
0 0 141 552 133 162 3091 17 0 0 0 560 298 2582 656 0 0 0 10 2003 1956 127 0 0
0 0 72 347 90 235 3338 14 0 0 0 380 225 2491 1000 0 0 0 89 2062 1831 114 0 0
0 0 84 332 90 140 3442 8 0 0 0 375 154 3237 330 0 0 0 13 2909 1140 34 0 0
0 0 70 202 59 121 3626 18 0 0 0 255 109 2864 868 0 0 1 31 2108 1839 90 27 0
0 0 0 0 1 106 3989 0 0 0 0 0 77 3171 848 0 0 0 68 2459 1569 0 0 0
0 0 0 0 0 0 4095 1 0 0 0 0 0 3132 964 0 0 0 0 642 3454 0 0 0
0 0 5 131 30 63 3864 3 0 0 0 103 75 3457 461 0 0 0 0 1725 2322 49 0 0
0 0 144 346 91 177 3336 2 0 0 0 456 204 3415 21 0 0 2 50 2943 1010 91 0 0
0 0 62 425 136 178 3294 1 0 0 0 380 278 3075 363 0 0 0 3 1927 2049 117 0 0
0 0 63 595 134 152 3151 1 0 0 0 375 431 1991 1299 0 0 0 0 529 3222 345 0 0
0 0 68 729 143 177 2954 25 0 0 0 379 572 1633 1512 0 0 0 0 674 2930 492 0 0
0 0 81 698 171 157 2964 25 0 0 0 500 456 1472 1668 0 0 0 0 263 3234 599 0 0
0 0 14 735 177 203 2953 14 0 0 0 217 715 2467 697 0 0 0 0 895 2794 407 0 0
0 0 30 743 154 214 2952 3 0 0 0 358 593 2562 583 0 0 0 0 267 3558 271 0 0
0 0 29 766 165 185 2951 0 0 0 0 574 462 2105 955 0 0 0 11 610 3130 343 2 0
0 0 18 729 90 106 3149 4 0 0 0 139 702 2353 902 0 0 0 0 638 3006 452 0 0
0 0 14 553 105 117 3304 3 0 0 0 190 489 2396 1021 0 0 0 0 557 3249 290 0 0
0 0 0 463 91 105 3437 0 0 0 0 69 487 2463 1077 0 0 0 0 331 3509 256 0 0
0 0 0 395 97 108 3460 36 0 0 0 54 443 1776 1823 0 0 0 0 240 3243 341 219 53
0 0 0 411 107 116 3421 41 0 0 0 49 456 553 3037 1 0 0 0 40 2314 608 1001 133
0 0 7 467 109 112 3329 72 0 0 0 61 528 1058 2448 1 0 0 0 424 3290 315 54 13
0 0 0 269 50 49 3688 40 0 0 0 49 273 3175 599 0 0 0 0 1495 2471 130 0 0
0 0 0 0 6 19 4065 6 0 0 0 0 11 3861 224 0 0 0 2 2802 1292 0 0 0
1309 899 115 71 81 65 1512 44 1905 351 123 122 50 1198 347 0 2143 212 142 1143 454 2 0 0
29 477 154 28 39 428 2871 70 85 584 381 94 157 2547 248 0 621 438 194 2631 212 0 0 0
0 0 0 0 0 492 3553 51 0 57 408 73 105 3385 68 0 0 477 106 3060 453 0 0 0
0 0 0 0 10 457 3536 93 0 141 315 69 65 2761 745 0 5 467 78 2069 1477 0 0 0
0 0 0 0 3 466 3541 86 0 35 409 65 66 2207 1314 0 0 440 94 1383 2179 0 0 0
0 0 0 0 11 460 3483 142 0 32 404 74 69 2059 1458 0 0 447 84 1191 2336 38 0 0
0 0 0 0 10 472 3519 95 0 31 411 67 61 3025 501 0 0 449 78 1566 2003 0 0 0
0 0 20 376 84 95 3521 0 0 0 0 163 316 2841 776 0 0 0 0 513 3318 265 0 0
0 0 19 377 93 104 3502 1 0 0 0 243 262 3508 83 0 0 0 0 2785 1248 63 0 0
0 0 67 326 96 94 3511 2 0 0 0 287 212 3417 180 0 0 0 0 2933 1021 142 0 0
0 0 63 289 43 78 3623 0 0 0 0 265 144 3515 172 0 0 0 0 2503 1519 74 0 0
0 0 8 153 45 48 3840 2 0 0 0 124 81 3128 763 0 0 0 0 1724 2332 40 0 0
0 0 0 5 11 14 4051 15 0 0 0 1 15 2621 1459 0 0 0 0 909 3159 28 0 0
0 0 0 0 0 18 3566 512 0 0 0 0 2 1157 2937 0 0 0 0 267 3782 47 0 0
0 0 0 0 0 0 4079 17 0 0 0 0 0 2379 1717 0 0 0 0 460 3636 0 0 0
0 0 0 0 0 19 4009 68 0 0 9 8 7 1502 2570 0 0 8 11 128 3949 0 0 0
0 0 0 0 0 204 3774 118 0 1 310 45 29 1686 2025 0 0 268 89 37 3686 16 0 0
0 0 0 0 0 360 3595 141 0 24 459 62 68 1110 2373 0 0 412 134 98 3451 1 0 0
0 0 0 0 0 347 3506 243 0 2 466 70 69 1605 1884 0 0 373 171 90 3462 0 0 0
0 0 0 0 0 377 3515 204 0 0 468 73 68 2035 1452 0 0 322 214 369 3187 4 0 0
0 0 0 0 0 352 3546 198 0 0 455 76 72 1781 1712 0 0 273 270 307 3245 1 0 0
0 0 0 0 0 325 3604 167 0 1 444 82 65 1031 2473 0 0 268 263 264 3155 32 106 8
0 0 0 0 3 93 3758 242 0 0 100 32 33 449 3474 8 0 60 70 76 2124 274 1322 170
0 0 0 0 0 337 3533 226 0 0 442 81 74 1468 2025 6 0 366 166 237 2912 50 235 130
0 0 0 0 0 372 3651 73 0 23 446 69 67 2890 601 0 0 454 101 1259 2282 0 0 0
1245 834 87 93 119 184 1501 33 1631 484 272 153 57 1363 136 0 2019 302 202 715 858 0 0 0
26 588 139 39 17 46 3212 29 187 550 49 19 41 2821 427 2 710 87 17 2421 857 2 2 0
0 0 0 0 0 10 4078 8 0 0 0 0 8 3399 689 0 0 0 0 3078 1018 0 0 0
0 0 0 0 0 9 4087 0 0 0 0 0 2 3769 325 0 0 0 1 2920 1175 0 0 0
0 0 0 0 0 0 4096 0 0 0 0 0 0 2939 1157 0 0 0 0 1026 3070 0 0 0
0 0 0 0 0 0 4082 14 0 0 0 0 0 2386 1710 0 0 0 0 1065 3031 0 0 0
0 0 0 0 0 0 4018 78 0 0 0 0 0 1249 2847 0 0 0 0 291 3805 0 0 0
0 0 0 0 3 371 3663 59 0 54 332 35 32 2875 768 0 0 379 43 1531 2143 0 0 0
0 0 0 0 8 568 3469 51 0 233 297 61 70 3231 204 0 1 527 72 1874 1622 0 0 0
0 0 0 0 47 548 3472 29 0 289 250 73 84 3372 28 0 4 543 81 3072 396 0 0 0
0 0 0 0 18 559 3436 83 0 323 197 62 58 2853 603 0 10 525 66 1860 1635 0 0 0
0 0 0 0 13 515 3465 103 0 195 324 62 75 2322 1118 0 1 500 94 1546 1954 1 0 0
0 0 0 0 4 498 3522 72 0 164 355 64 85 2191 1237 0 0 513 84 1428 2071 0 0 0
0 0 0 0 9 412 3438 237 0 43 455 76 74 1040 2408 0 0 484 103 139 3369 1 0 0
0 0 0 0 1 447 3455 193 0 98 410 57 73 2641 817 0 0 500 70 652 2867 7 0 0
0 0 0 0 0 412 3564 120 0 35 451 58 54 2088 1410 0 0 459 88 476 3073 0 0 0
0 0 0 0 2 133 3897 64 0 0 171 37 36 1630 2222 0 0 116 94 57 3829 0 0 0
0 0 0 0 0 1 4057 38 0 0 0 0 0 1355 2741 0 0 0 0 14 4082 0 0 0
0 0 0 0 0 4 4047 45 0 0 0 0 0 1312 2784 0 0 0 0 204 3892 0 0 0
0 0 0 0 0 0 4066 30 0 0 0 0 0 1459 2637 0 0 0 0 35 4061 0 0 0
0 0 0 0 0 0 3968 128 0 0 0 0 0 1468 2628 0 0 0 0 97 3989 10 0 0
0 0 0 0 0 9 4039 48 0 0 0 0 6 2144 1946 0 0 0 2 80 4014 0 0 0
0 0 0 0 0 7 4069 20 0 0 0 0 5 2430 1661 0 0 0 0 280 3816 0 0 0
0 0 0 0 0 0 4029 67 0 0 0 0 0 569 3521 6 0 0 0 33 2562 224 1066 211
0 0 0 0 0 0 4035 61 0 0 0 0 0 525 3555 16 0 0 0 31 3078 171 558 258
1054 926 72 108 91 48 1749 48 1407 609 57 144 59 910 887 23 1788 249 135 314 1564 15 10 21
147 569 136 31 32 23 3135 23 264 572 36 33 21 2460 698 12 790 95 27 1685 1469 13 9 8
0 0 0 0 0 1 4095 0 0 0 0 0 0 3547 549 0 0 0 0 3076 1020 0 0 0
0 0 0 0 0 0 4090 6 0 0 0 0 0 3247 849 0 0 0 0 2857 1239 0 0 0
0 0 0 0 0 31 4061 4 0 0 0 0 3 3896 197 0 0 0 7 3613 476 0 0 0
0 0 0 0 0 2 4094 0 0 0 0 0 0 3722 374 0 0 0 0 2578 1518 0 0 0
0 0 0 0 0 0 4094 2 0 0 0 0 0 3246 850 0 0 0 0 1957 2139 0 0 0
0 0 0 0 3 161 3835 97 0 10 139 29 25 2563 1330 0 0 141 38 538 3379 0 0 0
0 0 0 0 0 2 4025 69 0 0 0 0 0 1693 2403 0 0 0 0 234 3862 0 0 0
0 0 0 0 1 13 4081 1 0 0 0 1 14 3622 459 0 0 0 12 2774 1310 0 0 0
0 0 0 0 0 1 4094 1 0 0 0 0 0 1677 2419 0 0 0 0 587 3509 0 0 0
0 0 0 0 0 4 4083 9 0 0 0 0 0 2552 1544 0 0 0 0 1378 2718 0 0 0
0 0 0 0 0 7 4088 1 0 0 0 0 4 3896 196 0 0 0 0 3535 561 0 0 0
0 0 0 0 0 0 3981 115 0 0 0 0 0 707 3389 0 0 0 0 148 3948 0 0 0
0 0 0 0 0 0 4021 75 0 0 0 0 0 981 3115 0 0 0 0 118 3978 0 0 0
0 0 0 0 0 19 4077 0 0 0 0 0 12 2522 1562 0 0 0 3 437 3656 0 0 0
0 0 0 0 0 0 3882 214 0 0 0 0 0 1266 2830 0 0 0 0 75 4021 0 0 0
0 0 0 0 0 0 4073 23 0 0 0 0 0 2719 1377 0 0 0 0 25 4071 0 0 0
0 0 0 0 0 1 4075 20 0 0 0 0 0 2406 1690 0 0 0 0 103 3993 0 0 0
0 0 0 0 0 0 3967 129 0 0 0 0 0 2283 1813 0 0 0 0 37 4052 7 0 0
0 0 0 0 0 0 4002 94 0 0 0 0 0 1898 2198 0 0 0 0 47 4049 0 0 0
0 0 0 0 0 0 4072 24 0 0 0 0 0 1651 2445 0 0 0 0 15 4080 1 0 0
0 0 0 0 0 0 4074 22 0 0 0 0 0 2007 2089 0 0 0 0 293 3803 0 0 0
0 0 0 0 0 2 4077 17 0 0 0 0 1 2860 1235 0 0 0 0 1478 2618 0 0 0
0 0 0 0 0 4 4030 62 0 0 0 0 2 1292 2801 1 0 0 0 347 2661 154 668 266
799 1096 64 139 69 182 1636 111 1405 509 115 110 124 262 1546 25 1667 280 144 205 832 170 550 248
138 653 163 29 35 217 2697 164 344 575 53 26 191 1717 1190 0 835 143 44 945 2126 3 0 0
0 0 0 0 0 4 4045 47 0 0 0 0 0 2909 1187 0 0 0 0 1870 2226 0 0 0
0 0 0 0 0 29 4064 3 0 0 0 0 10 3268 818 0 0 0 11 3164 921 0 0 0
0 0 0 0 0 81 4011 4 0 0 0 0 73 3491 532 0 0 0 68 2935 1093 0 0 0
0 0 0 0 0 3 4086 7 0 0 0 0 2 3133 961 0 0 0 0 2417 1679 0 0 0
0 0 0 0 7 16 4028 45 0 0 0 7 16 2426 1647 0 0 5 10 1349 2732 0 0 0
0 0 0 0 0 0 4074 22 0 0 0 0 0 2572 1524 0 0 0 0 910 3186 0 0 0
0 0 0 0 0 0 3913 183 0 0 0 0 0 343 3753 0 0 0 0 63 4032 1 0 0
0 0 0 0 0 26 4054 16 0 0 0 0 8 2449 1639 0 0 0 0 1098 2998 0 0 0
0 0 0 0 0 6 4086 4 0 0 0 0 9 2816 1271 0 0 0 3 2224 1869 0 0 0
0 0 0 0 0 0 4079 17 0 0 0 0 0 1882 2214 0 0 0 0 1322 2774 0 0 0
0 0 0 0 0 8 4086 2 0 0 0 0 4 3959 133 0 0 0 0 3789 307 0 0 0
0 0 0 0 0 0 4072 24 0 0 0 0 0 923 3173 0 0 0 0 556 3540 0 0 0
0 0 0 1 4 22 3822 247 0 0 0 4 18 1109 2965 0 0 2 12 201 3881 0 0 0
0 0 0 0 0 0 4072 24 0 0 0 0 0 2105 1991 0 0 0 0 498 3598 0 0 0
0 0 0 0 0 0 3919 177 0 0 0 0 0 907 3189 0 0 0 0 129 3967 0 0 0
0 0 0 0 0 0 3661 435 0 0 0 0 0 541 3555 0 0 0 0 0 4096 0 0 0
0 0 0 0 0 2 4052 42 0 0 0 0 0 941 3155 0 0 0 0 3 4093 0 0 0
0 0 0 0 0 0 3982 114 0 0 0 0 0 667 3429 0 0 0 0 0 4096 0 0 0
0 0 0 0 0 0 3662 434 0 0 0 0 0 113 3983 0 0 0 0 1 4089 6 0 0
0 0 0 0 0 0 3940 156 0 0 0 0 0 1188 2908 0 0 0 0 17 4068 11 0 0
0 0 0 0 0 0 3801 295 0 0 0 0 0 312 3784 0 0 0 0 11 4073 12 0 0
0 0 0 0 0 0 4005 91 0 0 0 0 0 853 3243 0 0 0 0 286 3810 0 0 0
0 0 0 0 10 117 3951 18 0 0 0 0 68 2437 1591 0 0 0 10 1040 3046 0 0 0
667 190 93 98 182 810 2056 0 726 155 91 124 654 2001 345 0 774 162 222 1114 1824 0 0 0
468 169 98 83 202 889 2158 29 491 178 79 109 680 1223 1331 5 590 119 132 1291 824 125 776 239
0 0 0 0 0 0 3914 182 0 0 0 0 0 2052 2041 3 0 0 0 591 3375 43 52 35
0 0 0 0 0 17 3896 183 0 0 0 0 14 1456 2626 0 0 0 7 691 3396 2 0 0
0 0 0 0 0 2 3949 145 0 0 0 0 0 2893 1203 0 0 0 0 2157 1937 2 0 0
0 0 0 0 0 1 4091 4 0 0 0 0 0 3657 439 0 0 0 12 3053 1031 0 0 0
0 0 0 0 1 6 4062 27 0 0 0 0 3 3054 1039 0 0 0 3 2069 2024 0 0 0
0 0 0 0 0 0 4080 16 0 0 0 0 0 1843 2253 0 0 0 0 21 4075 0 0 0
0 0 0 0 0 0 4009 87 0 0 0 0 0 3318 778 0 0 0 0 1514 2582 0 0 0
0 0 0 0 0 76 4013 7 0 0 0 0 69 2012 2015 0 0 0 35 1482 2579 0 0 0
0 0 0 0 0 5 4078 13 0 0 0 0 5 2346 1745 0 0 0 5 1833 2258 0 0 0
0 0 0 0 0 0 4044 52 0 0 0 0 0 1824 2272 0 0 0 0 2548 1548 0 0 0
0 0 0 0 0 0 3858 238 0 0 0 0 0 3187 909 0 0 0 24 3340 732 0 0 0
0 0 0 0 0 3 3477 616 0 0 0 0 1 413 3682 0 0 0 1 360 3730 5 0 0
0 0 0 0 0 0 3374 722 0 0 0 0 0 763 3333 0 0 0 0 663 3433 0 0 0
0 0 0 0 0 0 3599 497 0 0 0 0 0 643 3453 0 0 0 0 172 3924 0 0 0
0 0 0 0 0 0 4061 35 0 0 0 0 0 1978 2118 0 0 0 0 864 3232 0 0 0
0 0 0 0 0 0 3779 317 0 0 0 0 0 34 4062 0 0 0 0 0 4062 34 0 0
0 0 0 0 0 0 3627 469 0 0 0 0 0 112 3984 0 0 0 0 13 4080 3 0 0
0 0 0 0 0 0 3876 220 0 0 0 0 0 172 3924 0 0 0 0 0 4096 0 0 0
0 0 0 0 0 0 3732 364 0 0 0 0 0 343 3753 0 0 0 0 12 4079 5 0 0
0 0 0 0 0 2 2337 1757 0 0 0 0 0 757 3339 0 0 0 0 8 3844 244 0 0
0 0 0 0 0 0 3728 368 0 0 0 0 0 1699 2397 0 0 0 0 24 3954 118 0 0
0 0 0 0 0 0 3729 367 0 0 0 0 0 194 3902 0 0 0 0 2 4087 7 0 0
0 0 0 0 0 0 4056 40 0 0 0 0 0 2109 1987 0 0 0 0 366 3724 6 0 0
0 0 0 0 0 8 3889 199 0 0 0 0 8 2013 2075 0 0 0 0 343 3753 0 0 0
0 0 0 0 0 0 3969 127 0 0 0 0 0 638 3446 12 0 0 0 183 3652 45 126 90
0 0 0 0 0 1 3692 403 0 0 0 0 0 661 3413 22 0 0 0 201 1713 261 1311 610
0 0 0 0 0 5 3839 252 0 0 0 0 0 938 3146 12 0 0 0 236 3400 74 215 171
0 0 0 0 0 2 3284 810 0 0 0 0 0 1663 2433 0 0 0 0 551 3511 34 0 0
0 0 0 0 0 64 3727 305 0 0 0 0 50 2189 1857 0 0 0 20 1836 2169 71 0 0
0 0 0 0 0 1 4080 15 0 0 0 0 3 2890 1203 0 0 0 11 1901 2184 0 0 0
