960 503 1079 1384 170 0 0 0 1206 740 882 1239 29 0 0 0 1903 559 1103 524 7 0 0 0
1055 563 578 1091 807 2 0 0 1326 461 631 1431 247 0 0 0 1902 478 681 965 70 0 0 0
504 379 817 1168 1041 186 1 0 447 491 875 1681 546 56 0 0 1876 455 681 808 239 36 1 0
2 99 377 954 2074 580 10 0 40 110 521 1473 1835 117 0 0 65 435 974 1909 625 87 1 0
332 671 519 1047 1105 421 1 0 854 410 441 990 1385 16 0 0 995 487 657 1658 291 8 0 0
560 688 703 933 1003 205 4 0 956 561 850 661 1031 37 0 0 1158 844 678 1173 231 12 0 0
989 524 471 346 1035 729 2 0 1151 509 450 426 1514 46 0 0 1377 512 358 1558 264 27 0 0
771 614 594 551 790 771 5 0 1138 618 473 521 1284 62 0 0 1284 657 513 1118 511 13 0 0
555 629 521 713 1014 663 1 0 966 517 429 693 1461 30 0 0 1049 529 636 1363 517 2 0 0
639 444 482 520 1509 495 7 0 767 469 523 567 1688 80 2 0 801 508 677 1706 361 43 0 0
223 469 551 911 1825 114 3 0 461 409 547 847 1763 69 0 0 610 451 690 1692 633 20 0 0
603 691 415 608 1566 213 0 0 1071 416 349 647 1599 14 0 0 1228 377 481 1318 691 1 0 0
487 160 317 676 2399 57 0 0 540 202 374 568 2412 0 0 0 608 244 487 2640 117 0 0 0
503 570 418 246 1550 802 3 4 889 482 276 246 2194 4 5 0 910 598 238 1476 863 6 2 3
384 463 428 315 2259 237 7 3 545 523 373 440 2196 10 6 3 623 677 392 1528 857 10 6 3
572 204 301 326 2647 46 0 0 650 221 310 301 2614 0 0 0 708 301 285 2629 173 0 0 0
401 487 287 320 2529 72 0 0 825 183 319 235 2534 0 0 0 870 318 286 2567 55 0 0 0
362 281 316 299 2837 1 0 0 476 328 293 432 2567 0 0 0 600 343 368 2780 5 0 0 0
284 197 177 254 3182 2 0 0 405 184 258 364 2885 0 0 0 515 289 198 3092 2 0 0 0
128 175 188 420 3183 2 0 0 189 171 188 2586 962 0 0 0 173 206 224 3476 17 0 0 0
131 320 1688 1303 609 45 0 0 214 426 2051 1136 245 24 0 0 346 807 1944 911 78 10 0 0
377 330 525 2008 334 339 183 0 524 296 1662 986 145 466 17 0 672 517 1841 502 214 338 12 0
216 350 528 1238 443 753 568 0 294 337 997 815 538 991 124 0 985 372 952 371 461 954 1 0
657 570 558 353 687 725 545 1 727 504 630 398 1022 574 241 0 922 397 473 649 887 696 70 2
1898 885 581 460 164 84 24 0 1657 706 1113 455 115 49 1 0 1695 498 437 566 869 28 3 0
2370 684 519 390 125 8 0 0 1976 653 1141 288 38 0 0 0 1529 1031 564 285 683 4 0 0
1399 843 715 654 175 48 261 1 1452 815 900 514 115 67 233 0 1372 1002 731 418 246 81 239 7
2659 677 292 124 48 61 235 0 2780 635 250 108 27 75 221 0 2759 648 274 87 27 35 264 2
1133 992 701 564 601 104 1 0 1561 944 794 650 143 4 0 0 1600 959 905 548 81 3 0 0
1764 1280 539 281 133 84 15 0 2267 1025 465 191 79 66 3 0 2470 922 421 166 80 37 0 0
1474 1174 782 552 104 7 3 0 1695 1099 742 498 57 5 0 0 1655 1035 724 443 228 11 0 0
2459 984 423 205 24 1 0 0 2568 976 408 134 10 0 0 0 2351 1168 411 135 28 3 0 0
1132 977 581 817 391 158 40 0 1372 961 649 699 285 115 15 0 1463 981 644 638 261 98 11 0
1963 689 311 353 367 273 139 1 2218 552 313 376 271 322 43 1 1965 859 336 357 407 166 6 0
1983 915 420 571 139 68 0 0 2212 833 558 338 118 37 0 0 2110 1002 586 273 116 9 0 0
2479 491 426 458 202 40 0 0 2659 540 394 365 110 28 0 0 2776 566 373 292 77 12 0 0
1840 608 774 553 265 56 0 0 2103 782 638 425 130 18 0 0 2211 931 489 318 121 26 0 0
2439 771 522 296 68 0 0 0 2697 723 464 184 28 0 0 0 2553 1030 305 158 49 1 0 0
1343 1027 753 580 340 32 16 5 1899 938 633 448 144 20 13 1 2082 1045 562 318 65 18 6 0
1368 645 693 975 409 6 0 0 1639 761 576 988 132 0 0 0 1701 713 706 846 128 2 0 0
1671 244 691 953 520 6 8 3 1682 249 295 1525 330 8 5 2 1724 275 772 1289 24 6 4 2
610 915 1369 491 362 311 38 0 664 360 804 1641 415 208 4 0 801 597 1518 719 412 49 0 0
0 0 192 1450 404 1123 927 0 0 0 1 1284 870 1794 147 0 0 0 38 1877 670 1506 5 0
279 192 411 991 220 470 1526 7 3 194 299 813 770 1475 524 18 2 16 125 1550 429 1795 162 17
1599 1008 773 124 150 184 243 15 21 419 1793 1243 134 190 261 35 2 64 169 1506 1790 207 252 106
1752 795 750 155 131 197 291 25 12 312 2046 1037 160 174 307 48 2 45 148 1244 1987 264 272 134
786 358 601 835 207 212 928 169 172 693 1081 575 336 212 1000 27 621 166 83 851 1121 393 778 83
0 8 368 1074 258 262 1818 308 140 795 158 217 517 364 1867 38 733 276 128 481 252 563 1641 22
839 1956 362 124 157 124 439 95 755 2024 288 219 160 119 453 78 160 151 459 1711 887 145 411 172
870 1061 438 388 343 211 585 200 984 1020 615 336 215 150 611 165 873 582 565 630 425 188 516 317
467 1462 448 447 367 259 549 97 557 1490 518 455 283 176 529 88 62 170 607 1580 790 195 477 215
404 1232 814 647 487 304 195 13 177 315 913 1779 364 318 204 26 95 124 465 1076 1280 751 236 69
609 1551 441 441 453 393 205 3 140 111 1312 1500 374 368 279 12 132 105 250 848 1803 570 325 63
517 991 662 391 410 574 539 12 248 329 1045 947 494 747 268 18 223 281 366 617 1500 770 296 43
786 475 367 416 393 864 729 66 944 419 458 374 379 1147 371 4 895 527 363 436 482 1253 129 11
1335 651 297 351 618 784 59 1 1552 530 402 322 624 645 21 0 1456 781 348 430 692 354 35 0
958 1464 414 136 293 555 266 10 2303 442 171 192 287 610 91 0 2199 548 216 221 375 477 59 1
1249 1891 501 136 168 121 29 1 3091 416 214 139 171 60 5 0 2823 635 284 144 162 48 0 0
1078 844 298 96 95 1158 526 1 1211 648 149 313 94 1627 53 1 1017 827 164 98 220 1729 41 0
866 564 689 370 197 1162 244 4 999 508 308 660 197 1311 113 0 700 487 441 280 437 1579 162 10
403 2244 1232 133 55 29 0 0 654 92 222 3043 61 23 1 0 644 147 1437 1804 56 8 0 0
26 2090 1791 176 13 0 0 0 44 239 255 3534 24 0 0 0 405 178 1803 1710 0 0 0 0
21 177 3737 145 5 5 6 0 47 217 141 3671 10 9 1 0 238 130 117 3594 8 9 0 0
125 222 1803 1075 383 273 178 37 186 326 469 2586 261 145 98 25 480 461 447 2360 119 104 97 28
0 29 3177 245 207 410 28 0 7 144 283 3523 107 32 0 0 130 273 614 3015 64 0 0 0
0 0 3663 51 71 277 34 0 0 0 0 3912 145 39 0 0 0 7 208 3800 81 0 0 0
0 0 2330 1257 130 342 37 0 0 0 0 2900 871 305 20 0 0 0 17 3591 386 102 0 0
29 25 791 3029 219 3 0 0 23 21 75 1758 2206 13 0 0 29 22 118 3320 601 6 0 0
32 194 2083 1059 577 122 27 2 42 34 326 2570 1038 82 4 0 60 133 629 2889 338 37 10 0
198 642 1696 866 507 177 10 0 318 418 600 2035 599 114 12 0 769 491 929 1678 207 21 1 0
68 1183 2700 117 16 11 1 0 60 210 369 3178 257 15 6 1 0 9 589 3338 134 23 3 0
96 1377 2049 263 218 80 4 9 1 30 261 3298 481 13 6 6 0 0 217 3250 527 91 8 3
193 430 1359 792 608 484 210 20 48 72 788 1996 848 233 106 5 96 383 768 1569 768 369 138 5
470 748 1184 435 420 387 419 33 582 309 357 1690 452 495 211 0 672 279 356 1220 596 717 232 24
46 230 984 1637 456 504 228 11 107 147 488 1797 994 394 169 0 208 278 604 1871 636 450 48 1
512 456 2192 433 271 226 6 0 509 213 588 2308 330 145 3 0 483 366 718 2178 267 81 3 0
38 1093 2274 169 189 268 61 4 1123 106 118 2292 218 221 18 0 1125 116 266 2224 220 139 6 0
37 1940 1938 91 53 32 5 0 1919 98 87 1938 42 12 0 0 1906 108 236 1806 30 10 0 0
0 61 520 1358 376 1638 143 0 2 17 28 944 1283 1731 89 2 16 26 37 1662 530 1705 120 0
22 42 446 1120 387 1941 138 0 0 9 59 776 1133 2017 102 0 0 28 45 1403 470 2000 149 1
0 2611 292 31 117 1012 31 2 0 0 104 3826 78 87 1 0 0 585 455 2935 86 35 0 0
238 615 1231 412 370 1115 93 22 508 811 488 1998 100 118 66 7 1279 724 1003 848 83 106 46 7
0 7 615 169 342 2444 516 3 44 290 194 3394 75 75 24 0 322 150 2980 516 80 48 0 0
73 449 386 462 662 1207 849 8 62 193 620 2491 269 218 220 23 601 818 1949 220 226 205 61 16
5 41 83 308 376 2341 942 0 51 162 543 3339 1 0 0 0 241 423 3408 24 0 0 0 0
0 0 0 0 0 1240 2856 0 0 0 0 4096 0 0 0 0 0 0 4096 0 0 0 0 0
0 0 0 0 12 1144 2940 0 0 0 0 3367 168 541 20 0 0 0 3376 114 381 225 0 0
24 94 189 153 477 1387 1772 0 143 62 255 2890 680 66 0 0 172 198 2590 846 283 7 0 0
18 229 416 252 618 2001 484 78 149 135 920 2492 283 56 53 8 217 733 2268 708 99 54 17 0
690 648 518 484 758 695 293 10 672 397 934 1280 559 205 49 0 1288 813 985 633 289 83 5 0
0 172 724 169 266 1206 1559 0 0 2 183 3377 469 57 8 0 2 67 2783 1030 191 17 6 0
0 9 1341 107 104 1439 1096 0 0 0 0 3818 208 70 0 0 0 0 2422 1511 143 20 0 0
412 259 1086 249 307 1267 499 17 510 239 247 2405 414 225 51 5 396 316 1332 1277 391 290 81 13
108 188 556 627 784 1014 740 79 222 263 502 1493 623 608 385 0 232 490 869 896 516 615 466 12
16 324 1713 225 223 1221 374 0 89 469 319 2715 367 137 0 0 187 268 1621 1585 255 173 7 0
0 0 2753 44 69 1113 117 0 0 0 0 3917 115 64 0 0 0 0 1198 2799 82 17 0 0
0 0 3081 47 70 845 53 0 0 0 0 3919 104 73 0 0 0 34 802 3150 103 7 0 0
0 42 3230 125 127 482 67 23 0 0 28 3735 167 127 38 1 0 32 534 3322 134 62 12 0
425 191 2265 813 120 258 24 0 515 158 249 2548 530 86 10 0 368 262 415 2829 136 51 33 2
362 119 3190 334 78 12 1 0 353 87 101 3142 401 12 0 0 294 164 133 3423 69 13 0 0
0 0 3 6 40 4017 25 5 0 3 108 3934 23 22 6 0 3 3018 999 39 17 15 5 0
0 14 19 83 790 3009 146 35 14 26 1185 2524 184 135 27 1 25 1404 2140 265 127 113 19 3
80 43 49 135 780 3003 6 0 116 80 952 2924 24 0 0 0 174 1170 2699 31 22 0 0 0
1115 364 329 977 348 827 134 2 1414 542 930 1135 45 15 13 2 1783 926 1173 142 39 18 15 0
0 0 1 106 167 2805 1017 0 0 18 188 3855 26 9 0 0 21 181 3851 27 14 2 0 0
0 0 0 0 0 1316 2780 0 0 0 0 4096 0 0 0 0 0 0 4096 0 0 0 0 0
125 197 148 148 237 1241 1956 44 344 150 102 2649 279 512 60 0 339 181 2631 186 331 403 25 0
99 253 128 242 776 1550 983 65 383 134 352 2514 625 37 41 10 399 296 2127 887 324 43 19 1
4 33 29 30 207 2625 1127 41 43 25 230 3314 422 25 28 9 56 199 3198 560 39 28 16 0
3 86 197 400 567 1675 1154 14 29 242 695 2690 362 33 40 5 16 720 2611 634 44 36 29 6
0 0 0 0 0 2085 2011 0 0 0 0 4096 0 0 0 0 0 1 4095 0 0 0 0 0
0 0 0 0 55 1307 2631 103 0 0 47 3858 52 55 83 1 0 24 3849 71 50 81 21 0
16 204 87 247 483 1924 1021 114 74 233 444 2710 431 100 87 17 71 329 2622 553 367 102 51 1
175 161 120 288 817 2006 507 22 294 169 561 2592 298 138 40 4 143 728 2480 332 192 164 53 4
5 52 55 78 138 1533 2235 0 47 83 177 3635 103 51 0 0 1 128 3653 167 104 43 0 0
0 0 0 0 0 578 3518 0 0 0 0 4096 0 0 0 0 0 0 4096 0 0 0 0 0
0 0 0 0 9 1163 2787 137 0 0 1 3865 52 59 119 0 0 3 3842 63 54 125 9 0
0 0 0 0 2 1399 2568 127 0 0 19 3845 58 60 114 0 0 31 3784 85 69 125 2 0
37 34 44 282 321 1504 1874 0 80 92 410 3513 1 0 0 0 157 393 3512 33 1 0 0 0
612 342 162 276 277 2124 303 0 840 324 222 2455 140 105 10 0 620 565 2429 214 171 54 32 11
0 0 0 0 0 4096 0 0 0 0 65 4031 0 0 0 0 0 1379 2717 0 0 0 0 0
0 0 0 0 0 4038 58 0 0 0 0 4096 0 0 0 0 0 23 4073 0 0 0 0 0
2385 259 67 60 92 1069 164 0 2572 150 100 1274 0 0 0 0 2376 537 1182 1 0 0 0 0
2613 298 94 141 259 649 42 0 2870 165 380 602 59 17 3 0 2680 596 621 130 52 16 1 0
0 0 0 0 39 3651 278 128 0 0 317 3562 58 59 100 0 0 967 2878 66 58 84 43 0
0 0 0 0 24 2480 1436 156 0 0 3 3818 80 70 122 3 0 4 3780 84 74 92 62 0
1 8 37 68 339 2051 1543 49 2 7 38 2579 398 1018 52 2 1 9 2506 176 306 1071 27 0
4 22 109 222 1084 746 1909 0 5 41 168 3101 773 8 0 0 4 43 2747 625 656 21 0 0
0 0 0 0 0 1407 2689 0 0 0 0 4096 0 0 0 0 0 11 4085 0 0 0 0 0
3 27 50 83 281 1349 2276 27 24 62 338 3567 44 29 9 23 61 371 3508 69 34 23 7 23
0 0 0 0 6 2105 1751 234 0 0 37 3650 106 86 154 63 0 29 3611 128 87 126 115 0
0 0 0 0 2 1689 2308 97 0 0 2 3914 47 41 82 10 0 0 3891 51 45 64 45 0
1 14 35 74 226 1922 1816 8 12 29 113 3744 131 50 12 5 24 99 3695 121 100 44 8 5
0 30 21 71 226 2882 782 84 26 32 472 2644 530 298 81 13 28 524 2430 283 478 266 82 5
0 0 0 0 40 3669 387 0 0 0 52 3796 224 24 0 0 0 330 3303 274 172 17 0 0
0 0 0 0 1 2784 1259 52 0 0 1 4008 17 21 49 0 0 56 3951 19 23 47 0 0
0 0 0 0 15 2263 1579 239 0 0 21 3649 96 109 220 1 0 75 3544 117 95 249 16 0
0 0 0 0 0 2992 1104 0 0 0 5 4091 0 0 0 0 0 104 3992 0 0 0 0 0
32 299 74 150 314 2761 466 0 143 321 377 2797 372 86 0 0 83 1007 2400 276 302 28 0 0
9 38 64 98 225 3402 250 10 58 113 425 3139 285 70 6 0 97 1467 1953 314 207 54 4 0
0 2918 219 36 45 683 80 115 0 0 92 3779 67 55 101 2 0 217 502 3170 66 65 76 0
0 2188 296 32 39 1281 142 118 0 0 74 3778 71 58 110 5 0 64 1291 2523 70 57 91 0
2759 447 323 95 116 294 39 23 2805 143 122 823 102 51 33 17 2803 246 353 546 80 27 34 7
3023 355 198 102 120 170 98 30 3166 262 178 359 78 23 27 3 3169 293 364 191 36 22 21 0
0 152 417 40 33 1450 1831 173 0 0 12 3731 113 75 143 22 0 67 3076 650 96 77 130 0
0 4 50 22 17 963 2940 100 0 0 3 3904 53 44 79 13 0 1 3820 107 50 42 76 0
0 7 56 126 398 1995 1514 0 0 8 54 2872 385 765 12 0 0 10 2783 201 302 789 11 0
1 12 110 243 1161 706 1863 0 1 8 130 2973 960 23 1 0 1 13 2620 570 869 22 1 0
0 0 0 0 1 564 3422 109 0 0 7 3910 35 39 82 23 0 4 3896 43 35 54 64 0
0 0 0 0 5 1524 2299 268 0 0 19 3636 97 85 179 80 0 87 3519 123 84 134 149 0
0 0 0 0 0 744 3342 10 0 0 0 4079 5 4 4 4 0 0 4075 8 3 4 6 0
0 0 0 0 0 56 4040 0 0 0 0 4096 0 0 0 0 0 0 4096 0 0 0 0 0
0 0 0 0 0 15 4081 0 0 0 0 4096 0 0 0 0 0 0 4096 0 0 0 0 0
0 0 0 0 0 11 4085 0 0 0 3 4082 11 0 0 0 0 5 4091 0 0 0 0 0
0 0 0 0 0 27 4069 0 0 0 0 4096 0 0 0 0 0 0 4096 0 0 0 0 0
0 0 0 0 1 478 3235 382 0 0 6 3507 115 112 334 22 0 38 3403 157 110 290 98 0
0 0 0 0 0 29 4067 0 0 0 0 4096 0 0 0 0 0 3 4093 0 0 0 0 0
0 0 0 0 0 117 3979 0 0 0 0 4096 0 0 0 0 0 1 4095 0 0 0 0 0
0 1 16 51 88 774 3166 0 8 32 81 3916 36 23 0 0 13 192 3810 39 41 1 0 0
0 6 10 37 125 3424 494 0 8 24 385 3677 2 0 0 0 15 1290 2776 15 0 0 0 0
0 3481 253 195 128 17 22 0 0 0 2 3730 217 119 25 3 0 0 53 3658 138 138 107 2
0 3730 217 39 30 36 37 7 0 0 7 3936 51 34 50 18 0 0 52 3910 39 35 49 11
2168 1686 228 8 2 4 0 0 2066 104 110 1807 5 2 2 0 2080 110 135 1764 2 2 3 0
2034 1694 365 3 0 0 0 0 1945 112 105 1906 28 0 0 0 1958 113 121 1903 1 0 0 0
0 3685 411 0 0 0 0 0 0 0 0 4080 16 0 0 0 0 0 0 4096 0 0 0 0
0 3317 682 24 14 13 13 33 0 0 2 4001 40 17 35 1 0 0 6 4020 20 19 29 2
0 1856 694 240 692 474 52 88 0 22 80 2815 639 449 83 8 0 22 235 2704 602 452 79 2
27 812 798 681 932 385 377 84 4 12 329 2265 1247 96 127 16 4 19 1224 1540 1081 112 114 2
0 1940 335 54 87 977 493 210 0 0 141 3484 116 92 220 43 0 163 1330 2197 105 150 151 0
0 1124 571 45 41 1157 1027 131 0 0 35 3796 73 67 118 7 0 62 2053 1741 70 75 95 0
0 306 798 52 34 1163 1606 137 0 0 9 3814 77 68 123 5 0 49 2627 1173 74 71 101 1
0 83 448 57 28 601 2740 139 0 0 6 3813 80 64 119 14 0 28 3209 617 73 69 100 0
0 0 64 19 15 359 3518 121 0 0 2 3864 65 55 110 0 0 43 3744 106 62 56 85 0
0 0 0 0 0 123 3973 0 0 0 1 4095 0 0 0 0 0 5 4089 2 0 0 0 0
0 0 0 0 4 729 3026 337 0 0 18 3554 92 96 328 8 0 78 3449 115 86 274 94 0
0 0 0 0 0 559 3472 65 0 0 4 3998 15 18 60 1 0 43 3937 28 17 54 17 0
0 0 0 0 0 501 3595 0 0 0 0 4096 0 0 0 0 0 34 4062 0 0 0 0 0
0 0 0 0 0 1073 3023 0 0 0 0 4096 0 0 0 0 0 134 3962 0 0 0 0 0
0 0 0 0 0 2263 1833 0 0 0 5 4091 0 0 0 0 0 977 3119 0 0 0 0 0
0 0 0 0 0 4035 61 0 0 0 58 4038 0 0 0 0 0 2967 1129 0 0 0 0 0
