3461 573 28 14 3 2 5 10 3707 327 31 12 3 1 5 10 3952 96 16 9 4 3 5 11
1519 2218 279 65 15 0 0 0 1974 1887 167 57 11 0 0 0 3175 795 104 22 0 0 0 0
250 2675 902 146 76 31 15 1 831 2519 566 104 29 31 13 3 2565 1272 158 39 24 26 12 0
0 2070 1216 659 93 37 18 3 0 2626 908 480 24 37 16 5 1357 1953 659 55 27 29 16 0
10 833 1655 1112 486 0 0 0 22 1292 1597 893 292 0 0 0 442 1917 1254 479 4 0 0 0
1511 856 749 631 349 0 0 0 696 1537 836 752 275 0 0 0 1239 1416 859 566 16 0 0 0
112 1478 1154 1229 123 0 0 0 238 1567 1219 1036 36 0 0 0 742 1659 1451 244 0 0 0 0
883 1551 896 622 144 0 0 0 1012 1579 832 554 119 0 0 0 1398 1612 528 518 40 0 0 0
43 302 974 1013 1763 1 0 0 47 428 944 1115 1562 0 0 0 112 902 908 1734 440 0 0 0
156 1020 1594 517 570 225 4 10 220 1303 1533 475 415 135 5 10 455 2163 804 427 229 5 5 8
47 76 1602 939 631 794 7 0 60 612 1955 419 426 618 6 0 364 1890 748 297 766 28 3 0
228 67 372 392 779 2154 78 26 242 95 413 419 1053 1768 79 27 262 345 415 551 2332 94 74 23
727 215 292 431 1224 1030 154 23 280 572 413 439 1500 716 148 28 444 650 445 390 1914 87 141 25
1709 333 197 327 1510 20 0 0 1707 383 193 433 1378 2 0 0 1755 408 237 1184 512 0 0 0
3003 275 297 428 93 0 0 0 3000 287 312 440 57 0 0 0 3036 358 351 351 0 0 0 0
3034 352 122 38 550 0 0 0 2926 452 129 35 554 0 0 0 3074 339 106 191 386 0 0 0
1669 1132 205 235 488 357 10 0 1448 1400 238 251 457 296 6 0 1710 1224 264 307 528 60 3 0
2957 378 72 96 230 323 40 0 2881 508 137 103 159 296 12 0 2987 550 67 114 306 72 0 0
1507 265 264 527 784 541 203 5 1543 570 548 450 376 407 195 7 1813 769 398 304 307 346 156 3
2330 736 283 199 206 242 91 9 2327 835 340 184 144 175 81 10 2515 801 326 115 118 142 73 6
3633 94 149 80 49 73 18 0 3647 219 77 41 24 65 23 0 3719 157 86 31 16 70 17 0
1731 1338 503 289 208 25 2 0 2579 933 296 199 64 23 2 0 3228 522 165 103 54 22 2 0
1832 884 970 409 1 0 0 0 1922 1869 305 0 0 0 0 0 3424 629 43 0 0 0 0 0
1597 941 464 704 233 133 22 2 1299 1995 407 166 179 47 3 0 2613 1008 205 124 132 13 1 0
1505 365 643 1017 457 103 6 0 1528 1240 1016 201 65 46 0 0 2922 918 150 41 61 4 0 0
548 450 727 1068 1144 141 16 2 750 1201 1368 537 201 26 10 3 2155 1195 462 177 82 12 12 1
791 608 751 1075 559 262 49 1 910 1612 863 346 192 156 17 0 2489 964 250 148 141 100 4 0
1390 1062 1019 570 55 0 0 0 1620 2100 331 43 2 0 0 0 3365 639 79 13 0 0 0 0
25 746 1697 1503 125 0 0 0 650 2660 777 9 0 0 0 0 3450 638 8 0 0 0 0 0
286 99 293 2383 1005 30 0 0 332 2138 1270 327 29 0 0 0 2873 1223 0 0 0 0 0 0
1496 517 194 727 1047 108 7 0 1232 1362 915 352 224 11 0 0 2874 787 158 165 111 1 0 0
81 266 339 948 2209 245 8 0 75 624 2089 1153 141 14 0 0 2105 1787 198 6 0 0 0 0
45 284 274 683 2197 596 17 0 23 538 1811 1307 300 112 5 0 2083 1662 184 137 19 7 4 0
51 67 255 1402 2109 196 16 0 63 1367 1812 620 163 53 18 0 2726 1024 135 113 38 54 6 0
287 243 782 2154 629 1 0 0 389 2432 1135 107 31 2 0 0 3001 954 57 66 18 0 0 0
