50 1258 400 661 1488 15 12 212 486 1214 857 1285 19 18 12 205 1725 1872 240 20 13 15 14 197
23 737 780 742 1318 124 69 303 403 1087 995 1107 117 66 75 246 1465 1813 312 127 65 79 52 183
202 1205 426 588 1370 165 55 85 1079 789 879 1126 98 33 39 53 1898 1693 319 68 38 36 34 10
0 322 378 442 2226 291 119 318 49 720 751 2002 153 93 91 237 842 2224 512 126 91 84 99 118
0 3 76 444 2979 244 76 274 0 153 814 2644 132 69 41 243 282 2785 596 84 64 45 52 188
271 988 329 694 1557 95 53 109 1176 557 1093 1058 62 42 47 61 1884 1853 164 58 46 57 33 1
176 1100 331 633 1356 379 21 100 895 641 731 1336 353 20 26 94 1479 1111 1126 225 25 23 28 79
26 925 444 1159 1143 276 25 98 684 539 1287 1212 228 35 22 89 1211 1437 1128 164 37 16 28 75
3 1027 244 566 1927 124 45 160 648 635 801 1705 88 48 39 132 1383 1741 700 72 37 35 53 75
50 1341 561 625 1216 82 61 160 889 1075 955 884 70 56 43 124 1945 1584 292 61 52 35 65 62
51 617 561 599 1623 341 83 221 292 979 956 1336 237 81 73 142 1323 1675 656 177 68 63 59 75
87 132 134 481 2012 1192 10 48 209 194 833 1872 926 9 8 45 531 1599 1200 704 7 9 9 37
0 37 102 255 1895 1807 0 0 65 240 141 2179 1471 0 0 0 339 145 3101 511 0 0 0 0
16 33 58 177 1708 2104 0 0 38 98 259 2029 1672 0 0 0 261 135 2943 757 0 0 0 0
0 2 67 257 794 2966 10 0 36 113 200 1114 2633 0 0 0 270 77 2322 1427 0 0 0 0
98 242 205 401 1061 2087 1 1 160 426 421 1443 1644 1 1 0 522 565 2030 977 1 1 0 0
0 44 103 395 1085 2467 2 0 48 161 513 1611 1763 0 0 0 348 497 2412 838 1 0 0 0
1612 903 582 349 368 278 4 0 2396 775 388 279 258 0 0 0 3181 355 259 301 0 0 0 0
480 554 403 768 1574 317 0 0 1159 644 1110 1152 31 0 0 0 1714 1638 728 16 0 0 0 0
115 215 430 680 1874 782 0 0 333 580 932 1989 261 1 0 0 849 1517 1538 182 10 0 0 0
259 395 423 640 1362 1017 0 0 715 561 889 1515 416 0 0 0 1209 1310 1511 66 0 0 0 0
343 480 387 518 1237 1131 0 0 633 719 709 1580 455 0 0 0 995 1373 1600 128 0 0 0 0
171 261 210 357 1272 1825 0 0 416 311 546 2215 608 0 0 0 695 1050 2293 58 0 0 0 0
36 156 132 685 2847 240 0 0 229 173 1990 1691 13 0 0 0 513 2823 760 0 0 0 0 0
