498 443 2569 586 0 0 0 0 726 297 3017 56 0 0 0 0 625 361 1949 1161 0 0 0 0
117 618 328 2870 141 21 1 0 561 240 691 2453 137 14 0 0 491 284 246 2670 275 123 7 0
7 104 37 3723 139 52 24 10 75 53 42 3723 129 44 22 8 44 62 35 3620 215 66 32 22
7 21 28 3559 410 46 7 18 7 20 30 3781 212 23 6 17 11 22 47 3626 343 22 7 18
160 555 114 2220 553 169 68 257 369 356 138 2307 492 125 54 255 439 270 174 2175 629 100 50 259
585 749 234 2416 112 0 0 0 911 419 274 2396 96 0 0 0 1016 297 325 2312 146 0 0 0
159 1192 163 1734 340 144 52 312 439 901 189 1761 267 146 58 335 647 516 369 1719 285 138 73 349
766 333 309 2558 130 0 0 0 928 173 419 2524 52 0 0 0 862 215 393 2429 197 0 0 0
637 236 557 2660 6 0 0 0 660 211 800 2425 0 0 0 0 653 213 535 2687 8 0 0 0
162 486 739 2475 115 40 12 67 161 475 1415 1803 112 43 18 69 149 385 468 2789 196 31 14 64
0 0 3084 1010 2 0 0 0 0 0 3192 904 0 0 0 0 0 0 2482 1580 34 0 0 0
742 272 1572 1353 92 31 11 23 784 265 1943 961 80 28 10 25 760 261 1203 1657 134 32 15 34
288 460 823 2077 168 61 31 188 300 438 1160 1755 158 58 36 191 301 318 904 1993 286 70 33 191
436 299 631 2593 92 9 7 29 553 204 810 2439 45 9 6 30 549 214 765 2474 44 12 6 32
117 457 201 2985 217 34 7 78 316 291 465 2825 83 27 11 78 351 259 571 2736 61 25 14 79
169 366 186 2899 272 45 22 137 321 240 307 2835 179 44 30 140 321 252 436 2701 167 49 27 143
595 301 295 2386 378 27 17 97 788 139 520 2312 190 32 12 103 796 145 559 2309 137 30 21 99
298 728 643 1646 544 45 28 164 584 495 780 1787 205 47 24 174 443 589 776 1823 214 39 36 176
546 287 624 2260 208 30 23 118 723 175 765 2124 130 33 25 121 701 170 661 2097 272 40 23 132
243 378 1464 1864 56 22 10 59 370 408 2072 1126 40 13 9 58 319 400 1531 1746 21 13 9 57
0 2 11 506 3577 0 0 0 0 1 12 502 3581 0 0 0 0 0 1 196 2136 1763 0 0
637 252 334 1487 1386 0 0 0 714 171 350 1448 1413 0 0 0 647 197 322 1330 1536 64 0 0
1 25 317 2549 1204 0 0 0 3 27 399 2516 1151 0 0 0 5 29 296 2583 1183 0 0 0
1049 239 930 1878 0 0 0 0 1145 184 1086 1681 0 0 0 0 1143 172 884 1897 0 0 0 0
125 280 2655 1036 0 0 0 0 134 311 3062 589 0 0 0 0 129 264 2763 940 0 0 0 0
72 321 897 2673 133 0 0 0 216 208 1222 2371 79 0 0 0 215 223 1129 2451 78 0 0 0
0 6 137 1166 1757 925 105 0 0 15 174 1249 1641 861 156 0 0 12 146 1307 1674 880 77 0
0 31 85 444 1131 1427 978 0 0 21 88 488 1099 1342 1058 0 0 6 80 430 1142 1467 971 0
0 0 0 193 1324 1509 1070 0 0 0 0 230 1373 1408 1085 0 0 0 0 33 1149 1558 1356 0
0 0 121 1595 1593 787 0 0 0 0 204 1558 1606 728 0 0 0 0 21 1297 1703 1024 51 0
584 262 185 472 2303 286 4 0 637 271 192 440 2303 253 0 0 476 430 201 403 2181 393 12 0
664 70 83 670 2443 164 2 0 684 48 80 628 2507 147 2 0 101 617 89 757 2244 286 2 0
578 29 21 297 2940 221 10 0 575 32 21 354 2888 217 9 0 4 597 26 665 2557 232 15 0
467 147 77 2913 316 173 3 0 537 85 100 3011 182 178 3 0 299 309 374 2825 106 172 11 0
68 39 775 2965 136 109 4 0 68 48 1299 2433 137 107 4 0 63 55 2020 1725 113 111 9 0
61 76 140 2313 1248 258 0 0 72 102 127 2517 1149 129 0 0 17 134 216 2805 828 96 0 0
0 27 33 183 1268 2545 40 0 0 26 37 203 1491 2238 101 0 0 4 57 338 2351 1307 39 0
16 85 71 144 1032 2389 359 0 2 84 73 179 1079 2241 438 0 0 13 130 204 1513 1822 414 0
0 0 0 8 372 3008 708 0 0 0 0 10 562 2772 752 0 0 0 0 17 992 2159 928 0
0 23 105 273 2233 1462 0 0 0 35 121 298 2537 1105 0 0 4 39 162 534 2418 925 14 0
1515 469 850 796 270 167 28 1 2107 305 728 609 191 127 29 0 1212 1181 630 722 182 137 31 1
1917 245 723 965 136 110 0 0 2567 188 406 729 144 62 0 0 767 1979 272 797 218 63 0 0
1807 207 744 759 490 89 0 0 2478 82 306 729 439 62 0 0 711 1848 276 681 516 63 1 0
1540 289 720 687 808 51 1 0 2195 94 368 657 732 50 0 0 831 1454 369 646 744 52 0 0
341 526 610 1609 946 64 0 0 652 365 634 1505 887 53 0 0 578 465 845 1356 817 35 0 0
1079 441 494 1085 974 23 0 0 959 582 529 1052 952 22 0 0 258 796 927 1111 973 31 0 0
1204 364 252 354 1833 88 1 0 783 844 427 308 1667 66 1 0 361 399 1250 358 1716 10 2 0
2406 265 199 244 982 0 0 0 1903 968 582 214 429 0 0 0 70 856 2448 206 516 0 0 0
2629 284 311 689 183 0 0 0 1856 1049 424 600 167 0 0 0 33 1117 1981 684 281 0 0 0
946 235 357 746 1812 0 0 0 715 475 401 698 1807 0 0 0 35 670 847 800 1744 0 0 0
0 0 0 1106 877 2078 35 0 0 0 1586 1950 536 24 0 0 0 0 1928 1157 988 23 0 0
0 0 0 348 1911 1821 16 0 0 0 104 2008 1981 3 0 0 0 0 378 1521 2165 32 0 0
0 0 0 8 3244 785 59 0 0 0 0 525 3535 36 0 0 0 0 0 529 3304 263 0 0
0 0 0 0 3061 1016 19 0 0 0 0 0 3537 547 12 0 0 0 0 0 2918 1170 8 0
11 8 7 37 2694 1310 29 0 11 8 7 35 3169 849 17 0 10 8 8 10 2663 1380 17 0
2 4 6 32 2215 1826 11 0 4 6 3 28 2270 1778 7 0 3 6 4 5 2121 1953 4 0
0 3 5 26 1595 2413 54 0 0 2 6 24 1498 2516 50 0 0 2 6 33 1586 2449 20 0
0 0 0 0 1493 2591 12 0 0 0 0 0 1526 2556 14 0 0 0 0 0 1014 3080 2 0
0 0 0 24 3457 615 0 0 0 0 0 23 3585 488 0 0 0 0 0 5 3099 992 0 0
0 0 0 775 3321 0 0 0 0 0 0 1146 2950 0 0 0 0 0 0 1218 2878 0 0 0
0 0 0 348 3031 688 29 0 0 0 617 721 2670 88 0 0 0 0 586 270 3136 104 0 0
0 0 0 3 3364 690 39 0 0 0 3 101 3499 471 22 0 0 0 29 79 2499 1460 29 0
0 0 0 0 2679 1330 87 0 0 0 0 0 3232 800 64 0 0 0 0 0 1851 2189 56 0
0 0 0 0 1856 2158 82 0 0 0 0 0 2745 1304 47 0 0 0 0 0 2204 1865 27 0
0 0 0 4 1503 2516 73 0 0 0 0 5 2429 1604 58 0 0 0 0 5 2042 2020 29 0
0 0 2 285 2391 1354 64 0 0 0 2 252 2694 1088 60 0 0 0 2 5 2328 1719 42 0
0 0 0 0 1893 2203 0 0 0 0 0 0 2053 2043 0 0 0 0 0 0 1853 2243 0 0
0 0 0 0 3008 1088 0 0 0 0 0 0 3031 1065 0 0 0 0 0 0 2473 1623 0 0
0 0 0 0 3930 166 0 0 0 0 0 0 3964 132 0 0 0 0 0 0 3679 417 0 0
0 0 240 756 3100 0 0 0 0 0 248 1131 2717 0 0 0 0 0 9 554 3533 0 0 0
