530 576 1114 737 372 217 204 346 568 620 1091 772 353 218 168 306 770 869 956 712 258 190 141 200
454 549 2215 710 116 29 9 14 454 591 2249 645 111 23 9 14 600 999 2005 407 52 13 6 14
204 434 1273 1316 669 165 29 6 333 642 1614 1119 329 38 16 5 640 913 1839 568 110 18 5 3
444 486 982 803 1105 199 25 52 481 528 1260 1558 179 19 21 50 627 716 2201 441 29 22 15 45
279 124 734 1726 1198 34 1 0 291 127 958 1923 790 6 1 0 319 208 1501 1745 318 4 1 0
800 267 878 1657 455 5 6 28 804 279 849 1916 209 5 6 28 845 354 1494 1330 35 4 7 27
716 300 931 2046 102 1 0 0 709 310 766 2234 77 0 0 0 796 299 1878 1094 29 0 0 0
1058 186 186 525 777 830 348 186 1171 440 317 729 904 403 99 33 1426 348 395 1100 597 182 45 3
97 242 491 526 1189 1031 456 64 222 523 802 875 1373 251 29 21 587 749 1012 1230 464 32 16 6
56 62 43 134 2436 1270 51 44 66 55 58 171 3582 101 23 40 73 63 110 382 3393 28 23 24
26 27 83 1878 1669 207 154 52 28 30 130 2837 749 206 110 6 45 52 1834 1814 263 81 7 0
116 89 89 1013 2485 212 31 61 127 89 112 1791 1699 190 36 52 183 67 598 2787 367 37 29 28
384 121 133 1626 1496 247 71 18 434 117 141 1860 1282 244 14 4 482 113 457 2596 372 70 6 0
165 47 50 598 965 1528 626 117 312 732 277 774 954 988 59 0 937 305 507 968 1141 237 1 0
112 59 84 916 1268 1644 13 0 122 70 95 1240 1604 963 2 0 154 59 1006 1049 1772 56 0 0
25 51 132 1521 1063 527 399 378 27 54 196 1711 1004 551 296 257 47 147 1084 1802 593 253 163 7
41 151 199 344 865 950 762 784 73 187 279 493 1078 996 518 472 295 396 531 1086 891 502 306 89
116 291 328 582 605 809 645 720 119 208 336 419 802 960 875 377 361 294 363 634 707 1089 355 293
0 16 53 260 753 1109 903 1002 97 562 350 351 732 880 474 650 645 328 314 726 774 705 342 262
435 399 352 734 741 880 427 128 512 543 403 768 691 896 230 53 780 507 615 871 768 497 45 13
939 374 385 1009 485 355 262 287 1056 400 496 1233 340 202 172 197 1375 636 1060 496 190 199 134 6
1582 647 333 353 308 321 251 301 1694 677 362 417 300 219 193 234 2052 707 358 304 245 181 203 46
779 500 805 385 490 462 324 351 862 518 832 492 526 347 286 233 1341 755 939 328 312 221 159 41
962 503 1030 369 323 294 287 328 1060 557 1167 471 246 231 220 144 1251 921 995 288 282 255 87 17
1130 432 356 381 695 681 251 170 1386 638 552 459 447 443 135 36 1734 770 506 330 437 275 41 3
1538 528 297 636 846 234 17 0 1645 491 519 980 426 31 4 0 1823 770 1044 420 31 8 0 0
330 158 276 939 1278 896 195 24 351 224 584 1308 1282 320 25 2 998 696 1119 1071 191 20 1 0
305 233 398 842 1173 1069 70 6 320 269 579 1219 1260 435 11 3 591 668 1213 1386 214 15 6 3
884 331 228 492 866 943 212 140 1106 448 374 741 945 420 59 3 1323 631 892 962 265 18 5 0
960 602 256 535 874 779 64 26 1331 622 350 617 975 182 14 5 1588 588 992 742 152 26 8 0
52 63 435 1177 1917 444 8 0 65 185 807 1909 1095 35 0 0 205 793 2173 911 14 0 0 0
68 28 154 624 1902 1198 121 1 81 107 338 1447 1777 341 5 0 206 399 1760 1603 127 1 0 0
1 18 121 479 1642 1390 432 13 6 67 264 1080 1890 732 57 0 82 342 1411 1826 419 16 0 0
0 40 255 758 1329 1181 481 52 8 156 689 1020 1424 728 71 0 260 675 1199 1519 435 8 0 0
0 22 232 790 1697 1258 97 0 3 246 544 988 1933 375 7 0 381 398 1176 1972 168 1 0 0
