0 351 167 3578 0 0 0 0 281 123 171 3521 0 0 0 0 359 147 3590 0 0 0 0 0
0 307 145 3643 1 0 0 0 260 120 120 3596 0 0 0 0 332 159 3605 0 0 0 0 0
0 64 92 3931 9 0 0 0 65 50 835 3146 0 0 0 0 88 191 3817 0 0 0 0 0
0 340 201 3555 0 0 0 0 257 136 224 3479 0 0 0 0 316 226 3554 0 0 0 0 0
0 409 336 3335 16 0 0 0 155 285 358 3298 0 0 0 0 223 488 3383 2 0 0 0 0
2 186 190 3658 60 0 0 0 152 95 633 3216 0 0 0 0 194 337 3563 2 0 0 0 0
0 204 181 3658 53 0 0 0 157 135 400 3401 3 0 0 0 214 216 3656 10 0 0 0 0
0 291 581 2894 330 0 0 0 214 149 585 3113 35 0 0 0 283 366 3403 44 0 0 0 0
0 121 129 3087 759 0 0 0 102 98 390 3334 172 0 0 0 162 181 3633 120 0 0 0 0
0 86 384 3224 402 0 0 0 3 110 517 3342 120 4 0 0 68 274 3671 81 2 0 0 0
0 296 337 3092 371 0 0 0 314 161 299 3227 95 0 0 0 425 280 3342 49 0 0 0 0
7 289 625 1900 1275 0 0 0 247 920 960 1854 114 1 0 0 1482 512 2075 26 1 0 0 0
106 435 293 1262 2000 0 0 0 684 2277 248 772 115 0 0 0 3193 106 797 0 0 0 0 0
105 363 309 1363 1956 0 0 0 634 2537 209 634 82 0 0 0 3343 112 641 0 0 0 0 0
172 391 332 764 2431 6 0 0 712 2099 714 378 193 0 0 0 3498 108 490 0 0 0 0 0
8 122 272 1722 1962 10 0 0 152 308 627 1945 1064 0 0 0 768 238 3086 4 0 0 0 0
0 0 0 2310 1786 0 0 0 0 0 0 3024 1072 0 0 0 0 1 4072 23 0 0 0 0
0 0 0 2591 1505 0 0 0 0 0 0 3509 587 0 0 0 0 2 4088 6 0 0 0 0
0 0 0 3211 885 0 0 0 0 0 0 3997 99 0 0 0 0 1 4095 0 0 0 0 0
0 0 0 3234 862 0 0 0 0 0 0 4069 27 0 0 0 0 3 4091 2 0 0 0 0
0 0 0 3091 1005 0 0 0 0 0 0 4031 65 0 0 0 0 0 4093 3 0 0 0 0
0 0 0 3082 1014 0 0 0 0 0 0 4056 40 0 0 0 0 2 4087 7 0 0 0 0
0 0 0 2737 1359 0 0 0 0 0 0 4076 20 0 0 0 0 0 4094 2 0 0 0 0
0 0 0 2038 2058 0 0 0 0 0 0 4080 16 0 0 0 0 1 4080 15 0 0 0 0
0 0 0 2341 1755 0 0 0 0 0 0 4090 6 0 0 0 0 2 4090 4 0 0 0 0
1337 176 411 2172 0 0 0 0 1324 196 452 2124 0 0 0 0 1413 407 2276 0 0 0 0 0
1441 122 322 2198 13 0 0 0 1394 168 373 2161 0 0 0 0 1485 288 2322 1 0 0 0 0
1566 82 253 2179 16 0 0 0 1564 87 712 1733 0 0 0 0 1608 277 2198 13 0 0 0 0
1702 85 203 2099 7 0 0 0 1690 95 279 2032 0 0 0 0 1746 191 2154 5 0 0 0 0
1801 88 144 2027 36 0 0 0 1799 85 173 2039 0 0 0 0 1835 163 2093 5 0 0 0 0
1623 106 231 2114 22 0 0 0 1617 107 437 1934 1 0 0 0 1668 282 2133 13 0 0 0 0
1733 84 163 2092 24 0 0 0 1726 91 217 2062 0 0 0 0 1772 201 2120 3 0 0 0 0
1798 65 133 2046 54 0 0 0 1787 74 223 2010 2 0 0 0 1833 198 2063 2 0 0 0 0
1835 31 142 1972 116 0 0 0 1832 40 382 1839 3 0 0 0 1852 197 2038 9 0 0 0 0
1680 82 194 2112 28 0 0 0 1673 87 248 2086 2 0 0 0 1726 235 2116 19 0 0 0 0
1752 330 469 1525 20 0 0 0 2227 153 216 1500 0 0 0 0 2354 264 1473 5 0 0 0 0
791 525 431 1053 1296 0 0 0 1197 1833 448 613 5 0 0 0 3075 377 636 7 1 0 0 0
253 577 437 787 2042 0 0 0 992 2697 407 0 0 0 0 0 4091 5 0 0 0 0 0 0
514 702 511 936 1432 1 0 0 1363 2367 366 0 0 0 0 0 4087 9 0 0 0 0 0 0
112 289 232 763 2699 1 0 0 480 3346 270 0 0 0 0 0 4089 7 0 0 0 0 0 0
1491 181 105 936 1383 0 0 0 1665 1279 131 955 66 0 0 0 3006 111 976 3 0 0 0 0
2368 93 59 1111 465 0 0 0 2424 166 42 1378 86 0 0 0 2588 45 1458 5 0 0 0 0
2372 82 74 984 584 0 0 0 2415 322 37 1278 44 0 0 0 2727 49 1319 1 0 0 0 0
2339 96 76 1051 534 0 0 0 2410 424 30 1208 24 0 0 0 2826 34 1236 0 0 0 0 0
2349 94 81 1008 564 0 0 0 2416 504 52 1096 28 0 0 0 2928 47 1121 0 0 0 0 0
2334 87 82 787 806 0 0 0 2391 630 63 995 17 0 0 0 3041 54 1001 0 0 0 0 0
2334 78 73 662 949 0 0 0 2369 735 85 874 33 0 0 0 3143 78 871 4 0 0 0 0
2316 103 71 593 1013 0 0 0 2369 794 141 777 15 0 0 0 3257 48 788 3 0 0 0 0
2310 89 78 373 1246 0 0 0 2361 870 171 688 6 0 0 0 3305 95 696 0 0 0 0 0
2283 115 58 532 1108 0 0 0 2348 1048 103 591 6 0 0 0 3415 84 592 5 0 0 0 0
1249 63 167 2546 71 0 0 0 1299 1229 1302 266 0 0 0 0 2477 402 1215 2 0 0 0 0
1285 150 112 2230 319 0 0 0 1369 2725 2 0 0 0 0 0 4000 94 2 0 0 0 0 0
1263 55 78 1875 825 0 0 0 1343 2708 45 0 0 0 0 0 4038 39 19 0 0 0 0 0
1089 151 119 2044 693 0 0 0 1135 1250 552 1159 0 0 0 0 2225 320 1468 83 0 0 0 0
965 248 242 1406 1235 0 0 0 1074 3000 18 4 0 0 0 0 3971 117 8 0 0 0 0 0
929 298 191 1543 1135 0 0 0 1254 2751 91 0 0 0 0 0 3965 131 0 0 0 0 0 0
869 145 142 2279 661 0 0 0 1014 1266 767 1049 0 0 0 0 2169 355 1565 7 0 0 0 0
743 377 327 1843 806 0 0 0 1228 2833 31 3 1 0 0 0 3995 94 5 1 1 0 0 0
625 246 211 2132 882 0 0 0 941 3016 73 66 0 0 0 0 3933 59 87 17 0 0 0 0
169 177 451 2923 376 0 0 0 433 2008 594 1061 0 0 0 0 2395 219 1461 21 0 0 0 0
362 294 670 2268 502 0 0 0 590 2366 619 521 0 0 0 0 2927 553 602 14 0 0 0 0
109 115 524 2257 1091 0 0 0 153 2328 915 700 0 0 0 0 2451 589 1044 12 0 0 0 0
15 41 124 806 3012 68 30 0 161 2813 672 358 59 33 0 0 3120 557 313 79 27 0 0 0
0 0 158 905 3011 22 0 0 165 2889 571 461 10 0 0 0 3265 425 384 22 0 0 0 0
0 0 104 668 3296 28 0 0 124 2694 634 636 8 0 0 0 2996 519 580 1 0 0 0 0
0 9 203 838 3036 10 0 0 0 3324 566 206 0 0 0 0 3379 468 249 0 0 0 0 0
0 0 0 603 3493 0 0 0 0 4090 6 0 0 0 0 0 4096 0 0 0 0 0 0 0
0 0 0 338 3758 0 0 0 0 4074 22 0 0 0 0 0 4096 0 0 0 0 0 0 0
0 0 0 242 3854 0 0 0 0 4084 12 0 0 0 0 0 4096 0 0 0 0 0 0 0
0 0 0 204 3892 0 0 0 0 4079 17 0 0 0 0 0 4096 0 0 0 0 0 0 0
0 0 0 80 4016 0 0 0 0 4038 58 0 0 0 0 0 4096 0 0 0 0 0 0 0
0 0 0 197 3899 0 0 0 0 3981 115 0 0 0 0 0 4080 16 0 0 0 0 0 0
0 0 0 243 3853 0 0 0 0 3718 298 63 17 0 0 0 3942 78 74 2 0 0 0 0
0 0 0 324 3772 0 0 0 0 3648 243 159 46 0 0 0 3838 64 176 18 0 0 0 0
0 0 110 663 3323 0 0 0 26 3576 229 242 23 0 0 0 3714 111 266 5 0 0 0 0
192 405 539 1378 1580 2 0 0 691 848 378 774 1405 0 0 0 1466 259 610 1363 398 0 0 0
1172 424 524 1580 396 0 0 0 1606 1994 188 308 0 0 0 0 3420 294 375 7 0 0 0 0
522 374 359 1727 1114 0 0 0 879 2150 212 855 0 0 0 0 2867 293 913 23 0 0 0 0
0 39 117 2379 1561 0 0 0 67 1789 502 1724 14 0 0 0 1865 337 1862 32 0 0 0 0
0 18 118 2019 1941 0 0 0 71 1940 128 1945 12 0 0 0 2020 114 1948 14 0 0 0 0
0 1359 280 985 1472 0 0 0 36 3261 175 613 11 0 0 0 3140 308 639 9 0 0 0 0
0 2852 407 475 362 0 0 0 43 3575 158 315 5 0 0 0 3408 293 325 70 0 0 0 0
0 2386 357 532 821 0 0 0 2 3785 130 179 0 0 0 0 3516 350 202 28 0 0 0 0
0 387 53 2248 1408 0 0 0 26 1948 122 1992 8 0 0 0 1948 138 2006 4 0 0 0 0
0 0 2 3257 824 6 7 0 0 1478 70 2530 8 7 3 0 1473 74 2514 19 7 5 4 0
5 192 594 1787 922 116 461 19 42 1078 901 1463 91 64 457 0 1025 944 1436 135 52 85 419 0
23 149 341 2865 440 191 87 0 57 1031 603 2072 81 179 73 0 1022 625 2080 98 54 189 28 0
0 0 2 3401 581 84 28 0 13 1089 126 2703 81 84 0 0 1084 158 2699 75 80 0 0 0
0 0 0 3707 389 0 0 0 4 1005 49 3037 1 0 0 0 1007 55 3033 1 0 0 0 0
0 0 0 2362 1413 321 0 0 0 868 86 2701 441 0 0 0 881 67 2853 295 0 0 0 0
0 0 0 2585 1483 28 0 0 0 760 80 3168 88 0 0 0 760 69 3225 42 0 0 0 0
0 0 0 3212 884 0 0 0 0 624 69 3366 37 0 0 0 627 75 3387 7 0 0 0 0
0 0 0 3093 1003 0 0 0 0 520 78 3476 22 0 0 0 529 63 3500 4 0 0 0 0
0 0 0 2972 1124 0 0 0 0 371 75 3615 35 0 0 0 374 83 3638 1 0 0 0 0
0 0 0 2501 1595 0 0 0 0 239 89 3630 138 0 0 0 265 62 3743 26 0 0 0 0
0 0 0 2115 1981 0 0 0 0 105 77 3618 296 0 0 0 132 65 3858 41 0 0 0 0
0 0 3 2737 1356 0 0 0 0 0 50 3957 89 0 0 0 1 54 4037 4 0 0 0 0
0 0 0 2889 1207 0 0 0 0 0 0 3982 114 0 0 0 0 1 4075 20 0 0 0 0
0 0 0 2638 1458 0 0 0 0 0 0 4037 59 0 0 0 0 0 4079 17 0 0 0 0
0 0 534 3068 494 0 0 0 0 0 607 3482 7 0 0 0 0 522 3569 5 0 0 0 0
3 141 596 2055 1295 6 0 0 5 282 647 2045 1117 0 0 0 131 565 1885 1196 319 0 0 0
258 129 166 3521 22 0 0 0 251 130 204 3510 1 0 0 0 312 161 3606 17 0 0 0 0
253 131 138 3481 93 0 0 0 244 146 155 3550 1 0 0 0 290 175 3614 17 0 0 0 0
0 0 48 2430 1617 1 0 0 0 1534 735 1819 8 0 0 0 1761 526 1784 25 0 0 0 0
0 42 53 3135 865 1 0 0 1 386 332 3373 4 0 0 0 460 279 3347 10 0 0 0 0
19 2687 533 849 8 0 0 0 41 2866 404 775 10 0 0 0 2474 648 767 207 0 0 0 0
189 2682 272 920 33 0 0 0 384 2544 228 909 31 0 0 0 2665 354 581 496 0 0 0 0
321 2613 465 642 55 0 0 0 514 2574 370 572 66 0 0 0 2767 548 484 297 0 0 0 0
0 1202 120 2663 111 0 0 0 8 1231 100 2757 0 0 0 0 1119 182 2783 12 0 0 0 0
631 227 177 2171 154 73 656 7 679 258 194 2173 77 99 616 0 843 279 2118 96 66 281 413 0
0 0 25 76 139 729 3002 125 0 1 90 78 155 979 2792 1 0 57 82 69 430 1242 2216 0
1 34 177 501 260 1110 2010 3 4 103 202 436 305 1355 1691 0 78 196 385 174 561 1802 900 0
182 195 316 3198 106 76 23 0 229 336 339 3052 53 78 9 0 424 429 3100 50 77 16 0 0
0 0 0 4079 17 0 0 0 0 0 3 4093 0 0 0 0 0 14 4082 0 0 0 0 0
0 0 0 1699 1271 1119 7 0 0 0 18 2880 1166 32 0 0 0 133 3607 349 7 0 0 0
0 0 0 867 780 1235 1182 32 0 0 40 1421 626 826 1183 0 0 85 1525 429 484 1175 398 0
0 0 1 3740 270 85 0 0 0 0 21 3873 128 73 1 0 0 15 3878 118 75 10 0 0
133 431 374 3094 63 1 0 0 199 602 190 3102 2 1 0 0 726 261 3106 2 1 0 0 0
35 130 372 3458 100 1 0 0 43 312 272 3431 37 1 0 0 278 366 3425 26 1 0 0 0
183 424 496 2732 261 0 0 0 271 561 361 2888 15 0 0 0 750 446 2891 9 0 0 0 0
0 0 0 3595 423 66 12 0 0 0 6 3969 51 70 0 0 0 3 3958 60 70 5 0 0
0 0 0 3214 268 564 50 0 0 0 4 3398 85 604 5 0 0 1 3387 94 593 21 0 0
0 0 0 2678 186 1125 107 0 0 0 0 2787 107 1187 15 0 0 0 2784 94 1134 84 0 0
0 0 48 2217 363 1338 130 0 0 0 71 2365 309 1316 35 0 0 77 2326 275 1315 103 0 0
0 11 544 1835 187 1421 98 0 0 16 615 1798 249 1384 34 0 11 788 1593 194 1342 168 0 0
1011 2062 247 776 0 0 0 0 727 2474 137 758 0 0 0 0 1215 1949 932 0 0 0 0 0
16 180 71 3809 20 0 0 0 0 188 88 3820 0 0 0 0 0 196 3893 7 0 0 0 0
0 0 0 3961 135 0 0 0 0 0 0 4095 1 0 0 0 0 0 4080 16 0 0 0 0
0 0 0 3991 105 0 0 0 0 0 0 4094 2 0 0 0 0 0 4064 32 0 0 0 0
0 0 0 3657 439 0 0 0 0 246 104 3735 11 0 0 0 270 102 3705 19 0 0 0 0
0 112 58 3711 215 0 0 0 0 119 78 3887 12 0 0 0 99 59 3877 61 0 0 0 0
97 993 677 2277 52 0 0 0 148 938 715 2294 1 0 0 0 959 242 2859 36 0 0 0 0
382 1410 1901 402 1 0 0 0 422 1660 1660 353 1 0 0 0 689 1687 1678 42 0 0 0 0
0 95 666 3327 8 0 0 0 0 116 750 3230 0 0 0 0 0 267 3821 8 0 0 0 0
956 634 1051 267 615 573 0 0 1054 569 1174 848 451 0 0 0 1211 1058 1827 0 0 0 0 0
1481 85 104 159 120 592 1463 92 1482 88 196 125 140 783 1280 2 1515 132 186 75 247 931 1010 0
829 231 292 689 472 747 820 16 845 271 762 479 267 721 747 4 976 905 522 104 286 828 472 3
1 405 833 1606 1056 164 31 0 31 771 785 1547 840 111 11 0 391 973 1597 357 765 13 0 0
304 263 364 2685 162 317 1 0 346 365 454 2548 257 126 0 0 580 600 2652 136 128 0 0 0
0 0 66 1029 2140 861 0 0 0 4 688 2341 1063 0 0 0 106 1233 2662 95 0 0 0 0
145 151 277 896 1624 1001 2 0 137 250 606 1248 1368 487 0 0 496 822 1115 909 753 1 0 0
0 5 312 2465 180 1009 125 0 0 4 508 2339 228 990 27 0 5 558 2287 168 1019 59 0 0
736 684 565 845 81 946 239 0 820 726 478 823 92 1141 16 0 1147 789 809 174 1104 73 0 0
461 604 1062 587 157 984 241 0 490 650 1038 548 252 1067 51 0 803 1205 613 314 1059 102 0 0
1172 793 619 155 62 1027 268 0 1247 1090 318 95 92 1209 45 0 2315 283 135 86 1159 118 0 0
33 67 1053 1564 86 1029 264 0 30 70 1301 1323 98 1185 89 0 56 1638 1027 87 1142 146 0 0
23 43 783 2333 73 637 204 0 23 49 909 2222 64 766 63 0 39 1180 1981 64 688 144 0 0
444 83 998 2240 69 200 62 0 424 99 1061 2200 68 226 18 0 471 1582 1725 68 210 40 0 0
1562 114 1060 1360 0 0 0 0 1539 126 1154 1277 0 0 0 0 1594 1375 1127 0 0 0 0 0
1605 155 1410 926 0 0 0 0 1593 145 1630 728 0 0 0 0 1653 1777 666 0 0 0 0 0
2312 1756 28 0 0 0 0 0 1173 2923 0 0 0 0 0 0 1229 2799 68 0 0 0 0 0
929 480 197 2490 0 0 0 0 587 806 268 2435 0 0 0 0 284 1185 2621 6 0 0 0 0
0 0 0 3846 250 0 0 0 0 0 0 4096 0 0 0 0 0 0 4021 75 0 0 0 0
0 0 0 3595 501 0 0 0 0 0 0 4083 13 0 0 0 0 0 4041 55 0 0 0 0
0 0 0 3566 530 0 0 0 0 0 0 4090 6 0 0 0 0 0 4044 52 0 0 0 0
0 0 2 3847 247 0 0 0 0 0 0 4094 2 0 0 0 0 0 4042 54 0 0 0 0
144 293 985 2666 8 0 0 0 137 294 1488 2177 0 0 0 0 168 458 3445 25 0 0 0 0
2164 1073 820 39 0 0 0 0 2158 1112 783 43 0 0 0 0 2337 1135 586 38 0 0 0 0
840 758 1815 683 0 0 0 0 827 808 1864 597 0 0 0 0 980 1740 1376 0 0 0 0 0
1418 652 919 144 355 549 59 0 1411 678 989 454 436 89 39 0 1553 961 1227 193 85 77 0 0
2628 120 144 216 347 351 290 0 2660 172 179 339 306 233 207 0 2768 208 434 199 160 325 2 0
1807 807 408 247 322 273 161 71 1853 934 364 315 183 248 129 70 2217 600 525 212 236 177 50 79
100 922 821 563 499 1024 167 0 315 1049 783 487 524 934 4 0 1373 811 456 546 871 39 0 0
1028 1220 613 455 409 370 1 0 1122 1265 608 609 329 163 0 0 2280 803 684 249 80 0 0 0
534 620 361 436 1176 969 0 0 608 735 416 1117 1220 0 0 0 1181 833 1627 453 2 0 0 0
2718 198 173 151 609 247 0 0 2737 209 222 558 370 0 0 0 2872 445 777 2 0 0 0 0
105 1625 1976 390 0 0 0 0 98 1488 2176 334 0 0 0 0 562 3071 461 2 0 0 0 0
2214 1030 656 196 0 0 0 0 2275 978 639 204 0 0 0 0 2677 1036 322 61 0 0 0 0
2398 1534 148 13 3 0 0 0 2368 1546 162 17 3 0 0 0 3159 882 41 11 3 0 0 0
3316 757 23 0 0 0 0 0 3308 769 19 0 0 0 0 0 3877 219 0 0 0 0 0 0
582 789 1760 965 0 0 0 0 571 904 1685 936 0 0 0 0 1057 2197 842 0 0 0 0 0
347 652 2161 934 2 0 0 0 360 956 1919 861 0 0 0 0 825 2421 850 0 0 0 0 0
1753 902 1439 2 0 0 0 0 1740 1229 1127 0 0 0 0 0 2203 1887 6 0 0 0 0 0
1965 1447 476 155 53 0 0 0 1837 1510 525 186 38 0 0 0 2955 976 139 24 2 0 0 0
1392 1610 1093 1 0 0 0 0 1380 1921 794 1 0 0 0 0 2242 1847 6 1 0 0 0 0
2599 1437 60 0 0 0 0 0 2600 1496 0 0 0 0 0 0 3001 1095 0 0 0 0 0 0
2523 387 722 455 9 0 0 0 2402 634 695 356 9 0 0 0 2337 1213 517 28 1 0 0 0
0 98 2555 1414 29 0 0 0 0 288 2671 1137 0 0 0 0 8 2892 1192 4 0 0 0 0
617 157 1888 1429 5 0 0 0 621 176 2126 1172 1 0 0 0 697 2350 1040 9 0 0 0 0
1263 179 1389 1208 57 0 0 0 1262 196 1651 987 0 0 0 0 1332 1874 881 9 0 0 0 0
1183 1620 504 789 0 0 0 0 1633 1387 385 691 0 0 0 0 1015 2212 869 0 0 0 0 0
677 2105 978 336 0 0 0 0 1201 1826 935 134 0 0 0 0 737 2785 574 0 0 0 0 0
2058 1528 218 283 9 0 0 0 2016 1557 345 172 6 0 0 0 2699 1186 141 69 1 0 0 0
1430 1202 1039 414 11 0 0 0 1395 1477 1046 170 8 0 0 0 1906 2052 93 38 7 0 0 0
1446 820 541 339 613 248 89 0 1454 1003 542 490 425 171 11 0 1836 1146 796 111 100 107 0 0
3924 172 0 0 0 0 0 0 3890 206 0 0 0 0 0 0 4084 12 0 0 0 0 0 0
2948 837 145 48 32 32 25 29 2916 931 97 34 33 32 28 25 3291 548 107 31 22 34 33 30
1408 568 456 612 510 364 178 0 1515 615 570 617 290 461 28 0 1968 743 549 310 460 66 0 0
2768 304 265 312 376 71 0 0 2883 344 338 497 34 0 0 0 3199 444 449 2 2 0 0 0
1041 415 281 843 1048 468 0 0 1178 425 835 957 615 86 0 0 1502 1293 1118 66 52 65 0 0
922 1174 1183 488 329 0 0 0 988 1238 1360 467 43 0 0 0 1825 1954 317 0 0 0 0 0
566 1951 1292 287 0 0 0 0 649 2208 1168 71 0 0 0 0 1895 2171 30 0 0 0 0 0
2143 1566 169 175 43 0 0 0 2207 1561 113 171 44 0 0 0 3058 730 99 196 13 0 0 0
1859 855 711 603 68 0 0 0 2076 1120 791 109 0 0 0 0 2620 1212 261 3 0 0 0 0
866 958 611 910 648 103 0 0 1051 1099 963 780 203 0 0 0 1989 1127 864 116 0 0 0 0
250 794 1701 943 387 21 0 0 286 1433 1794 555 28 0 0 0 1425 2354 315 2 0 0 0 0
310 667 3032 87 0 0 0 0 302 1040 2714 40 0 0 0 0 717 3379 0 0 0 0 0 0
1328 1016 1706 46 0 0 0 0 1310 1224 1557 5 0 0 0 0 1904 2191 1 0 0 0 0 0
1577 1423 1048 48 0 0 0 0 1526 1623 914 33 0 0 0 0 2275 1721 100 0 0 0 0 0
136 1132 2779 31 9 8 1 0 136 1470 2452 22 6 8 2 0 976 3062 38 10 5 5 0 0
549 518 2297 732 0 0 0 0 542 542 2975 37 0 0 0 0 690 3233 173 0 0 0 0 0
652 192 2170 1082 0 0 0 0 608 254 3108 126 0 0 0 0 662 3243 191 0 0 0 0 0
370 166 2224 1336 0 0 0 0 380 201 3324 191 0 0 0 0 466 3442 188 0 0 0 0 0
326 90 1872 1808 0 0 0 0 323 99 3372 302 0 0 0 0 389 3464 243 0 0 0 0 0
190 64 1839 2003 0 0 0 0 195 102 3344 455 0 0 0 0 271 3535 290 0 0 0 0 0
18 54 1588 2436 0 0 0 0 17 101 3491 487 0 0 0 0 87 3510 499 0 0 0 0 0
0 49 1043 3004 0 0 0 0 0 81 2854 1161 0 0 0 0 62 3377 657 0 0 0 0 0
0 67 1004 3025 0 0 0 0 0 83 2987 1026 0 0 0 0 77 3221 798 0 0 0 0 0
0 69 1871 2156 0 0 0 0 0 88 3409 599 0 0 0 0 74 3555 467 0 0 0 0 0
919 416 1325 529 834 73 0 0 911 506 1589 716 370 4 0 0 1283 1810 976 19 8 0 0 0
4038 54 4 0 0 0 0 0 3906 187 3 0 0 0 0 0 4073 22 1 0 0 0 0 0
3689 284 66 42 6 8 1 0 3669 310 61 41 6 8 1 0 3815 186 62 18 6 8 1 0
2212 323 421 367 280 375 118 0 2244 447 431 300 243 428 3 0 2405 628 346 241 441 35 0 0
3390 91 70 252 293 0 0 0 3397 82 79 357 181 0 0 0 3419 89 132 445 11 0 0 0
3238 72 75 110 600 1 0 0 3244 80 77 457 238 0 0 0 3279 120 375 239 83 0 0 0
1483 763 1433 340 77 0 0 0 1463 818 1540 247 28 0 0 0 1627 1696 719 54 0 0 0 0
2681 616 648 126 25 0 0 0 2710 665 660 61 0 0 0 0 2903 1034 113 45 1 0 0 0
2421 1675 0 0 0 0 0 0 3167 929 0 0 0 0 0 0 4092 4 0 0 0 0 0 0
561 2154 569 430 359 23 0 0 1754 1469 494 368 11 0 0 0 3158 644 294 0 0 0 0 0
746 1387 1131 485 290 57 0 0 1167 1824 728 312 65 0 0 0 2557 1121 416 2 0 0 0 0
2111 494 667 554 229 40 1 0 2194 977 521 296 84 24 0 0 2782 892 277 86 45 14 0 0
95 457 2367 349 386 442 0 0 98 632 2368 287 252 457 2 0 307 2750 311 127 237 364 0 0
2178 600 1280 38 0 0 0 0 2186 703 1186 21 0 0 0 0 2483 1600 13 0 0 0 0 0
3380 240 474 2 0 0 0 0 3368 249 479 0 0 0 0 0 3518 578 0 0 0 0 0 0
1290 1594 1094 86 32 0 0 0 1263 1689 1006 93 45 0 0 0 1892 1424 688 83 9 0 0 0
122 119 2479 1376 0 0 0 0 126 130 3379 461 0 0 0 0 170 3187 739 0 0 0 0 0
124 135 2543 1294 0 0 0 0 131 146 3511 308 0 0 0 0 191 3525 380 0 0 0 0 0
119 128 2542 1307 0 0 0 0 124 135 3592 245 0 0 0 0 190 3515 391 0 0 0 0 0
120 112 2406 1458 0 0 0 0 124 124 3549 299 0 0 0 0 170 3667 259 0 0 0 0 0
672 624 1530 1041 74 58 97 0 843 583 2196 293 30 63 88 0 1283 2339 274 32 21 66 81 0
190 421 2038 1401 34 7 5 0 273 437 3107 261 7 10 1 0 578 3260 238 6 6 8 0 0
559 321 2149 1067 0 0 0 0 607 348 2847 294 0 0 0 0 825 3046 225 0 0 0 0 0
226 254 2293 1323 0 0 0 0 220 275 3112 489 0 0 0 0 348 3385 363 0 0 0 0 0
214 164 2556 1162 0 0 0 0 233 153 3244 466 0 0 0 0 305 3297 494 0 0 0 0 0
1516 515 940 388 728 9 0 0 1564 587 1049 817 79 0 0 0 1956 1390 750 0 0 0 0 0
3790 277 23 6 0 0 0 0 3822 254 20 0 0 0 0 0 4058 38 0 0 0 0 0 0
4045 51 0 0 0 0 0 0 4024 72 0 0 0 0 0 0 4080 16 0 0 0 0 0 0
2264 243 381 407 193 448 160 0 2300 324 402 303 194 531 42 0 2442 460 301 258 465 170 0 0
3366 403 159 99 69 0 0 0 3380 468 77 123 48 0 0 0 3597 271 86 142 0 0 0 0
3808 33 26 98 131 0 0 0 3808 32 27 128 101 0 0 0 3814 35 54 192 1 0 0 0
3827 255 14 0 0 0 0 0 3743 335 18 0 0 0 0 0 3841 239 16 0 0 0 0 0
2208 343 198 487 693 167 0 0 2264 519 703 590 20 0 0 0 2425 489 722 460 0 0 0 0
1421 934 417 508 683 133 0 0 1910 752 814 618 2 0 0 0 2271 680 740 405 0 0 0 0
1719 2125 232 20 0 0 0 0 3000 1088 8 0 0 0 0 0 4093 3 0 0 0 0 0 0
1422 1405 1016 252 1 0 0 0 2970 1117 9 0 0 0 0 0 3133 942 21 0 0 0 0 0
3684 160 148 87 17 0 0 0 3822 199 68 7 0 0 0 0 3851 212 33 0 0 0 0 0
1368 566 775 385 550 452 0 0 1427 554 781 343 532 458 1 0 1625 1052 215 338 574 292 0 0
1363 636 1538 531 28 0 0 0 1350 727 1752 245 22 0 0 0 1743 2198 132 23 0 0 0 0
1833 362 1580 284 36 1 0 0 1779 425 1672 174 37 9 0 0 1915 1943 154 53 31 0 0 0
1920 381 1701 88 6 0 0 0 1889 477 1678 44 8 0 0 0 2004 2011 49 26 6 0 0 0
650 289 2524 593 40 0 0 0 668 390 2840 166 32 0 0 0 798 2966 245 74 13 0 0 0
714 616 2029 353 207 177 0 0 842 837 1934 113 212 158 0 0 1311 2214 143 78 189 161 0 0
328 150 2639 977 2 0 0 0 326 177 3362 223 8 0 0 0 424 3420 236 15 1 0 0 0
319 1077 1996 693 11 0 0 0 492 1346 2030 225 3 0 0 0 1344 2521 231 0 0 0 0 0
509 1032 985 354 327 587 302 0 682 932 1070 239 346 541 286 0 1282 1177 327 207 337 502 264 0
1025 781 1356 127 119 522 166 0 999 765 1328 180 141 619 64 0 1458 1489 243 132 158 570 46 0
2117 1006 828 145 0 0 0 0 2242 1183 671 0 0 0 0 0 3113 980 3 0 0 0 0 0
1296 1152 1136 239 62 211 0 0 1234 1225 1268 131 238 0 0 0 1598 2023 203 186 86 0 0 0
464 164 1933 1280 139 115 1 0 460 215 2421 818 182 0 0 0 541 2642 669 197 47 0 0 0
757 877 550 502 1071 303 36 0 923 964 446 980 554 228 1 0 1510 766 1010 388 361 61 0 0
2272 590 311 298 251 374 0 0 2370 564 385 170 238 369 0 0 2661 487 200 174 262 311 1 0
3947 85 26 10 15 13 0 0 3936 104 18 10 15 13 0 0 3993 58 10 7 15 13 0 0
3443 295 58 61 69 153 17 0 3454 289 59 65 75 147 7 0 3649 121 66 67 184 9 0 0
3273 247 173 292 111 0 0 0 3281 247 241 296 31 0 0 0 3367 311 327 91 0 0 0 0
3576 112 88 194 126 0 0 0 3592 139 112 253 0 0 0 0 3644 205 247 0 0 0 0 0
2514 132 175 553 654 68 0 0 2492 165 438 564 437 0 0 0 2585 592 446 468 5 0 0 0
2679 409 34 261 616 97 0 0 2545 548 64 332 547 60 0 0 3001 134 262 581 118 0 0 0
2755 404 215 116 203 403 0 0 2736 433 202 108 287 330 0 0 2924 372 132 232 430 6 0 0
1631 2109 205 67 28 55 1 0 2054 1681 211 68 36 46 0 0 3660 284 63 35 54 0 0 0
620 3085 290 101 0 0 0 0 1331 2764 1 0 0 0 0 0 3797 296 3 0 0 0 0 0
3415 592 74 15 0 0 0 0 3604 433 38 21 0 0 0 0 3973 80 41 2 0 0 0 0
2146 322 298 513 594 223 0 0 2176 455 484 477 330 174 0 0 2449 660 409 238 301 39 0 0
947 1463 1433 251 2 0 0 0 1098 1649 1260 89 0 0 0 0 2465 1584 43 4 0 0 0 0
712 708 2097 579 0 0 0 0 684 737 2417 258 0 0 0 0 491 3254 351 0 0 0 0 0
413 1062 2336 285 0 0 0 0 398 1028 2553 117 0 0 0 0 603 3266 226 1 0 0 0 0
1796 631 839 661 138 31 0 0 1878 597 845 612 132 31 1 0 2199 848 597 365 79 8 0 0
536 1251 660 539 878 232 0 0 984 1012 471 560 876 193 0 0 1637 524 390 665 673 207 0 0
930 535 1283 386 588 374 0 0 986 666 1158 309 608 369 0 0 1425 1306 232 214 580 339 0 0
2352 984 561 197 2 0 0 0 2418 991 543 144 0 0 0 0 3293 683 118 2 0 0 0 0
2464 549 427 371 172 113 0 0 2541 568 427 312 144 104 0 0 2781 522 412 169 157 55 0 0
3851 77 51 33 53 31 0 0 3842 81 57 41 63 12 0 0 3875 68 54 48 48 3 0 0
1685 969 1000 442 0 0 0 0 2247 1168 656 25 0 0 0 0 3161 907 28 0 0 0 0 0
2633 725 454 162 89 33 0 0 3255 396 271 146 28 0 0 0 3518 389 71 118 0 0 0 0
1087 490 1132 1372 15 0 0 0 1185 647 1551 713 0 0 0 0 1488 1663 943 2 0 0 0 0
640 369 1185 1094 679 128 1 0 713 577 1480 1086 146 94 0 0 1157 1706 974 135 124 0 0 0
759 497 482 839 757 749 13 0 630 691 524 812 664 772 3 0 690 1030 720 248 699 709 0 0
3934 79 33 14 26 10 0 0 3915 98 31 13 28 11 0 0 3944 69 32 12 29 10 0 0
1383 316 918 1319 160 0 0 0 1398 357 1991 350 0 0 0 0 1099 2743 254 0 0 0 0 0
1732 118 97 1917 232 0 0 0 1782 123 1827 364 0 0 0 0 1873 1751 472 0 0 0 0 0
4096 0 0 0 0 0 0 0 4096 0 0 0 0 0 0 0 4096 0 0 0 0 0 0 0
2067 750 1000 278 1 0 0 0 2069 763 1108 154 2 0 0 0 2283 1649 155 9 0 0 0 0
437 122 2088 1340 76 33 0 0 442 128 2610 838 59 19 0 0 506 2798 721 54 17 0 0 0
431 880 995 1087 138 530 35 0 434 1078 871 1092 124 497 0 0 1062 1365 1044 118 506 1 0 0
366 626 548 1350 208 919 79 0 485 582 541 1406 200 882 0 0 997 705 1311 173 882 28 0 0
205 833 190 651 1083 916 218 0 358 753 552 1200 177 1025 31 0 1009 830 1025 160 925 147 0 0
799 563 554 806 190 901 283 0 965 740 938 172 153 1071 57 0 1552 1089 170 133 922 230 0 0
793 293 252 1064 459 797 438 0 844 403 950 555 170 936 238 0 1286 1152 310 128 746 474 0 0
619 1182 692 123 123 787 570 0 809 1363 378 109 123 1035 279 0 2056 479 110 129 667 655 0 0
579 381 986 285 314 999 552 0 585 430 1104 394 210 1162 211 0 782 1375 328 231 761 619 0 0
385 263 1105 766 164 1065 348 0 383 314 1320 550 173 1296 60 0 527 1437 536 197 875 524 0 0
842 1006 1399 707 134 5 3 0 803 1218 1539 431 100 5 0 0 921 2029 886 248 8 4 0 0
128 557 1119 1429 861 2 0 0 369 523 1226 1224 754 0 0 0 591 934 1225 1309 37 0 0 0
3404 289 143 97 135 28 0 0 3512 284 39 102 138 21 0 0 3685 122 54 99 118 18 0 0
3264 373 419 37 3 0 0 0 3935 109 41 11 0 0 0 0 3976 82 33 5 0 0 0 0
2498 180 172 345 649 252 0 0 2527 186 335 698 123 227 0 0 2574 643 483 60 160 176 0 0
2595 149 101 102 303 846 0 0 2573 166 101 97 282 877 0 0 2542 210 96 127 843 278 0 0
2116 459 374 418 502 182 45 0 2452 343 338 646 83 117 117 0 2508 888 339 56 74 202 29 0
1984 991 254 392 475 0 0 0 2803 319 303 643 26 2 0 0 3051 829 191 11 14 0 0 0
2084 664 669 601 78 0 0 0 2075 882 732 337 66 4 0 0 2411 1110 457 82 36 0 0 0
987 850 750 828 674 7 0 0 998 1044 1044 939 71 0 0 0 1445 1528 1030 54 39 0 0 0
1314 1315 740 679 48 0 0 0 1152 1514 1171 246 13 0 0 0 1644 2039 386 18 9 0 0 0
4020 53 22 1 0 0 0 0 4020 56 20 0 0 0 0 0 4066 30 0 0 0 0 0 0
1114 309 1292 1156 225 0 0 0 1162 298 1673 963 0 0 0 0 1270 2237 589 0 0 0 0 0
969 141 582 2259 145 0 0 0 1011 511 2373 201 0 0 0 0 1550 2461 85 0 0 0 0 0
212 91 1066 2727 0 0 0 0 252 661 3183 0 0 0 0 0 718 3378 0 0 0 0 0 0
462 448 2087 885 211 3 0 0 454 831 2250 442 116 3 0 0 1097 2368 447 121 63 0 0 0
527 100 1907 1452 110 0 0 0 532 108 2175 1274 7 0 0 0 587 2424 1085 0 0 0 0 0
509 102 1850 1435 200 0 0 0 509 105 2003 1473 6 0 0 0 576 2253 1267 0 0 0 0 0
414 88 1618 1501 243 232 0 0 415 94 1967 1255 152 213 0 0 474 2141 1090 120 222 49 0 0
12 433 1012 1574 815 250 0 0 30 1085 1232 978 549 222 0 0 906 1615 573 512 430 60 0 0
422 2944 358 360 12 0 0 0 509 3214 372 1 0 0 0 0 3736 360 0 0 0 0 0 0
161 251 869 2681 134 0 0 0 251 716 3042 87 0 0 0 0 989 3020 87 0 0 0 0 0
1825 341 452 1116 360 2 0 0 1941 373 843 599 338 2 0 0 2140 792 287 611 264 2 0 0
2374 259 296 307 576 254 30 0 2394 501 631 335 194 41 0 0 2717 769 335 198 77 0 0 0
334 172 1082 2506 2 0 0 0 337 165 2353 1241 0 0 0 0 412 2917 720 47 0 0 0 0
2660 1051 279 104 2 0 0 0 2249 1313 435 97 2 0 0 0 2059 1511 480 46 0 0 0 0
2428 1312 331 25 0 0 0 0 1927 1610 526 33 0 0 0 0 1739 1943 414 0 0 0 0 0
2665 1267 145 19 0 0 0 0 2466 1468 162 0 0 0 0 0 2585 1374 137 0 0 0 0 0
1694 983 474 453 492 0 0 0 2000 1008 419 669 0 0 0 0 2655 1070 371 0 0 0 0 0
2322 281 409 626 369 89 0 0 2334 392 681 536 65 88 0 0 2392 1044 478 31 113 38 0 0
1974 166 129 127 897 802 1 0 1958 176 131 128 939 764 0 0 1930 203 145 171 1365 282 0 0
3362 138 234 353 9 0 0 0 3373 226 335 162 0 0 0 0 3485 438 173 0 0 0 0 0
1967 269 129 976 755 0 0 0 1997 300 778 1021 0 0 0 0 2201 1294 601 0 0 0 0 0
2857 1046 112 80 1 0 0 0 2703 1282 106 5 0 0 0 0 3174 910 12 0 0 0 0 0
1868 1528 227 80 393 0 0 0 1794 1730 133 439 0 0 0 0 2429 1241 426 0 0 0 0 0
1317 1166 909 502 202 0 0 0 769 1776 1126 425 0 0 0 0 695 3155 243 3 0 0 0 0
3819 91 125 61 0 0 0 0 3829 87 159 21 0 0 0 0 3913 180 3 0 0 0 0 0
1287 253 356 1936 264 0 0 0 1316 272 998 1510 0 0 0 0 1495 1962 639 0 0 0 0 0
1968 243 336 1504 45 0 0 0 2021 365 1582 128 0 0 0 0 2309 1710 77 0 0 0 0 0
739 85 229 2817 226 0 0 0 769 126 2892 309 0 0 0 0 813 3059 224 0 0 0 0 0
603 467 473 2477 76 0 0 0 608 547 1300 1641 0 0 0 0 1250 2136 710 0 0 0 0 0
533 796 76 2672 19 0 0 0 559 781 954 1802 0 0 0 0 1316 1897 883 0 0 0 0 0
562 1044 94 2383 13 0 0 0 609 1009 1402 1076 0 0 0 0 1599 2065 432 0 0 0 0 0
2282 574 135 1105 0 0 0 0 2330 546 628 592 0 0 0 0 2808 1039 215 34 0 0 0 0
777 1725 202 1372 20 0 0 0 816 1753 619 907 1 0 0 0 2479 1217 332 68 0 0 0 0
746 2772 267 106 205 0 0 0 793 2934 86 110 173 0 0 0 3640 165 95 196 0 0 0 0
323 425 680 1386 1264 18 0 0 340 788 1417 501 1046 4 0 0 893 1524 379 1162 138 0 0 0
1097 168 557 904 1041 329 0 0 1123 547 903 263 989 271 0 0 1326 960 434 260 951 165 0 0
3471 45 32 39 319 190 0 0 3465 47 34 35 326 189 0 0 3414 91 30 46 392 123 0 0
2668 844 484 100 0 0 0 0 2883 848 365 0 0 0 0 0 3707 389 0 0 0 0 0 0
2389 1333 374 0 0 0 0 0 1935 2109 52 0 0 0 0 0 1855 2241 0 0 0 0 0 0
1789 1167 1140 0 0 0 0 0 1653 2279 164 0 0 0 0 0 1692 2404 0 0 0 0 0 0
2925 1171 0 0 0 0 0 0 2020 2076 0 0 0 0 0 0 2237 1850 9 0 0 0 0 0
1110 1811 456 667 52 0 0 0 1116 2122 519 339 0 0 0 0 2035 1759 299 3 0 0 0 0
3465 391 182 58 0 0 0 0 3543 388 159 6 0 0 0 0 3727 356 13 0 0 0 0 0
4096 0 0 0 0 0 0 0 4096 0 0 0 0 0 0 0 4096 0 0 0 0 0 0 0
2896 515 361 289 35 0 0 0 2903 616 434 110 33 0 0 0 3283 614 166 33 0 0 0 0
1054 999 722 1219 102 0 0 0 1075 1433 1090 498 0 0 0 0 2232 1409 455 0 0 0 0 0
2547 1277 225 27 20 0 0 0 2479 1446 119 37 15 0 0 0 3512 483 67 34 0 0 0 0
1820 861 716 269 356 74 0 0 1733 1290 470 356 204 43 0 0 2607 827 362 183 117 0 0 0
1218 534 582 630 834 298 0 0 1176 772 672 867 359 250 0 0 1817 875 746 264 380 14 0 0
3888 139 69 0 0 0 0 0 3903 168 25 0 0 0 0 0 4092 4 0 0 0 0 0 0
1954 783 742 326 251 40 0 0 2008 957 598 429 62 42 0 0 3194 484 287 71 60 0 0 0
1669 772 1104 478 54 19 0 0 1726 1217 1023 58 52 20 0 0 3402 508 106 44 36 0 0 0
4042 37 16 1 0 0 0 0 4040 38 16 2 0 0 0 0 4051 29 16 0 0 0 0 0
477 1170 1733 675 41 0 0 0 533 1627 1564 348 24 0 0 0 3292 612 145 47 0 0 0 0
337 913 1994 794 58 0 0 0 350 1362 2037 347 0 0 0 0 3408 688 0 0 0 0 0 0
649 741 1542 547 444 166 7 0 768 1447 1199 266 273 142 1 0 2946 434 255 285 164 12 0 0
978 298 1762 1049 9 0 0 0 1022 1265 1621 188 0 0 0 0 3050 956 90 0 0 0 0 0
181 257 2491 1151 16 0 0 0 190 1416 2102 388 0 0 0 0 2777 1319 0 0 0 0 0 0
26 697 3112 261 0 0 0 0 191 2069 1836 0 0 0 0 0 4090 6 0 0 0 0 0 0
788 419 1980 675 232 2 0 0 933 1520 1386 245 12 0 0 0 2954 837 284 21 0 0 0 0
872 482 1864 717 161 0 0 0 1009 1581 1304 160 42 0 0 0 3087 709 242 39 19 0 0 0
3608 55 44 186 203 0 0 0 3605 54 39 218 180 0 0 0 3604 60 41 285 106 0 0 0
2328 238 567 962 1 0 0 0 2344 499 967 286 0 0 0 0 3174 922 0 0 0 0 0 0
870 587 1251 828 362 198 0 0 902 837 1248 650 263 192 4 0 1688 1214 602 307 237 48 0 0
780 588 1400 928 259 140 1 0 826 1039 1249 634 209 139 0 0 2222 982 446 213 209 24 0 0
347 986 2020 515 222 6 0 0 375 1605 1555 357 197 7 0 0 1957 1482 370 213 74 0 0 0
1029 1332 1470 211 53 1 0 0 1120 2115 658 163 40 0 0 0 3369 456 184 81 6 0 0 0
4078 16 2 0 0 0 0 0 4078 17 1 0 0 0 0 0 4084 12 0 0 0 0 0 0
4096 0 0 0 0 0 0 0 4096 0 0 0 0 0 0 0 4096 0 0 0 0 0 0 0
2022 604 1290 167 13 0 0 0 2083 1481 471 61 0 0 0 0 3634 391 71 0 0 0 0 0
245 308 3052 491 0 0 0 0 330 2268 1498 0 0 0 0 0 3024 1072 0 0 0 0 0 0
281 492 3216 106 1 0 0 0 361 1791 1916 28 0 0 0 0 3195 881 20 0 0 0 0 0
837 670 2173 234 159 23 0 0 910 1077 1812 179 109 9 0 0 2418 1394 172 57 55 0 0 0
996 975 1482 277 274 92 0 0 986 1339 1238 261 187 85 0 0 2382 1223 261 136 65 29 0 0
3622 209 233 32 0 0 0 0 3622 274 197 3 0 0 0 0 3883 213 0 0 0 0 0 0
2463 709 558 366 0 0 0 0 2469 804 788 35 0 0 0 0 3107 989 0 0 0 0 0 0
957 402 618 1915 127 77 0 0 947 473 1265 1232 102 77 0 0 1366 2272 200 124 79 55 0 0
3610 180 133 140 19 14 0 0 3602 185 174 110 12 13 0 0 3747 248 65 13 12 11 0 0
1 305 776 2527 420 67 0 0 1 443 1475 1963 136 78 0 0 882 2686 229 136 132 31 0 0
0 11 483 2960 642 0 0 0 0 126 608 3362 0 0 0 0 133 3963 0 0 0 0 0 0
0 21 253 2517 1305 0 0 0 18 160 287 3577 54 0 0 0 234 3816 41 5 0 0 0 0
0 0 5 2501 1590 0 0 0 2 35 104 3914 41 0 0 0 98 3995 3 0 0 0 0 0
0 0 39 3246 811 0 0 0 0 0 1272 2810 14 0 0 0 1317 2779 0 0 0 0 0 0
15 105 974 2954 48 0 0 0 133 238 3560 147 18 0 0 0 3763 265 45 23 0 0 0 0
942 296 1182 1479 164 33 0 0 1126 559 2118 217 59 17 0 0 3192 586 192 94 29 3 0 0
697 89 229 1557 1514 10 0 0 728 124 1508 1338 398 0 0 0 900 1268 1517 411 0 0 0 0
659 72 81 1637 1644 3 0 0 669 82 1058 1923 364 0 0 0 722 957 1488 929 0 0 0 0
115 37 45 3850 49 0 0 0 121 39 1157 2779 0 0 0 0 604 3492 0 0 0 0 0 0
251 366 2800 679 0 0 0 0 320 892 2884 0 0 0 0 0 3661 435 0 0 0 0 0 0
110 433 2587 966 0 0 0 0 136 762 3198 0 0 0 0 0 3656 440 0 0 0 0 0 0
377 301 2127 1291 0 0 0 0 461 437 2874 324 0 0 0 0 2761 1335 0 0 0 0 0 0
1028 382 1957 729 0 0 0 0 1166 398 2351 181 0 0 0 0 3809 287 0 0 0 0 0 0
4026 47 20 3 0 0 0 0 4038 49 9 0 0 0 0 0 4085 11 0 0 0 0 0 0
4028 68 0 0 0 0 0 0 4059 37 0 0 0 0 0 0 4096 0 0 0 0 0 0 0
2052 192 1190 662 0 0 0 0 2102 887 1107 0 0 0 0 0 3189 903 4 0 0 0 0 0
0 58 2371 1667 0 0 0 0 0 480 3616 0 0 0 0 0 3592 484 20 0 0 0 0 0
0 443 2503 1138 12 0 0 0 0 873 3201 22 0 0 0 0 2602 1494 0 0 0 0 0 0
0 542 2567 969 18 0 0 0 0 655 3365 70 6 0 0 0 1094 2972 30 0 0 0 0 0
131 776 1542 1616 31 0 0 0 113 797 2962 224 0 0 0 0 1305 2754 37 0 0 0 0 0
1837 230 700 1329 0 0 0 0 1842 321 1933 0 0 0 0 0 3713 383 0 0 0 0 0 0
1850 648 498 1005 95 0 0 0 1847 723 1262 264 0 0 0 0 3390 697 9 0 0 0 0 0
133 649 1060 1611 492 92 59 0 120 782 1847 991 200 92 64 0 1053 2243 236 233 188 112 31 0
1551 958 678 556 194 146 13 0 1442 1060 778 490 161 140 25 0 1621 1218 668 297 138 153 1 0
0 0 1018 2859 219 0 0 0 0 64 3151 875 6 0 0 0 2681 1308 104 3 0 0 0 0
0 0 0 3444 652 0 0 0 0 0 674 3422 0 0 0 0 454 3642 0 0 0 0 0 0
0 0 112 3304 680 0 0 0 0 1 1797 2298 0 0 0 0 1590 2506 0 0 0 0 0 0
0 0 179 3360 557 0 0 0 0 3 2155 1938 0 0 0 0 2112 1984 0 0 0 0 0 0
0 0 55 3926 115 0 0 0 0 0 3587 509 0 0 0 0 3618 478 0 0 0 0 0 0
0 0 160 3525 359 52 0 0 0 74 3501 362 121 38 0 0 3357 437 119 127 56 0 0 0
80 14 165 2946 858 27 6 0 81 81 1679 2135 83 37 0 0 1821 2090 70 61 50 4 0 0
2909 120 123 245 689 10 0 0 2937 152 177 760 70 0 0 0 3068 361 538 129 0 0 0 0
1298 104 134 1839 707 14 0 0 1329 104 991 1509 163 0 0 0 1580 1356 871 289 0 0 0 0
6 11 69 4009 1 0 0 0 8 13 1708 2367 0 0 0 0 1428 2668 0 0 0 0 0 0
0 0 809 3285 2 0 0 0 0 137 3866 93 0 0 0 0 2927 1169 0 0 0 0 0 0
0 0 543 3446 107 0 0 0 0 21 3574 501 0 0 0 0 2051 2045 0 0 0 0 0 0
0 0 733 3213 150 0 0 0 0 148 3567 378 3 0 0 0 2503 1547 46 0 0 0 0 0
0 0 484 3469 143 0 0 0 0 94 3448 554 0 0 0 0 3464 632 0 0 0 0 0 0
89 56 2459 1492 0 0 0 0 104 2013 1979 0 0 0 0 0 1853 2243 0 0 0 0 0 0
193 195 1880 1828 0 0 0 0 277 1552 2267 0 0 0 0 0 2830 1266 0 0 0 0 0 0
0 88 1742 2230 36 0 0 0 24 1219 2853 0 0 0 0 0 1970 2126 0 0 0 0 0 0
0 111 1163 2644 178 0 0 0 139 1996 1961 0 0 0 0 0 4074 22 0 0 0 0 0 0
0 21 638 3011 426 0 0 0 33 1203 2839 21 0 0 0 0 3854 242 0 0 0 0 0 0
0 3 210 2223 1660 0 0 0 0 149 2911 1018 18 0 0 0 2351 1690 55 0 0 0 0 0
0 0 100 2870 1089 37 0 0 0 25 2087 1824 160 0 0 0 1823 1722 508 43 0 0 0 0
0 0 253 3594 249 0 0 0 0 45 3635 292 124 0 0 0 3519 313 243 21 0 0 0 0
8 13 76 3764 235 0 0 0 7 17 3063 1009 0 0 0 0 3108 988 0 0 0 0 0 0
306 219 222 2523 826 0 0 0 326 264 1808 1633 65 0 0 0 2244 1762 90 0 0 0 0 0
119 937 630 1833 577 0 0 0 111 1156 1003 1691 135 0 0 0 1387 2130 253 254 72 0 0 0
0 129 461 2768 738 0 0 0 0 160 2540 1274 122 0 0 0 2240 1595 135 125 1 0 0 0
0 0 1340 2682 74 0 0 0 0 1 3816 279 0 0 0 0 3804 292 0 0 0 0 0 0
0 0 589 2721 786 0 0 0 0 0 3030 1066 0 0 0 0 2290 1806 0 0 0 0 0 0
0 0 617 3464 15 0 0 0 0 0 4004 92 0 0 0 0 3938 158 0 0 0 0 0 0
0 0 660 3427 9 0 0 0 0 0 4092 4 0 0 0 0 4080 16 0 0 0 0 0 0
0 0 291 3131 674 0 0 0 0 17 3031 1048 0 0 0 0 2576 1520 0 0 0 0 0 0
22 47 50 3152 825 0 0 0 35 51 1017 2993 0 0 0 0 1658 2421 10 7 0 0 0 0
2463 180 230 1179 44 0 0 0 2488 202 901 469 33 3 0 0 3465 514 52 46 19 0 0 0
2473 117 210 1296 0 0 0 0 2500 121 1449 26 0 0 0 0 3987 69 40 0 0 0 0 0
2327 123 199 1283 164 0 0 0 2354 127 928 686 1 0 0 0 3315 780 1 0 0 0 0 0
