23 1430 1568 432 370 173 57 43 137 306 1506 1442 505 183 17 0 158 141 117 407 1241 1278 717 37
18 1485 539 259 330 513 835 117 298 750 1316 505 219 806 133 69 350 285 317 1216 896 907 58 67
56 785 387 398 385 648 1241 196 97 1431 506 396 418 904 257 87 268 787 1172 483 591 668 49 78
266 2963 197 75 48 85 291 171 38 3188 771 57 32 10 0 0 69 449 2022 1304 252 0 0 0
134 2740 910 101 35 107 53 16 7 1164 1891 963 62 9 0 0 19 61 189 1504 931 1250 142 0
0 17 211 235 635 1308 1060 630 71 137 156 524 1273 1049 660 226 169 157 257 808 618 1030 903 154
4 181 425 138 477 378 929 1564 382 174 285 414 232 695 1203 711 501 82 47 123 711 1185 1032 415
17 185 57 139 365 374 846 2113 284 497 165 112 105 612 902 1419 525 154 216 181 329 834 690 1167
53 940 74 335 1518 855 219 102 1579 1071 716 177 367 76 75 35 2024 274 291 913 459 76 40 19
17 420 439 69 501 1449 1069 132 0 50 429 1055 1306 929 327 0 3 49 604 1164 1168 934 172 2
54 212 50 103 247 1835 1316 279 129 352 114 183 1380 1433 481 24 126 364 197 1179 1386 681 141 22
0 0 0 16 457 1343 1603 677 128 747 105 347 478 882 1386 23 535 406 327 467 554 1506 301 0
0 0 2 27 461 1201 1378 1027 81 508 170 351 530 450 2003 3 338 366 388 497 378 1560 569 0
0 0 3 56 568 1517 687 1265 69 428 139 749 782 261 1583 85 313 274 666 812 229 829 945 28
0 3 19 59 1445 1595 944 31 0 27 92 1967 978 866 166 0 9 100 1897 963 398 727 2 0
606 563 417 337 395 721 871 186 895 708 395 354 535 826 363 20 1081 771 468 338 711 541 170 16
157 250 222 279 345 490 2031 322 416 348 265 410 367 1192 1078 20 565 399 390 414 471 1681 164 12
151 277 651 642 445 463 1056 411 361 778 671 475 441 517 838 15 892 756 593 438 409 849 145 14
330 195 418 506 673 586 970 418 631 408 588 592 406 600 825 46 918 574 581 405 366 863 363 26
245 712 998 447 454 575 595 70 1099 958 453 529 448 484 115 10 1602 695 579 452 259 453 42 14
1550 871 358 291 465 460 92 9 2036 1158 390 287 180 37 7 1 2459 999 367 191 61 15 4 0
465 748 794 322 397 857 307 206 1629 632 495 738 258 170 152 22 1679 964 742 263 141 167 123 17
1199 493 241 255 206 410 1167 125 1413 522 273 309 523 984 65 7 1480 642 393 593 805 158 17 8
1527 372 426 419 412 558 308 74 1713 522 370 437 451 424 156 23 1948 509 475 405 299 333 114 13
966 423 411 321 434 1010 480 51 1361 392 368 645 939 284 95 12 1393 546 810 764 325 169 76 13
1983 385 248 353 355 569 198 5 2172 319 293 735 251 293 32 1 2269 709 325 337 309 143 3 1
375 395 367 572 914 1296 170 7 612 529 958 1041 738 204 14 0 980 1221 877 568 389 59 2 0
518 211 117 219 732 1533 687 79 643 192 335 1098 1096 602 130 0 731 474 1207 857 455 353 19 0
729 178 46 107 254 1600 1172 10 841 110 143 891 1760 326 25 0 835 327 1441 1138 262 92 1 0
691 560 78 85 290 1466 916 10 295 1003 124 843 1134 657 40 0 184 278 1696 1445 317 158 18 0
0 0 0 0 33 1061 2740 262 0 0 0 242 1988 1528 338 0 0 190 1683 1245 598 380 0 0
0 5 4 20 82 768 3216 1 5 6 24 211 1391 2459 0 0 13 100 998 2909 71 5 0 0
0 3 10 23 64 577 3305 114 3 15 49 140 1335 2456 98 0 18 72 609 2656 542 192 7 0
0 1 1 5 58 709 3185 137 1 3 34 107 1438 2164 348 1 4 38 545 2296 634 412 167 0
0 8 21 35 85 772 3128 47 7 20 37 70 1164 2755 43 0 23 31 122 2678 1112 98 32 0
