545 2742 545 264 0 0 0 0 222 2811 870 193 0 0 0 0 209 3294 584 9 0 0 0 0
102 1987 1398 596 13 0 0 0 23 1910 1443 704 16 0 0 0 2 2241 1618 228 7 0 0 0
320 2451 573 377 341 34 0 0 53 2540 541 482 358 122 0 0 11 1926 1145 572 258 184 0 0
289 2014 587 460 613 133 0 0 29 1484 1038 658 639 248 0 0 8 1323 523 756 1189 297 0 0
344 1114 401 522 1453 262 0 0 17 1404 369 512 1270 524 0 0 5 1430 380 512 1204 565 0 0
93 1005 933 672 1107 242 44 0 1 925 539 707 1600 272 52 0 1 1405 936 539 929 244 42 0
29 802 2480 735 50 0 0 0 0 153 2650 1211 80 2 0 0 7 1162 2805 68 54 0 0 0
0 84 2963 1049 0 0 0 0 0 0 3151 945 0 0 0 0 0 1420 2676 0 0 0 0 0
459 842 517 1185 767 326 0 0 219 1054 840 1135 757 91 0 0 158 1249 1923 295 409 62 0 0
432 652 237 1470 662 617 26 0 56 1005 305 1513 948 269 0 0 12 1144 1678 728 338 196 0 0
170 1089 400 825 796 721 95 0 63 1167 521 834 1026 485 0 0 51 957 1208 1069 443 368 0 0
78 655 504 1046 1128 597 88 0 32 467 945 1042 1210 400 0 0 27 628 912 1345 894 290 0 0
253 700 486 821 1420 383 33 0 161 1074 534 757 1202 368 0 0 136 972 957 808 905 318 0 0
195 517 361 928 1219 785 91 0 62 463 201 1229 1681 460 0 0 65 752 1387 1054 554 284 0 0
391 826 403 1037 784 545 110 0 24 1067 543 1229 879 354 0 0 18 1403 1504 581 383 205 2 0
360 859 623 915 943 389 7 0 88 1332 675 1093 858 50 0 0 84 1524 1599 442 396 51 0 0
0 0 51 474 1924 1647 0 0 0 28 424 1820 1709 115 0 0 21 498 2229 1295 53 0 0 0
15 591 284 446 1435 1297 28 0 0 24 337 1883 1667 185 0 0 19 357 1576 1116 226 737 65 0
64 1389 543 372 849 879 0 0 0 53 268 1873 1898 4 0 0 9 239 1261 505 267 1423 392 0
101 1566 1255 521 320 332 1 0 65 1756 728 622 880 45 0 0 111 1079 934 974 235 523 240 0
277 996 1089 591 602 539 2 0 258 957 638 1012 1139 92 0 0 307 1206 785 489 344 770 195 0
113 1102 1169 720 644 348 0 0 203 1824 698 816 555 0 0 0 225 1955 1042 557 186 130 1 0
212 1428 701 743 782 230 0 0 138 1093 844 1540 389 92 0 0 108 939 1476 500 394 641 38 0
268 1564 750 617 695 202 0 0 158 1014 800 1751 275 98 0 0 128 1215 952 323 472 1005 1 0
0 0 22 94 1023 2957 0 0 0 10 75 599 3181 231 0 0 11 98 1723 1895 228 141 0 0
98 2239 263 133 300 1058 5 0 4 234 292 2165 1142 259 0 0 27 184 254 998 416 2209 8 0
97 1731 905 635 588 140 0 0 24 744 925 1799 459 145 0 0 73 927 674 352 283 1590 197 0
652 2207 574 331 300 32 0 0 559 1374 456 670 761 276 0 0 332 631 529 825 175 1347 257 0
7 1685 542 179 395 773 515 0 2 287 90 1415 1009 1047 243 3 14 315 63 661 482 2096 447 18
229 1052 1001 1022 717 73 2 0 363 3004 283 279 86 81 0 0 331 2468 460 555 178 104 0 0
380 545 195 380 668 1879 49 0 356 727 261 285 1426 1041 0 0 232 611 473 2150 381 249 0 0
20 125 157 411 772 2611 0 0 2 361 163 382 2972 216 0 0 11 448 774 2301 433 129 0 0
0 72 17 16 665 3324 2 0 0 0 0 256 3725 115 0 0 0 0 953 2877 205 61 0 0
0 3176 242 295 179 204 0 0 3 225 70 3322 388 88 0 0 4 190 70 188 208 3325 109 2
64 1219 1088 1160 478 86 1 0 120 2307 582 913 123 51 0 0 117 2112 599 375 234 639 16 4
148 3151 511 282 4 0 0 0 14 872 633 2428 82 67 0 0 0 565 606 272 160 2389 97 7
149 2581 212 165 97 542 350 0 1 314 204 2419 321 468 369 0 5 270 146 499 230 2478 460 8
579 1182 712 550 542 517 14 0 477 783 1006 1236 344 239 11 0 375 1440 901 523 137 685 35 0
233 1494 522 77 405 1344 21 0 171 267 541 1592 1202 316 7 0 82 517 669 1174 244 1380 30 0
0 1537 39 196 866 1454 4 0 0 5 367 1894 1564 266 0 0 0 120 960 1083 388 1541 4 0
