2206 1332 482 69 7 0 0 0 2265 1002 478 204 147 0 0 0 2423 884 425 69 43 220 32 0
1471 1229 1068 166 158 4 0 0 1457 722 833 479 605 0 0 0 1540 667 770 268 48 702 101 0
1904 1247 611 296 38 0 0 0 1715 884 580 570 330 17 0 0 1761 854 578 391 105 391 16 0
1699 1136 951 298 12 0 0 0 1847 945 753 454 97 0 0 0 1972 798 792 442 92 0 0 0
2596 948 434 104 12 2 0 0 2544 918 481 141 8 4 0 0 2642 916 408 117 9 4 0 0
2268 904 847 60 16 1 0 0 2355 814 849 62 15 1 0 0 2437 786 809 48 15 1 0 0
986 1472 555 341 332 350 54 6 203 197 272 873 2275 165 108 3 185 220 422 573 1747 839 107 3
247 542 1329 416 324 882 327 29 127 150 249 703 957 1792 100 18 131 147 355 888 823 1661 89 2
185 180 1648 686 185 561 641 10 148 168 156 250 1155 2186 33 0 175 173 146 915 616 2057 14 0
455 975 1916 205 159 226 159 1 260 260 176 257 1604 1511 28 0 259 264 185 508 1891 966 23 0
1097 1185 1377 310 105 22 0 0 856 853 566 363 850 607 1 0 880 833 561 419 1094 306 3 0
1901 1004 750 364 70 7 0 0 1581 1097 651 516 232 19 0 0 1555 1170 616 496 247 12 0 0
294 780 1180 658 391 659 134 0 931 236 388 821 1398 313 9 0 944 277 662 873 1205 134 1 0
0 0 10 233 64 991 2774 24 0 13 25 598 2674 760 26 0 4 20 134 1850 1833 254 1 0
135 104 91 190 351 699 2484 42 203 213 301 540 2264 569 6 0 246 183 404 1775 1397 60 18 13
131 111 154 118 146 715 2713 8 27 104 198 513 2984 254 15 1 22 70 260 2925 667 117 18 17
311 181 928 492 223 723 1230 8 112 68 164 469 1819 1399 54 11 119 97 231 1420 1305 861 51 12
274 1525 1503 360 52 146 236 0 53 100 157 161 2540 1080 5 0 76 118 126 406 2893 477 0 0
804 620 1883 783 6 0 0 0 118 123 65 827 2654 309 0 0 144 126 59 1368 2310 89 0 0
0 11 599 2914 46 33 453 40 0 0 0 0 569 3456 71 0 0 0 0 24 1663 2394 15 0
61 89 218 610 145 609 2279 85 1 42 106 625 1754 1483 83 2 1 36 442 1463 1292 826 36 0
55 107 60 44 130 781 2906 13 10 58 102 894 2739 284 9 0 5 48 620 2665 659 90 9 0
287 328 448 96 110 597 2210 20 14 67 126 421 2529 901 38 0 9 64 400 1835 1345 425 18 0
23 1518 574 59 51 770 1099 2 0 7 14 659 2710 688 18 0 3 8 204 1156 2533 189 3 0
