0 10 197 1841 2048 0 0 0 0 4 2309 1783 0 0 0 0 0 2471 1625 0 0 0 0 0
0 2 275 259 3172 388 0 0 0 5 617 3151 323 0 0 0 3 760 3193 140 0 0 0 0
0 0 191 200 1804 1901 0 0 0 0 242 2205 1649 0 0 0 0 16 3590 490 0 0 0 0
0 0 21 405 149 3521 0 0 0 0 12 564 3520 0 0 0 0 0 1868 2228 0 0 0 0
0 0 0 457 54 3458 127 0 0 0 0 483 3564 49 0 0 0 0 320 3744 32 0 0 0
0 0 0 507 60 3383 146 0 0 0 0 537 3445 114 0 0 0 0 309 3782 5 0 0 0
0 0 229 346 898 2524 99 0 0 0 198 1486 2316 96 0 0 0 7 2882 1178 29 0 0 0
0 0 409 221 2490 976 0 0 0 0 461 2924 711 0 0 0 0 227 3680 189 0 0 0 0
0 3 563 90 3398 42 0 0 0 4 639 3441 12 0 0 0 0 1022 3074 0 0 0 0 0
0 138 477 883 2598 0 0 0 0 173 1603 2320 0 0 0 0 0 2796 1300 0 0 0 0 0
0 302 526 2349 919 0 0 0 0 484 3193 419 0 0 0 0 50 3795 251 0 0 0 0 0
5 223 1202 1528 1138 0 0 0 166 1697 2162 71 0 0 0 0 2091 1948 57 0 0 0 0 0
0 0 0 314 3753 29 0 0 0 0 576 3517 3 0 0 0 15 2600 1481 0 0 0 0 0
0 0 0 7 4089 0 0 0 0 0 1 4071 24 0 0 0 0 598 3498 0 0 0 0 0
258 1086 340 445 858 958 151 0 171 1352 444 762 1114 253 0 0 15 1402 781 742 973 183 0 0
85 367 196 405 1642 1351 50 0 137 422 394 993 2071 79 0 0 136 812 2739 169 213 27 0 0
0 37 4059 0 0 0 0 0 0 56 4040 0 0 0 0 0 0 218 3878 0 0 0 0 0
0 3 4090 3 0 0 0 0 0 4 4091 1 0 0 0 0 0 19 4002 75 0 0 0 0
0 0 2736 1360 0 0 0 0 0 0 2853 1243 0 0 0 0 0 4 2692 1400 0 0 0 0
0 0 386 3710 0 0 0 0 0 0 521 3575 0 0 0 0 0 0 975 3121 0 0 0 0
0 0 214 3822 60 0 0 0 0 0 275 3776 45 0 0 0 0 0 740 3299 57 0 0 0
0 0 49 4024 23 0 0 0 0 0 97 3974 25 0 0 0 0 0 393 3675 28 0 0 0
0 0 2000 2096 0 0 0 0 0 0 2042 2054 0 0 0 0 0 0 2448 1648 0 0 0 0
0 0 3227 869 0 0 0 0 0 0 3331 765 0 0 0 0 0 0 3616 480 0 0 0 0
0 0 4096 0 0 0 0 0 0 0 4096 0 0 0 0 0 0 8 4088 0 0 0 0 0
0 834 3262 0 0 0 0 0 0 1102 2994 0 0 0 0 0 0 1844 2252 0 0 0 0 0
0 1362 2734 0 0 0 0 0 0 1655 2441 0 0 0 0 0 0 2365 1731 0 0 0 0 0
218 981 739 337 1821 0 0 0 633 1051 2335 77 0 0 0 0 1001 2863 232 0 0 0 0 0
0 0 0 17 3225 854 0 0 0 0 1255 2163 678 0 0 0 8 2174 1871 43 0 0 0 0
0 0 0 0 2810 674 525 87 0 0 0 2414 1069 604 9 0 0 32 3417 59 588 0 0 0
0 11 18 242 410 1471 1206 738 11 18 229 303 1583 867 1085 0 36 285 1683 219 1873 0 0 0
0 7 33 91 438 3527 0 0 0 35 71 290 3700 0 0 0 42 125 3795 134 0 0 0 0
0 0 4067 29 0 0 0 0 0 8 4059 29 0 0 0 0 0 29 3998 69 0 0 0 0
0 2 4083 11 0 0 0 0 0 2 4084 10 0 0 0 0 0 6 3975 115 0 0 0 0
0 0 2663 1433 0 0 0 0 0 0 2713 1383 0 0 0 0 0 0 2348 1748 0 0 0 0
0 0 435 3661 0 0 0 0 0 0 503 3593 0 0 0 0 0 0 596 3500 0 0 0 0
0 0 612 3420 64 0 0 0 0 0 595 3460 41 0 0 0 0 0 741 3296 59 0 0 0
0 0 102 3983 11 0 0 0 0 0 86 3998 12 0 0 0 0 0 169 3907 20 0 0 0
0 0 1676 2420 0 0 0 0 0 0 1671 2425 0 0 0 0 0 0 1975 2121 0 0 0 0
0 0 2866 1230 0 0 0 0 0 0 2946 1150 0 0 0 0 0 0 3294 802 0 0 0 0
0 0 4096 0 0 0 0 0 0 0 4096 0 0 0 0 0 0 0 4096 0 0 0 0 0
0 322 3774 0 0 0 0 0 0 414 3682 0 0 0 0 0 0 933 3163 0 0 0 0 0
0 702 3394 0 0 0 0 0 0 863 3233 0 0 0 0 0 0 1319 2777 0 0 0 0 0
254 778 719 561 1767 17 0 0 543 1079 1218 1256 0 0 0 0 1103 2639 351 3 0 0 0 0
0 0 0 0 1788 2177 131 0 0 0 17 3462 507 110 0 0 0 3384 323 328 61 0 0 0
0 0 0 0 428 1608 2000 60 0 0 0 213 1878 1992 13 0 0 11 1683 505 1897 0 0 0
0 0 7 6 15 119 3725 224 0 7 6 14 118 3193 758 0 8 11 22 207 3848 0 0 0
0 78 102 180 925 2801 10 0 13 122 154 553 3243 11 0 0 125 293 2921 741 16 0 0 0
0 0 3943 153 0 0 0 0 0 0 3912 184 0 0 0 0 0 0 3675 421 0 0 0 0
0 0 3493 603 0 0 0 0 0 0 3146 950 0 0 0 0 0 0 2323 1773 0 0 0 0
0 0 1925 2171 0 0 0 0 0 0 1637 2459 0 0 0 0 0 0 1491 2605 0 0 0 0
0 0 59 4037 0 0 0 0 0 0 30 4066 0 0 0 0 0 0 1 4095 0 0 0 0
0 0 442 3618 36 0 0 0 0 0 381 3671 44 0 0 0 0 0 390 3655 51 0 0 0
0 0 91 4005 0 0 0 0 0 0 88 4004 4 0 0 0 0 0 81 4001 14 0 0 0
0 0 725 3371 0 0 0 0 0 0 531 3565 0 0 0 0 0 0 647 3449 0 0 0 0
0 0 2093 2003 0 0 0 0 0 0 1914 2182 0 0 0 0 0 0 2497 1599 0 0 0 0
0 0 3579 517 0 0 0 0 0 0 3441 655 0 0 0 0 0 0 3743 353 0 0 0 0
0 0 3979 117 0 0 0 0 0 2 3930 164 0 0 0 0 0 99 3977 20 0 0 0 0
0 65 4028 3 0 0 0 0 0 121 3972 3 0 0 0 0 0 539 3556 1 0 0 0 0
0 333 734 1442 1567 20 0 0 23 1430 1406 1237 0 0 0 0 1301 2495 300 0 0 0 0 0
36 50 73 42 1141 1215 1539 0 61 46 122 1713 652 1502 0 0 142 1479 390 765 1320 0 0 0
0 0 0 0 93 1336 2546 121 0 20 122 721 763 2430 40 0 23 644 563 806 2060 0 0 0
0 0 10 258 159 632 2616 421 18 112 185 160 609 2517 495 0 101 281 216 782 2716 0 0 0
0 31 83 191 1134 2613 44 0 15 72 173 699 3080 57 0 0 107 430 2668 841 50 0 0 0
0 0 3689 407 0 0 0 0 0 0 3242 854 0 0 0 0 0 0 2569 1527 0 0 0 0
0 1 2141 1954 0 0 0 0 0 1 985 3110 0 0 0 0 0 0 417 3679 0 0 0 0
0 0 880 3216 0 0 0 0 0 0 669 3427 0 0 0 0 0 0 422 3674 0 0 0 0
0 0 47 4049 0 0 0 0 0 0 0 4096 0 0 0 0 0 0 0 4096 0 0 0 0
0 0 457 3639 0 0 0 0 0 0 385 3711 0 0 0 0 0 0 356 3737 3 0 0 0
0 0 105 3870 37 27 50 7 0 0 64 3921 40 39 30 2 0 0 47 3936 79 27 7 0
0 0 120 2430 157 456 588 345 0 0 46 2558 489 430 394 179 0 5 310 2710 452 328 257 34
0 0 928 3031 25 43 64 5 0 0 323 3638 49 45 40 1 0 0 472 3502 50 59 13 0
0 0 1786 2008 31 136 123 12 0 0 991 2815 106 125 59 0 0 0 1120 2825 76 75 0 0
0 0 2997 642 18 291 148 0 0 0 2736 909 170 236 45 0 0 0 2912 997 126 61 0 0
0 0 3302 185 43 429 137 0 0 0 2996 500 310 266 24 0 0 0 2899 978 161 58 0 0
11 271 1009 932 1225 556 88 4 7 979 1455 636 714 285 20 0 991 1210 451 767 526 151 0 0
42 112 225 197 984 2386 149 1 44 141 577 2591 528 213 2 0 217 2801 296 586 146 39 11 0
0 0 0 0 47 3030 1011 8 0 0 0 2149 950 985 12 0 0 2017 542 689 848 0 0 0
0 0 0 0 145 3767 182 2 0 0 0 16 3822 245 13 0 0 3 819 3144 130 0 0 0
0 0 0 1 596 3153 346 0 0 0 0 110 3543 443 0 0 0 4 1554 2240 298 0 0 0
0 14 2603 815 128 536 0 0 0 3 2096 1367 544 86 0 0 0 2 1510 2438 138 8 0 0
0 0 2196 1230 77 563 30 0 0 0 1257 2191 495 153 0 0 0 0 859 3041 193 3 0 0
0 1 1672 1746 75 549 53 0 0 0 1082 2360 485 169 0 0 0 1 861 3012 180 42 0 0
0 1 1279 2141 78 518 79 0 0 1 636 2810 440 205 4 0 0 0 359 3509 203 25 0 0
0 3 1048 2375 72 507 91 0 0 1 654 2791 431 198 21 0 0 1 505 3355 174 61 0 0
0 2 888 2532 66 467 141 0 0 2 523 2914 348 263 46 0 0 0 421 3379 206 90 0 0
0 2 820 2591 79 414 190 0 0 2 383 2818 546 295 52 0 0 2 321 2930 752 91 0 0
0 2 1484 1906 118 407 175 4 0 2 1076 2393 297 305 23 0 1 23 1074 2578 385 35 0 0
0 2 1865 1874 27 204 124 0 0 0 1146 2593 127 224 6 0 0 0 1067 2697 317 15 0 0
0 37 3245 630 32 84 68 0 0 10 2719 1192 43 128 4 0 0 15 2520 1432 118 11 0 0
0 23 3595 459 12 7 0 0 0 4 2225 1848 14 5 0 0 0 1 1355 2715 24 1 0 0
92 946 2105 456 495 2 0 0 43 415 952 1883 722 81 0 0 51 362 601 985 1842 251 4 0
498 435 96 239 2156 672 0 0 415 544 859 2218 60 0 0 0 483 3202 284 30 97 0 0 0
0 0 0 5 1550 2504 36 1 0 1 433 3576 53 33 0 0 133 3828 86 25 24 0 0 0
0 0 0 10 833 2099 1085 69 0 0 71 725 2120 1063 117 0 30 447 1391 1153 1053 22 0 0
0 0 0 203 1430 1579 884 0 0 34 587 497 2050 928 0 0 352 350 2070 845 479 0 0 0
0 118 3667 311 0 0 0 0 0 190 3101 805 0 0 0 0 1 247 2335 1513 0 0 0 0
0 32 3649 415 0 0 0 0 0 38 2914 1144 0 0 0 0 0 153 2078 1865 0 0 0 0
0 49 3252 773 22 0 0 0 0 52 2434 1606 4 0 0 0 1 102 1974 2019 0 0 0 0
0 38 2309 1412 159 107 59 12 8 62 1812 2054 121 38 1 0 35 177 1531 2336 16 1 0 0
0 13 2323 1546 159 43 12 0 0 24 1738 2283 51 0 0 0 2 123 1534 2433 4 0 0 0
0 8 1848 2219 21 0 0 0 0 18 1175 2903 0 0 0 0 0 124 1015 2956 1 0 0 0
0 4 2083 1140 140 231 371 127 0 8 1222 2117 288 370 91 0 0 185 1280 2170 423 38 0 0
0 6 1415 1683 555 339 68 30 0 15 1150 2616 229 59 24 3 5 514 1535 1724 269 48 1 0
5 136 1938 1645 98 113 146 15 23 336 1194 2219 183 122 19 0 149 442 992 2142 341 30 0 0
0 102 2372 741 284 309 288 0 0 267 2252 961 285 323 8 0 105 548 2021 1116 287 19 0 0
10 200 2756 510 314 153 137 16 97 258 2008 1451 144 132 6 0 230 479 1360 1873 151 3 0 0
61 1286 1475 605 588 81 0 0 5 473 1285 1225 762 338 8 0 19 385 936 1055 1228 258 214 1
737 521 136 698 1816 188 0 0 239 1171 1467 1219 0 0 0 0 363 3450 275 8 0 0 0 0
0 0 0 14 1130 1317 1260 375 0 0 266 1706 501 1039 581 3 33 1794 418 538 1113 200 0 0
0 0 0 13 596 2268 1179 40 0 0 57 1759 1054 1150 76 0 30 1696 902 408 1021 39 0 0
0 0 0 104 1991 1017 984 0 0 13 1114 1181 752 1036 0 0 676 1510 636 455 819 0 0 0
19 662 2714 522 69 50 60 0 729 461 2208 583 35 76 4 0 851 373 1881 861 45 81 4 0
178 599 2630 606 81 2 0 0 503 510 2377 685 21 0 0 0 770 518 1926 873 9 0 0 0
0 12 1930 1409 453 257 35 0 15 275 2156 1346 266 36 2 0 127 689 1814 1373 89 4 0 0
16 84 512 1170 1010 728 477 99 310 797 1105 807 618 365 67 27 747 1376 854 738 263 52 46 20
51 231 1008 1038 823 566 311 68 387 441 1051 1436 536 189 24 32 303 903 1409 1292 121 21 19 28
0 12 1374 1821 587 202 100 0 0 143 1282 2287 378 6 0 0 83 542 1523 1829 119 0 0 0
231 130 1568 972 676 347 163 9 273 251 1413 1528 573 46 11 1 373 827 1333 1308 222 22 10 1
1249 914 385 406 532 401 172 37 1859 579 644 633 259 107 15 0 2304 868 566 313 43 2 0 0
39 1141 907 917 564 394 134 0 129 1526 982 887 393 179 0 0 583 1660 781 779 269 24 0 0
552 599 799 614 626 752 145 9 652 951 845 710 719 216 3 0 1030 1017 931 877 232 9 0 0
1906 467 514 461 326 343 72 7 2067 580 508 384 436 119 2 0 2322 649 282 596 236 11 0 0
5 70 635 1368 1589 363 62 4 16 523 778 1558 1026 194 1 0 658 912 384 1090 822 228 2 0
79 143 229 1362 1985 298 0 0 78 1104 1267 1315 321 11 0 0 1572 1654 307 499 64 0 0 0
0 42 142 851 1712 919 430 0 32 796 982 1004 829 453 0 0 1383 1044 527 951 191 0 0 0
0 2 38 326 1342 1869 517 2 0 140 652 2140 664 500 0 0 654 2121 422 589 310 0 0 0
0 0 0 6 3022 618 450 0 0 2 1454 1854 338 448 0 0 1265 1817 256 443 315 0 0 0
498 800 576 495 844 772 107 4 1100 880 489 991 494 126 16 0 1802 1495 220 299 144 115 21 0
2947 359 243 140 175 207 25 0 3189 369 136 181 219 2 0 0 3493 412 99 83 9 0 0 0
1404 277 242 471 715 816 149 22 1637 561 382 677 738 78 23 0 2109 1143 422 280 122 20 0 0
0 1179 1510 768 469 142 26 2 2756 597 306 288 144 5 0 0 3115 467 337 132 42 3 0 0
289 493 403 530 483 1426 472 0 701 769 460 1159 1004 3 0 0 1525 2130 420 21 0 0 0 0
334 567 225 275 501 1263 931 0 609 653 390 1125 1319 0 0 0 1415 2265 416 0 0 0 0 0
1402 642 328 299 335 765 325 0 1791 660 342 705 597 1 0 0 2394 1441 176 68 17 0 0 0
937 1507 743 382 331 194 2 0 1886 1159 558 378 115 0 0 0 2483 1357 254 2 0 0 0 0
552 496 771 814 1091 321 50 1 813 1206 1040 785 205 45 2 0 1654 1839 402 185 9 6 1 0
550 576 961 559 781 554 115 0 834 1200 719 977 323 43 0 0 1690 1451 537 376 42 0 0 0
2167 226 393 821 465 24 0 0 2315 456 1132 189 4 0 0 0 2630 1185 249 32 0 0 0 0
57 483 186 930 479 1911 50 0 480 656 869 1319 736 36 0 0 1621 1967 259 210 39 0 0 0
315 242 249 845 442 2003 0 0 507 635 764 1613 577 0 0 0 1751 2090 161 94 0 0 0 0
55 476 603 966 412 1584 0 0 393 1415 370 1847 71 0 0 0 1861 2203 32 0 0 0 0 0
0 453 277 764 1485 945 171 1 155 885 1670 1179 59 148 0 0 1861 2004 54 47 130 0 0 0
0 531 289 275 2361 307 333 0 80 743 2468 443 70 292 0 0 2670 1042 50 116 218 0 0 0
334 282 314 554 953 1546 112 1 417 425 636 1423 1123 72 0 0 558 1889 1435 182 32 0 0 0
4096 0 0 0 0 0 0 0 4096 0 0 0 0 0 0 0 4096 0 0 0 0 0 0 0
1527 146 276 721 344 978 95 9 1635 637 440 358 994 29 3 0 2156 623 1163 131 22 1 0 0
683 711 574 1064 334 369 361 0 1558 874 805 182 507 170 0 0 2179 1132 704 80 1 0 0 0
0 0 8 400 871 821 1996 0 1 52 344 966 2519 214 0 0 48 650 3274 124 0 0 0 0
0 0 0 191 872 448 2585 0 0 5 168 933 1656 1329 5 0 0 192 3220 671 13 0 0 0
528 886 234 403 537 577 931 0 1721 679 181 396 605 514 0 0 1968 595 1295 237 1 0 0 0
1818 1670 94 109 244 112 49 0 3482 389 74 145 6 0 0 0 3644 293 155 4 0 0 0 0
232 179 454 550 862 856 896 67 1003 1240 360 377 504 597 15 0 1523 1146 842 437 135 13 0 0
3 353 471 444 532 788 1499 6 11 482 847 474 1496 784 2 0 91 782 2435 731 57 0 0 0
0 100 1521 941 232 912 390 0 0 552 1997 230 1176 141 0 0 169 1085 2283 557 2 0 0 0
0 411 2489 666 179 332 19 0 0 274 1083 2311 371 57 0 0 29 320 790 2371 586 0 0 0
0 727 1133 453 118 1266 398 1 0 58 2091 255 1391 300 1 0 1 1167 2261 629 36 2 0 0
0 0 0 550 557 2214 733 42 0 0 382 1026 2223 385 80 0 0 2037 1273 655 131 0 0 0
0 0 0 317 152 3155 469 3 0 0 259 1169 2561 99 8 0 0 3077 892 106 21 0 0 0
0 0 0 0 18 3429 649 0 0 0 0 3210 626 260 0 0 167 3197 468 264 0 0 0 0
