0 1 45 3227 576 128 12 107 0 5 691 2911 363 11 10 105 1 250 2944 519 249 16 10 107
0 0 76 1185 2591 244 0 0 0 2 469 2409 1214 2 0 0 0 262 1563 1925 340 6 0 0
0 0 5 105 3132 608 55 191 0 1 14 1840 1785 227 47 182 0 2 198 2857 611 191 48 189
0 0 0 158 3396 542 0 0 0 0 2 2344 1750 0 0 0 0 0 539 3031 526 0 0 0
0 0 2 48 3014 716 65 251 0 0 6 878 2600 324 49 239 0 2 138 2726 742 192 48 248
0 0 5 432 3124 512 5 18 0 0 229 2081 1744 19 5 18 0 157 939 2491 480 6 4 19
0 0 3 83 3200 599 55 156 0 2 22 1857 1831 199 34 151 0 16 909 2359 498 126 35 153
0 0 0 1 3361 333 33 368 0 0 0 997 2647 55 31 366 0 0 29 3198 432 41 28 368
0 0 6 29 3921 55 8 77 0 3 9 3432 552 19 4 77 1 6 936 2978 71 22 5 77
0 0 215 1226 2563 14 10 68 0 119 349 3493 47 11 13 64 14 279 2521 1154 39 10 13 66
0 20 11 581 3476 8 0 0 1 25 11 3225 834 0 0 0 1 26 67 3640 362 0 0 0
0 195 162 1056 2377 280 26 0 20 281 349 2438 895 113 0 0 56 290 848 2375 443 84 0 0
0 14 14 288 2889 431 375 85 0 22 27 1530 1915 336 230 36 0 23 725 1717 1064 333 191 43
0 0 0 84 2831 1069 112 0 0 0 0 1326 2380 378 12 0 0 0 644 1659 1590 203 0 0
0 0 0 0 2611 938 356 191 0 0 0 1051 2309 329 374 33 0 0 394 1347 1711 290 309 45
2 52 48 188 2464 1227 112 3 16 51 83 1436 2137 347 26 0 38 53 527 1800 1502 168 8 0
0 0 0 27 2674 953 345 97 0 0 0 1020 2428 312 310 26 0 0 470 1256 1831 240 280 19
0 0 0 106 2799 1048 139 4 0 0 0 1290 2354 412 40 0 0 0 700 1592 1550 234 20 0
0 63 100 454 2249 810 309 111 13 107 85 1595 1609 387 209 91 88 75 698 1522 1116 357 147 93
0 49 139 832 2493 491 42 50 0 101 225 2072 1503 133 15 47 14 139 592 2402 802 88 12 47
730 448 302 388 1430 798 0 0 876 351 302 392 2174 1 0 0 1371 443 89 76 2106 9 2 0
301 445 205 238 1144 1763 0 0 485 321 182 258 2848 2 0 0 714 385 104 163 2724 6 0 0
54 361 352 572 1027 1718 12 0 129 310 295 539 1999 823 1 0 493 347 338 499 1921 495 3 0
13 175 87 162 338 2822 499 0 35 156 76 127 544 3158 0 0 120 119 139 214 982 2514 8 0
0 0 0 0 1 2692 1403 0 0 0 0 0 195 3901 0 0 0 42 44 10 528 3448 24 0
0 0 0 0 0 2932 1164 0 0 0 0 0 226 3870 0 0 0 0 0 0 555 3541 0 0
0 0 0 0 12 3355 729 0 0 0 0 0 510 3565 21 0 0 0 0 0 957 3122 17 0
0 0 0 0 106 3944 46 0 0 0 0 0 1517 2579 0 0 0 0 0 30 2043 2023 0 0
19 53 65 79 1485 2368 27 0 40 63 93 246 3201 453 0 0 133 150 100 394 3028 291 0 0
1 137 318 317 2474 814 35 0 18 281 288 583 2736 190 0 0 847 679 115 312 2053 90 0 0
569 387 334 1347 1203 197 59 0 797 481 993 1371 324 126 4 0 1588 1261 463 433 224 112 15 0
353 775 602 1252 918 196 0 0 599 943 945 1347 262 0 0 0 1441 1302 516 600 226 11 0 0
332 1022 838 1213 585 82 24 0 592 1464 1185 615 197 40 3 0 1690 1360 696 208 102 39 1 0
185 577 619 1110 1117 474 14 0 353 869 1204 737 815 118 0 0 1307 1575 792 302 80 40 0 0
61 447 351 522 1708 936 71 0 152 653 678 972 1288 353 0 0 1033 1560 717 229 466 89 2 0
65 753 484 634 1112 858 186 4 146 957 745 679 906 645 18 0 481 1201 933 455 456 560 10 0
60 488 570 654 1067 1023 216 18 176 733 786 837 865 615 84 0 516 816 1101 682 448 449 79 5
323 731 729 724 1024 486 77 2 519 1139 750 921 484 279 4 0 1035 1197 1056 291 288 227 2 0
284 663 673 825 1128 434 81 8 587 826 842 1141 514 186 0 0 954 1266 903 403 432 136 2 0
691 623 535 920 961 287 79 0 906 812 505 1127 546 200 0 0 1484 1252 386 498 323 153 0 0
587 477 632 1417 969 14 0 0 940 1100 1746 297 11 2 0 0 2373 1352 330 33 7 1 0 0
824 852 741 862 662 145 10 0 1349 1260 822 458 173 33 1 0 2494 872 372 212 120 26 0 0
490 687 735 988 1004 185 7 0 885 991 1202 750 236 32 0 0 1859 1174 594 303 147 19 0 0
453 774 1123 1042 637 61 6 0 965 1262 1271 500 86 12 0 0 2197 1215 492 147 37 7 1 0
775 613 461 567 1022 433 215 10 1105 829 1013 640 194 221 94 0 1955 1178 411 138 123 193 97 1
778 397 355 493 1231 686 153 3 977 569 898 1113 334 166 39 0 1829 1013 651 306 120 135 42 0
812 470 256 610 1029 509 410 0 1077 495 934 827 136 573 54 0 1912 872 397 202 106 544 63 0
99 379 794 1135 1291 365 33 0 426 1030 1152 1068 319 101 0 0 1273 1368 774 379 228 74 0 0
30 215 644 1072 1582 507 44 2 728 1103 915 914 400 36 0 0 1585 1305 640 376 173 17 0 0
57 255 728 1565 1237 236 17 1 314 1166 1480 922 189 24 1 0 2060 1247 460 227 81 21 0 0
338 72 93 537 2647 389 20 0 372 113 615 2617 328 51 0 0 598 1994 1193 184 110 17 0 0
0 40 118 438 1862 1638 0 0 20 119 398 2200 1359 0 0 0 160 1283 2452 201 0 0 0 0
0 0 0 23 1367 2700 6 0 0 0 20 1826 2246 4 0 0 0 944 2831 321 0 0 0 0
0 0 24 42 1397 2633 0 0 0 17 46 1807 2226 0 0 0 27 989 3030 50 0 0 0 0
89 76 39 112 878 2684 200 18 116 75 79 1424 2129 177 96 0 186 694 2395 506 192 123 0 0
119 38 51 122 1380 2246 137 3 134 63 119 1698 1927 152 3 0 209 1036 2047 682 94 26 2 0
149 30 46 173 1729 1966 3 0 157 54 154 2124 1603 4 0 0 223 1170 2331 339 33 0 0 0
0 0 3 42 1655 2357 39 0 0 3 60 2124 1889 20 0 0 3 739 2832 457 65 0 0 0
0 0 5 116 1804 2149 21 1 0 7 155 2423 1489 21 1 0 33 778 2690 553 38 4 0 0
0 0 49 135 3080 832 0 0 0 41 128 3444 483 0 0 0 63 1445 2481 107 0 0 0 0
0 0 15 86 2277 1594 124 0 0 11 65 2186 1676 117 41 0 31 1578 2117 169 146 55 0 0
0 0 0 0 798 3152 146 0 0 0 0 866 3065 72 93 0 0 496 2844 565 97 94 0 0
0 0 0 0 123 3809 113 51 0 0 0 271 3614 120 91 0 0 220 2981 717 95 83 0 0
0 0 0 0 25 3425 556 90 0 0 0 44 3203 739 110 0 0 32 1810 2003 139 112 0 0
0 0 0 0 51 2904 1048 93 0 0 0 131 2723 990 252 0 0 72 1445 2062 249 248 20 0
0 0 0 0 33 2896 981 186 0 0 0 56 2732 981 327 0 0 55 1245 2120 331 188 157 0
0 0 0 0 89 3429 505 73 0 0 0 250 3181 554 111 0 0 198 1977 1670 132 115 4 0
0 0 0 0 8 3394 639 55 0 0 0 2 3085 904 105 0 0 3 761 3094 122 116 0 0
0 0 0 0 91 3757 232 16 0 0 0 253 3587 183 73 0 0 131 2013 1761 118 73 0 0
0 0 0 0 204 3769 123 0 0 0 0 69 3862 112 53 0 0 164 2782 1006 100 44 0 0
