0 0 0 14 263 3030 789 0 0 0 0 204 2817 1075 0 0 0 0 139 2918 1039 0 0 0
0 0 0 0 0 0 4034 62 0 0 0 0 0 3346 750 0 0 0 0 0 3653 443 0 0
0 0 0 461 612 1581 1442 0 0 0 301 698 1500 1400 197 0 0 15 966 1629 1415 71 0 0
0 0 174 3290 609 23 0 0 0 0 2141 1818 137 0 0 0 0 381 3470 245 0 0 0 0
0 0 61 889 965 1347 834 0 0 0 70 814 916 1117 1166 13 0 0 687 945 1101 1131 232 0
0 0 0 0 0 17 2613 1466 0 0 0 0 0 0 1831 2265 0 0 0 0 0 931 2565 600
0 0 0 0 0 0 2243 1853 0 0 0 0 0 0 1322 2774 0 0 0 0 0 373 2810 913
0 0 0 0 0 1693 2394 9 0 0 0 0 0 699 2766 631 0 0 0 0 585 2212 1299 0
111 38 128 707 1971 1141 0 0 310 258 123 395 1384 1522 104 0 362 269 154 1354 1714 243 0 0
57 32 117 688 1342 1198 662 0 239 159 127 1135 1413 1023 0 0 316 105 808 1760 1107 0 0 0
0 0 0 1 338 125 3317 315 0 0 43 287 93 2721 952 0 0 2 251 163 2665 1015 0 0
0 0 0 12 407 192 2294 1191 0 0 91 313 165 1264 2263 0 0 22 306 238 1352 2178 0 0
0 0 0 3 498 959 2540 96 0 0 52 404 537 2419 684 0 0 4 395 564 2711 422 0 0
0 0 0 369 2489 1238 0 0 0 0 133 1508 2440 15 0 0 0 18 1065 2957 56 0 0 0
0 0 737 1937 1422 0 0 0 0 0 799 2182 1022 93 0 0 0 54 2070 1462 510 0 0 0
0 0 1 435 2314 1346 0 0 0 10 231 280 628 2342 605 0 0 96 346 236 1527 1891 0 0
0 3 6 122 923 2968 74 0 2 2 16 348 3397 331 0 0 3 10 164 3241 678 0 0 0
0 0 0 51 536 2460 1049 0 0 0 4 232 1564 2296 0 0 0 3 88 1242 2763 0 0 0
0 0 0 21 904 3032 139 0 0 0 9 406 3210 471 0 0 0 7 230 3265 594 0 0 0
0 0 1 125 2222 1748 0 0 0 0 28 927 3024 117 0 0 0 3 559 3335 199 0 0 0
0 0 1 42 1815 2235 3 0 0 0 8 292 2210 1553 33 0 0 1 129 2025 1878 63 0 0
0 0 0 10 363 2193 1530 0 0 0 4 171 306 2212 1403 0 0 0 91 331 2100 1574 0 0
0 0 0 4 233 902 2957 0 0 0 1 129 276 1253 2437 0 0 0 38 293 916 2839 10 0
0 0 0 16 587 2953 540 0 0 0 0 172 714 2757 453 0 0 0 87 641 2743 625 0 0
2 29 19 75 1968 2003 0 0 12 25 37 372 3237 413 0 0 34 27 213 2611 1211 0 0 0
330 380 208 148 721 2272 37 0 457 413 147 366 1495 1218 0 0 841 146 324 1153 1632 0 0 0
0 0 0 20 420 3419 237 0 0 0 8 170 2569 1349 0 0 0 7 72 2009 2008 0 0 0
0 0 0 21 319 3293 463 0 0 0 11 152 2535 1398 0 0 0 7 60 1722 2307 0 0 0
0 0 3 25 787 3281 0 0 0 0 18 385 3530 163 0 0 0 15 196 3447 438 0 0 0
0 0 15 302 3551 228 0 0 0 2 28 733 3333 0 0 0 0 18 435 3643 0 0 0 0
0 0 19 368 3701 8 0 0 0 0 18 342 3635 101 0 0 0 4 78 2140 1874 0 0 0
0 1 31 760 3304 0 0 0 0 0 18 442 3571 65 0 0 0 5 111 2118 1862 0 0 0
201 1249 140 139 748 1619 0 0 927 576 126 264 1937 266 0 0 1437 138 170 1462 889 0 0 0
127 1327 119 149 592 1781 1 0 1065 441 145 331 1713 401 0 0 1450 148 255 1572 671 0 0 0
40 1596 93 189 1118 1060 0 0 1417 280 168 501 1728 2 0 0 1680 138 426 1831 21 0 0 0
26 1345 600 534 814 777 0 0 1217 849 415 430 1185 0 0 0 1948 462 399 1281 6 0 0 0
154 1663 250 176 798 1053 2 0 1640 380 145 234 1503 192 2 0 1972 168 193 1466 293 1 3 0
618 1599 78 96 239 1374 92 0 2120 119 92 88 383 1276 11 7 2209 100 99 373 1295 3 10 7
847 1615 12 33 138 971 480 0 2396 70 15 51 279 1281 4 0 2458 16 46 254 1273 49 0 0
356 2230 40 39 160 1200 71 0 2347 272 24 41 279 1133 0 0 2609 33 39 230 1185 0 0 0
247 1650 352 196 336 943 207 165 1307 780 216 190 787 442 245 129 1902 278 214 679 575 124 308 16
1478 1530 261 201 210 208 208 0 2375 733 233 197 244 171 143 0 2912 305 226 228 150 229 46 0
425 866 643 769 571 822 0 0 1069 1265 569 386 802 5 0 0 1963 908 392 808 22 3 0 0
1496 863 602 358 229 548 0 0 1932 1135 240 144 645 0 0 0 2503 781 118 691 3 0 0 0
2414 561 479 75 375 192 0 0 2511 906 51 191 437 0 0 0 2737 716 142 501 0 0 0 0
2510 987 107 112 377 3 0 0 2560 1008 49 139 340 0 0 0 2915 674 120 381 6 0 0 0
2541 1172 38 127 218 0 0 0 2574 1139 37 128 218 0 0 0 3198 535 72 275 16 0 0 0
2612 1061 162 172 89 0 0 0 2634 1115 114 134 99 0 0 0 3136 684 102 163 11 0 0 0
400 1492 2000 167 33 4 0 0 1035 1137 1764 127 29 4 0 0 1593 2135 306 52 10 0 0 0
160 1586 2211 102 28 8 1 0 938 1589 1456 74 27 10 2 0 1458 2417 170 33 16 2 0 0
64 1640 2292 85 12 2 1 0 872 2369 783 54 14 3 0 1 1616 2320 128 24 7 0 1 0
130 797 1711 539 420 499 0 0 992 1667 696 620 121 0 0 0 3048 958 85 5 0 0 0 0
572 785 1930 254 419 124 12 0 1284 1495 985 182 52 44 48 6 2355 1483 73 48 47 41 41 8
386 425 2897 78 187 98 24 1 573 1738 1383 31 53 119 176 23 899 2775 29 25 48 128 170 22
77 353 3475 158 32 1 0 0 202 1617 2124 108 39 6 0 0 613 3332 105 38 8 0 0 0
19 175 2552 432 214 240 464 0 22 759 2436 310 564 5 0 0 185 2946 409 553 3 0 0 0
74 134 152 255 188 500 1015 1778 107 238 259 328 456 285 1097 1326 137 384 516 295 193 416 2145 10
60 341 121 90 107 239 1535 1603 56 371 124 96 173 433 1951 892 72 376 127 115 221 668 2478 39
107 156 540 550 1022 1246 474 1 436 634 691 956 820 353 206 0 777 742 1039 572 572 271 123 0
119 267 647 620 1427 902 113 1 197 1076 1094 1121 427 181 0 0 2739 759 172 237 188 1 0 0
2 773 1285 533 476 523 186 318 2 1806 670 425 476 289 37 391 584 2025 257 316 442 47 41 384
1 503 1477 909 353 498 189 166 1 984 661 477 1082 430 125 336 55 1412 240 561 1044 325 126 333
11 997 1577 380 608 502 21 0 53 1885 1097 481 433 147 0 0 707 2346 355 458 218 12 0 0
120 1156 833 728 854 394 11 0 424 1840 848 500 403 81 0 0 2149 1179 256 373 139 0 0 0
1131 988 918 461 320 275 3 0 1053 946 765 524 549 182 74 3 1290 1036 652 637 301 125 53 2
1911 546 898 236 144 350 11 0 1859 584 887 311 330 124 1 0 1852 1169 505 393 168 9 0 0
1488 509 1060 362 235 376 66 0 1635 720 1034 214 317 171 4 1 1860 1346 332 350 198 6 4 0
763 140 372 320 1548 875 76 2 776 371 1843 620 295 184 2 5 2790 631 169 259 235 5 3 4
1036 510 359 433 1082 511 162 3 876 673 1089 494 499 346 83 36 1976 573 374 555 372 157 63 26
963 727 920 583 308 423 169 3 962 768 933 375 554 354 80 70 1192 1259 444 514 412 146 78 51
1598 636 719 479 181 369 114 0 1450 993 799 250 376 218 9 1 2047 986 368 391 276 23 5 0
378 697 1038 660 1152 151 20 0 795 2155 883 102 126 34 1 0 1790 1978 147 139 39 1 2 0
1017 127 137 92 74 270 688 1691 1016 157 161 86 196 297 1444 739 840 363 155 172 221 344 1947 54
489 67 44 85 214 401 1235 1561 540 83 154 156 187 517 1433 1026 516 197 110 144 233 669 2042 185
120 48 169 766 2083 646 264 0 232 1098 1607 758 377 24 0 0 811 1784 1108 349 39 5 0 0
776 94 58 330 1870 963 5 0 875 878 1505 732 103 3 0 0 3640 250 128 73 5 0 0 0
266 797 1963 914 139 17 0 0 242 324 637 1735 1046 110 2 0 324 290 314 1053 1890 224 1 0
234 534 1557 1491 269 11 0 0 266 543 599 865 1207 616 0 0 329 684 390 337 1431 921 4 0
388 279 733 1691 886 117 2 0 977 1620 1058 320 77 44 0 0 2907 697 315 88 56 33 0 0
1060 728 742 1156 409 1 0 0 1496 1969 479 94 48 8 2 0 2967 838 197 40 42 10 2 0
2604 741 394 260 82 14 1 0 2028 835 487 311 293 107 30 5 2155 834 488 281 214 91 32 1
3137 502 245 142 62 8 0 0 2061 836 605 297 183 90 23 1 1715 1008 643 396 201 110 23 0
3010 664 269 84 48 17 4 0 2542 900 399 181 54 15 5 0 2431 954 418 204 71 16 2 0
2096 652 982 232 62 68 2 2 2616 1101 317 47 3 5 4 3 3387 620 72 3 3 4 4 3
2419 552 990 89 34 11 1 0 2598 1015 340 69 54 17 3 0 3144 650 180 50 53 17 2 0
2624 845 400 107 77 38 5 0 1563 1148 904 293 93 50 42 3 1531 1086 828 513 66 45 26 1
1613 1367 757 152 76 76 53 2 1852 1124 550 343 94 59 66 8 1452 917 947 556 106 48 62 8
187 1301 638 811 538 199 383 39 895 1982 430 168 88 144 383 6 966 1111 1243 152 125 238 261 0
3468 183 247 96 79 14 9 0 3520 199 243 93 23 18 0 0 3482 185 192 193 39 5 0 0
3987 34 19 16 4 12 24 0 4001 40 13 6 4 14 18 0 3998 42 11 8 3 21 13 0
608 134 564 980 1597 210 3 0 675 742 1730 840 96 13 0 0 856 1934 650 193 365 97 1 0
58 84 755 2378 719 85 17 0 265 2168 1048 434 163 18 0 0 1940 1290 319 224 237 86 0 0
452 749 2007 581 248 58 1 0 339 393 994 1941 345 71 12 1 339 580 527 931 1249 451 19 0
247 773 2708 274 87 7 0 0 120 375 840 2397 280 73 11 0 140 326 523 1121 1442 531 13 0
132 612 2500 801 49 2 0 0 1005 884 602 1523 74 8 0 0 1416 511 241 700 1011 217 0 0
1063 506 1333 1165 29 0 0 0 1355 1278 894 476 68 25 0 0 1947 1096 380 317 305 40 11 0
2378 1471 161 74 8 4 0 0 1584 722 1410 287 78 13 2 0 1716 626 329 1355 62 8 0 0
1950 1829 229 60 20 8 0 0 1011 575 1695 747 38 16 11 3 1066 556 340 1867 242 14 11 0
601 2124 933 62 251 125 0 0 310 146 1459 1992 141 41 7 0 336 360 820 1682 855 40 3 0
13 1300 1339 312 621 510 1 0 645 482 1219 1611 111 25 3 0 847 493 1154 995 584 21 2 0
48 968 905 390 618 1167 0 0 469 477 859 2088 157 46 0 0 769 256 1618 776 631 46 0 0
88 828 315 34 225 2598 8 0 8 87 369 3386 166 63 17 0 0 81 2316 808 809 69 13 0
689 1160 399 53 108 1669 18 0 1119 649 138 2063 118 9 0 0 367 739 2124 534 306 26 0 0
1968 1775 125 83 94 51 0 0 2490 1486 45 69 6 0 0 0 950 1474 1575 78 16 3 0 0
594 142 226 1571 834 720 9 0 2628 489 214 723 36 6 0 0 3022 133 666 171 100 4 0 0
568 231 436 1982 323 509 47 0 2276 903 218 615 71 13 0 0 2946 313 431 274 116 16 0 0
0 1 296 810 1832 810 345 2 74 1276 1070 1152 441 66 16 1 848 1304 677 846 279 137 5 0
7 9 127 848 851 1705 538 11 221 649 828 2026 305 40 17 10 598 680 1612 1041 110 37 13 5
87 32 360 866 226 2011 512 2 209 645 341 2207 624 62 8 0 668 371 738 1838 321 160 0 0
0 38 320 42 37 3333 326 0 0 0 5 3369 595 127 0 0 0 0 663 2813 366 254 0 0
111 246 394 165 304 2770 106 0 320 192 748 2535 208 72 20 1 336 203 2635 476 392 38 16 0
929 252 836 342 551 1169 17 0 1760 334 1010 778 142 62 9 1 1849 315 1530 196 159 41 6 0
157 1058 22 44 2591 224 0 0 0 4 3744 190 107 51 0 0 0 912 1799 1263 80 42 0 0
9 368 34 30 2220 1435 0 0 0 0 2663 1241 110 72 10 0 0 244 3156 459 164 68 5 0
2 4 5 13 1373 2695 4 0 9 5 2560 1443 73 4 2 0 9 471 3497 83 31 5 0 0
9 29 77 236 1554 2190 1 0 41 366 2405 1167 82 26 9 0 91 1882 1917 151 37 18 0 0
19 37 93 217 760 2970 0 0 74 147 2407 1300 148 20 0 0 141 1560 2118 233 43 1 0 0
0 0 0 0 90 3962 44 0 0 0 1150 2662 280 4 0 0 0 240 3393 440 23 0 0 0
1956 63 57 127 704 1181 8 0 2153 420 401 956 166 0 0 0 2413 539 1050 94 0 0 0 0
3256 78 48 170 65 475 4 0 3370 195 477 54 0 0 0 0 3487 361 248 0 0 0 0 0
469 45 90 1499 976 901 116 0 1831 553 451 706 307 239 9 0 2110 477 737 297 310 155 10 0
534 275 482 679 915 1135 76 0 913 657 1311 840 265 81 29 0 1116 984 1438 363 149 46 0 0
0 0 0 948 763 1893 482 10 365 716 996 947 469 262 338 3 903 590 1416 454 173 255 301 4
126 44 43 37 445 3369 32 0 144 69 2933 734 180 30 6 0 156 1852 1782 239 49 17 1 0
125 38 39 79 324 3398 93 0 136 90 918 2772 145 33 2 0 148 569 2374 918 84 3 0 0
0 0 0 0 92 3951 53 0 0 0 356 3621 85 34 0 0 0 0 3029 1011 50 6 0 0
15 28 14 29 1058 2949 3 0 47 688 3044 299 16 2 0 0 55 2567 1437 32 5 0 0 0
10 57 143 243 1926 1712 5 0 56 974 2440 403 116 91 16 0 115 2368 1266 184 97 58 8 0
0 0 0 0 1219 2875 2 0 0 8 3687 300 101 0 0 0 0 2504 1469 123 0 0 0 0
0 0 0 0 242 3784 70 0 0 0 2009 1973 113 1 0 0 0 713 3255 103 25 0 0 0
0 0 0 0 130 3699 267 0 0 0 3090 878 118 10 0 0 0 1116 2852 90 38 0 0 0
0 0 0 0 46 3850 200 0 0 106 3793 109 53 35 0 0 0 3416 553 79 48 0 0 0
0 0 0 0 10 3759 327 0 0 90 3814 128 18 46 0 0 0 3734 247 51 64 0 0 0
0 0 0 143 456 1606 1735 156 64 130 1446 603 188 272 1205 188 138 899 1169 152 151 317 1159 111
0 0 0 96 853 1564 1564 19 324 496 2904 268 58 46 0 0 691 2416 862 81 38 8 0 0
28 10 7 270 207 1940 1632 2 43 292 3364 304 41 52 0 0 89 2305 1600 46 56 0 0 0
59 18 22 360 1979 1321 330 7 79 581 2728 678 21 9 0 0 304 2602 1123 50 17 0 0 0
0 8 24 11 29 3641 383 0 41 384 3390 159 73 49 0 0 87 3255 617 73 60 4 0 0
0 0 0 177 902 1721 1285 11 6 671 1527 1752 103 35 2 0 500 1015 2435 102 27 17 0 0
315 66 45 47 614 2929 80 0 364 272 2523 736 201 0 0 0 420 2598 849 204 25 0 0 0
0 0 0 0 1 3069 1026 0 0 0 1273 2706 41 76 0 0 0 942 2870 188 96 0 0 0
0 0 0 0 9 3859 228 0 0 0 989 2970 69 68 0 0 0 146 3759 111 76 4 0 0
0 0 0 0 83 3958 55 0 0 1125 2823 63 63 22 0 0 1 3604 366 72 53 0 0 0
0 0 0 0 665 3395 36 0 0 2303 1659 41 93 0 0 0 23 3884 85 81 23 0 0 0
0 0 0 0 0 3574 522 0 0 1 3449 646 0 0 0 0 0 2803 1293 0 0 0 0 0
0 0 0 0 0 943 3153 0 0 0 553 3543 0 0 0 0 0 256 3840 0 0 0 0 0
0 0 0 0 0 320 3776 0 0 0 1280 2816 0 0 0 0 0 806 3290 0 0 0 0 0
0 0 0 0 0 826 3270 0 0 235 3845 16 0 0 0 0 6 3823 267 0 0 0 0 0
214 200 113 72 124 1192 2176 5 505 775 2288 70 90 178 185 5 775 2799 102 115 166 131 8 0
40 180 195 218 647 1014 1530 272 381 549 1826 131 160 231 442 376 685 1955 288 165 185 210 406 202
0 0 0 25 833 1470 1768 0 0 135 3917 44 0 0 0 0 2 3967 127 0 0 0 0 0
789 72 50 44 633 1057 1450 1 884 330 2707 21 31 64 59 0 920 2892 119 15 43 78 29 0
1302 121 72 84 145 1597 775 0 1464 489 2061 48 34 0 0 0 1573 2427 62 29 5 0 0 0
0 0 0 0 0 2196 1900 0 0 833 3263 0 0 0 0 0 2 4090 4 0 0 0 0 0
0 0 0 0 8 873 3215 0 0 266 3059 771 0 0 0 0 9 2939 1148 0 0 0 0 0
1672 316 232 178 198 825 666 9 1799 433 1405 180 116 69 67 27 1877 1544 254 171 104 57 62 27
3 14 38 63 52 866 3054 6 2 13 455 3398 161 45 22 0 0 380 3425 186 63 31 11 0
0 0 0 0 1 3026 1069 0 0 1 2869 1226 0 0 0 0 0 1767 2328 1 0 0 0 0
0 0 0 0 0 3899 197 0 0 1944 2152 0 0 0 0 0 187 3871 38 0 0 0 0 0
0 0 0 0 27 4067 2 0 0 3318 778 0 0 0 0 0 940 3156 0 0 0 0 0 0
0 0 0 0 0 2416 1680 0 0 199 3878 19 0 0 0 0 0 3884 212 0 0 0 0 0
0 0 0 0 0 123 3973 0 0 0 2701 1395 0 0 0 0 0 2331 1765 0 0 0 0 0
0 0 0 0 0 19 4077 0 0 0 3057 1039 0 0 0 0 0 2552 1544 0 0 0 0 0
0 0 0 0 0 4 4092 0 0 338 3758 0 0 0 0 0 16 4056 24 0 0 0 0 0
0 0 0 0 0 9 4087 0 0 332 3749 15 0 0 0 0 25 4066 5 0 0 0 0 0
0 0 0 0 0 23 4073 0 0 10 3102 984 0 0 0 0 0 2323 1773 0 0 0 0 0
0 0 0 0 0 514 3582 0 0 17 4079 0 0 0 0 0 1 4095 0 0 0 0 0 0
195 236 166 148 168 1018 2165 0 375 1016 2420 99 72 80 34 0 570 3110 159 77 74 81 25 0
32 187 194 148 340 1015 2180 0 228 1356 2420 60 30 2 0 0 398 3456 171 45 25 1 0 0
0 0 0 13 152 1717 2214 0 0 1260 2836 0 0 0 0 0 75 4018 3 0 0 0 0 0
0 0 0 0 26 1616 2454 0 0 796 3249 51 0 0 0 0 56 3935 105 0 0 0 0 0
17 86 270 504 440 740 2039 0 398 1167 2204 78 76 63 102 8 963 2742 77 85 70 45 88 26
242 342 190 176 158 555 2433 0 684 897 1462 776 74 61 129 13 960 1643 1160 62 79 70 105 17
0 0 0 0 0 595 3501 0 0 0 3725 371 0 0 0 0 0 2901 1195 0 0 0 0 0
0 0 0 0 0 1614 2482 0 0 1762 2334 0 0 0 0 0 177 3916 3 0 0 0 0 0
0 0 0 0 42 3715 339 0 0 3755 341 0 0 0 0 0 804 3292 0 0 0 0 0 0
0 0 0 0 0 1132 2964 0 0 1370 2692 34 0 0 0 0 0 4010 86 0 0 0 0 0
0 0 0 0 68 311 3717 0 0 1 3937 158 0 0 0 0 0 3563 533 0 0 0 0 0
0 0 0 0 0 316 3780 0 0 0 3882 214 0 0 0 0 0 3306 790 0 0 0 0 0
0 0 0 0 0 2 4094 0 0 11 4085 0 0 0 0 0 0 4063 33 0 0 0 0 0
0 0 0 0 0 0 4096 0 0 119 3977 0 0 0 0 0 6 4090 0 0 0 0 0 0
0 0 0 0 0 0 4096 0 0 0 4096 0 0 0 0 0 0 3952 144 0 0 0 0 0
0 0 0 0 0 0 4096 0 0 19 4077 0 0 0 0 0 0 4092 4 0 0 0 0 0
0 0 0 0 0 0 4096 0 0 22 4074 0 0 0 0 0 0 4045 51 0 0 0 0 0
0 0 0 0 0 0 4093 3 0 61 4035 0 0 0 0 0 0 4071 25 0 0 0 0 0
0 0 0 0 0 0 4090 6 0 5 4091 0 0 0 0 0 0 4013 83 0 0 0 0 0
0 0 0 0 0 0 4096 0 0 0 4096 0 0 0 0 0 0 4041 55 0 0 0 0 0
0 0 0 0 0 0 4096 0 0 12 4084 0 0 0 0 0 0 4040 56 0 0 0 0 0
0 0 0 0 0 8 4088 0 0 0 3879 217 0 0 0 0 0 2756 1340 0 0 0 0 0
0 0 0 0 0 22 4074 0 0 43 4033 20 0 0 0 0 0 3768 328 0 0 0 0 0
0 0 0 0 0 233 3862 1 0 2013 2083 0 0 0 0 0 23 4072 1 0 0 0 0 0
0 0 0 0 0 2914 1182 0 0 3961 135 0 0 0 0 0 678 3418 0 0 0 0 0 0
