0 0 0 140 869 3049 38 0 0 0 16 784 849 2447 0 0 18 848 1272 1958 0 0 0 0
0 0 0 0 170 2029 1897 0 0 0 0 56 838 2713 489 0 46 740 285 2531 494 0 0 0
0 0 0 0 0 1486 2186 424 0 0 0 0 1218 952 1926 0 6 1044 561 653 1353 479 0 0
0 7 16 13 25 1229 2499 307 4 13 12 18 799 1048 2196 6 34 1065 509 694 1618 174 2 0
0 0 0 0 0 797 2255 1044 0 0 0 0 198 2299 1113 486 0 1535 788 340 809 410 214 0
0 0 0 0 0 1698 2234 164 0 0 0 0 817 2032 1246 1 15 2030 672 270 929 180 0 0
0 0 0 0 1 2419 1448 228 0 0 0 0 1433 1491 1142 30 0 1844 943 225 722 362 0 0
0 0 0 7 18 3003 809 259 0 0 2 16 2614 551 879 34 8 1646 1388 161 549 339 5 0
0 0 0 0 1821 1732 459 84 0 0 0 906 1981 1001 134 74 49 2185 966 565 221 33 26 51
0 0 1 1 294 3763 37 0 0 0 1 13 1534 2548 0 0 2 44 2874 1176 0 0 0 0
0 0 0 0 0 515 3581 0 0 0 0 0 2 4006 88 0 0 0 58 4038 0 0 0 0
0 4 4 5 7 24 4052 0 1 6 1 5 14 552 3517 0 8 5 13 1559 2511 0 0 0
0 0 0 0 0 0 3943 153 0 0 0 0 0 94 4002 0 0 0 0 1764 2332 0 0 0
0 0 0 0 0 0 3100 996 0 0 0 0 0 0 4096 0 0 0 0 920 3176 0 0 0
0 0 0 0 0 0 3942 154 0 0 0 0 0 227 3869 0 0 0 6 1378 2690 22 0 0
0 0 0 0 0 76 3977 43 0 0 0 0 0 387 3709 0 0 212 117 1178 2560 29 0 0
0 0 0 0 0 695 3299 102 0 0 0 0 457 1082 2557 0 0 628 156 1331 1912 69 0 0
0 0 0 0 18 1873 2200 5 0 0 0 7 178 3756 155 0 12 128 928 2769 259 0 0 0
3 85 33 43 619 2951 362 0 42 64 38 362 1458 2132 0 0 271 858 2562 404 1 0 0 0
2 13 4 5 43 1845 2184 0 2 15 2 35 732 3032 278 0 103 664 1817 1507 5 0 0 0
0 37 24 26 39 300 3669 1 8 39 29 25 292 1897 1806 0 101 670 536 2377 409 3 0 0
0 0 0 0 4 196 3889 7 0 0 0 7 173 1257 2659 0 53 363 586 2716 378 0 0 0
253 77 42 61 288 295 2917 163 296 88 196 137 328 699 2352 0 510 609 433 1475 1037 29 3 0
0 0 0 0 0 137 3941 18 0 0 0 0 142 894 3060 0 50 445 417 2450 734 0 0 0
0 0 0 0 0 61 4016 19 0 0 0 0 74 1093 2929 0 10 412 405 2596 673 0 0 0
0 0 0 0 0 176 3920 0 0 0 0 0 276 2542 1278 0 0 568 624 2627 277 0 0 0
0 0 0 0 28 2644 1424 0 0 0 0 1 446 3649 0 0 29 386 3021 660 0 0 0 0
41 64 95 94 136 3150 516 0 70 122 78 62 1024 2717 23 0 219 108 2075 1582 110 2 0 0
132 345 254 229 278 1312 1524 22 289 398 266 239 385 2322 197 0 610 470 1321 1492 147 45 9 2
53 112 75 113 310 599 2802 32 317 214 207 213 195 1394 1556 0 455 416 1356 1711 120 37 1 0
281 188 89 110 124 256 3035 13 249 229 177 111 138 681 2511 0 356 240 321 2901 264 14 0 0
174 88 92 112 532 1541 1452 105 431 281 337 506 672 946 923 0 648 940 541 1373 560 34 0 0
228 136 86 115 218 649 2632 32 231 162 150 268 413 825 2044 3 418 327 428 2695 210 18 0 0
7 24 44 128 105 95 3677 16 23 32 61 77 168 1594 2141 0 68 123 483 3297 109 16 0 0
72 76 67 119 399 731 2632 0 114 81 196 293 476 2862 74 0 281 371 1274 2065 101 4 0 0
67 36 82 206 216 2803 686 0 170 123 123 148 640 2892 0 0 314 248 3159 343 32 0 0 0
46 79 116 124 381 2359 991 0 94 122 86 361 1900 1532 1 0 271 1781 1862 182 0 0 0 0
107 193 176 153 264 1129 2059 15 177 256 176 227 1049 2159 52 0 419 1355 2077 194 47 4 0 0
63 154 115 191 312 495 2442 324 108 236 275 261 492 2276 436 12 349 849 2037 650 164 43 4 0
130 106 180 224 267 411 2598 180 210 235 283 311 343 2521 193 0 577 895 2179 393 42 9 1 0
187 117 163 178 317 689 2203 242 252 207 244 592 527 2182 92 0 662 1209 1953 231 36 5 0 0
123 134 185 256 264 506 2244 384 172 248 307 417 473 2291 185 3 581 824 2355 242 68 18 8 0
124 59 61 85 335 215 2792 425 102 204 264 126 271 2882 246 1 459 452 2697 464 20 4 0 0
8 9 36 143 626 683 2525 66 20 204 419 291 959 2141 62 0 510 1335 2009 208 31 3 0 0
27 65 93 175 363 2368 1005 0 79 99 215 414 2784 505 0 0 308 2633 1106 48 1 0 0 0
0 0 6 63 49 2262 1716 0 0 1 58 48 2855 1018 116 0 180 3428 332 55 91 10 0 0
0 0 0 0 0 38 3980 78 0 0 0 0 151 3653 292 0 134 1302 2292 120 213 35 0 0
0 0 0 0 0 1 3152 943 0 0 0 0 0 3500 521 75 30 217 3279 165 152 252 1 0
0 0 0 0 0 0 1980 2116 0 0 0 0 0 3254 842 0 22 155 3801 118 0 0 0 0
0 0 0 0 0 0 2055 2041 0 0 0 0 0 3725 371 0 56 212 3788 40 0 0 0 0
0 0 0 0 0 0 2130 1966 0 0 0 0 0 3594 502 0 1 298 3692 105 0 0 0 0
0 0 0 0 0 0 2998 1098 0 0 0 0 0 3850 246 0 34 647 3309 102 4 0 0 0
0 0 0 0 0 32 3903 161 0 0 0 0 598 3296 201 1 66 2101 1640 153 132 4 0 0
0 0 0 0 0 1201 2856 39 0 0 0 22 3301 624 149 0 68 3421 278 294 35 0 0 0
