71 316 818 926 1784 155 26 0 55 979 2617 330 104 11 0 0 1233 1918 521 326 93 5 0 0
22 78 57 256 420 2631 629 3 88 284 805 2890 22 7 0 0 1490 2340 241 17 8 0 0 0
0 0 1 260 1816 2019 0 0 0 0 2213 1883 0 0 0 0 17 3862 217 0 0 0 0 0
0 0 0 175 1510 1892 519 0 0 223 1591 2276 6 0 0 0 893 3076 127 0 0 0 0 0
94 176 109 124 100 879 1907 707 222 187 177 2023 349 993 143 2 908 1572 235 388 878 111 4 0
12 45 16 11 111 1843 2056 2 21 54 147 3814 58 2 0 0 1065 2958 69 2 2 0 0 0
24 184 113 156 587 1810 788 434 150 190 461 2382 272 226 257 158 700 1850 655 159 206 222 201 103
111 252 182 160 357 2327 283 424 277 267 239 2393 296 188 195 241 467 560 2084 279 186 177 149 194
0 0 0 0 0 1853 2243 0 0 0 0 4090 6 0 0 0 186 2280 1630 0 0 0 0 0
107 427 246 183 344 669 2087 33 177 466 524 2043 836 36 6 8 880 2423 452 251 60 12 8 10
27 312 557 540 804 1397 433 26 324 721 1013 1767 240 28 3 0 1104 1943 623 349 75 2 0 0
267 602 444 429 421 1078 743 112 734 860 514 1600 222 94 67 5 1632 1650 441 154 118 61 39 1
0 0 0 3 968 3044 38 43 0 0 1324 2693 36 37 6 0 16 3455 540 42 28 15 0 0
22 46 59 146 1331 2018 394 80 74 184 1439 2253 58 54 34 0 703 2933 325 47 36 52 0 0
298 647 359 269 176 418 1209 720 703 669 281 443 422 1296 256 26 1412 482 278 527 1166 209 21 1
797 1015 289 173 437 1176 143 66 1135 954 416 1330 147 40 46 28 2245 1356 274 80 45 32 46 18
234 877 622 413 784 684 257 225 588 977 873 982 305 159 92 120 1036 1248 947 416 146 118 80 105
620 985 423 302 554 697 228 287 962 983 603 866 246 154 126 156 1403 1051 652 423 210 77 100 180
126 292 297 499 971 1169 545 197 278 442 926 1737 265 246 139 63 774 1958 803 205 139 125 71 21
397 746 373 265 559 745 807 204 735 740 443 773 499 379 392 135 1810 1227 501 275 123 79 63 18
140 18 27 256 720 1793 1017 125 161 214 755 1536 822 559 49 0 576 1617 378 379 773 334 39 0
49 47 32 114 334 1945 1220 355 101 79 419 2197 584 447 212 57 367 1870 686 324 239 398 179 33
0 0 16 111 387 3490 75 17 0 44 669 3284 81 18 0 0 233 3550 289 23 1 0 0 0
142 467 226 216 618 2309 88 30 539 363 686 2335 125 43 5 0 1092 2587 362 47 8 0 0 0
108 202 142 267 656 809 1003 909 253 231 453 729 947 933 432 118 465 495 800 884 559 569 254 70
303 612 298 409 495 581 634 764 853 468 494 730 746 438 270 97 1671 819 502 353 292 219 196 44
173 990 610 468 586 782 331 156 918 1042 660 970 331 112 36 27 1638 1279 673 296 147 32 26 5
195 440 278 366 628 607 654 928 428 519 587 612 589 551 558 252 687 764 627 519 430 627 319 123
59 265 407 256 429 1239 656 785 201 430 386 1144 828 347 477 283 682 1172 973 323 185 352 339 70
258 322 271 228 807 996 871 343 347 363 342 523 875 884 531 231 1458 726 925 558 230 160 39 0
696 281 183 487 1303 1062 57 27 869 345 812 1743 279 26 22 0 1452 1341 795 340 102 40 16 10
162 305 153 352 1438 1493 150 43 355 194 843 2366 277 32 16 13 979 1777 1112 162 29 17 11 9
39 159 119 473 1233 2068 5 0 2 115 470 3258 251 0 0 0 311 2546 1213 26 0 0 0 0
301 734 319 625 990 1107 20 0 822 411 508 2162 171 22 0 0 1242 1813 977 43 19 2 0 0
854 1178 471 341 423 458 240 131 1428 928 476 596 388 164 87 29 1693 1078 628 347 185 109 35 21
495 898 706 654 520 465 244 114 1100 715 886 828 299 150 91 27 1577 1251 648 311 172 86 36 15
220 643 776 542 570 790 394 161 480 777 947 1217 396 153 84 42 963 1567 941 313 148 101 57 6
931 788 283 340 279 729 527 219 1348 573 531 740 577 212 76 39 1731 921 740 385 172 92 52 3
82 294 547 615 633 730 810 385 128 544 770 1296 768 254 177 159 888 1258 939 438 193 144 196 40
0 111 445 906 963 690 512 469 8 283 1088 1326 621 389 277 104 465 1303 1139 443 309 264 142 31
0 0 11 80 857 2150 735 263 7 75 1808 1505 449 191 61 0 957 1971 575 267 187 125 14 0
0 0 2 31 424 2517 970 152 0 60 1556 2142 212 63 35 28 1810 1854 242 73 34 37 38 8
0 0 0 0 359 2662 1035 40 0 0 1104 2668 247 67 10 0 1323 2482 187 86 18 0 0 0
6 18 5 5 81 2151 1782 48 14 17 524 3238 249 54 0 0 1281 2557 193 65 0 0 0 0
1908 875 179 104 185 510 316 19 2671 319 356 653 82 15 0 0 3114 759 160 46 17 0 0 0
0 34 58 32 435 2534 950 53 85 143 1634 2017 183 34 0 0 1898 1774 352 55 16 1 0 0
0 0 0 0 423 1857 1535 281 0 17 1041 2179 502 280 75 2 1394 1766 242 256 337 92 9 0
0 0 0 6 141 1084 1992 873 0 27 472 1531 1410 351 167 138 404 1457 1130 611 135 129 192 38
0 0 0 0 23 1123 2367 583 0 0 179 2615 967 330 5 0 1042 1966 661 415 12 0 0 0
0 0 0 4 101 880 2419 692 0 10 169 2041 1490 383 3 0 409 2341 939 369 38 0 0 0
0 0 0 0 408 2528 1110 50 0 98 2225 1711 14 34 14 0 2172 1852 14 17 37 4 0 0
0 0 0 92 383 2317 1298 6 0 213 1972 1884 27 0 0 0 2425 1598 73 0 0 0 0 0
0 0 0 0 115 1864 2111 6 0 67 1578 2440 11 0 0 0 2816 1278 2 0 0 0 0 0
0 0 0 0 0 1855 2241 0 0 0 1458 2622 16 0 0 0 2787 1309 0 0 0 0 0 0
0 9 16 90 832 1207 1610 332 24 78 1021 2051 605 154 103 60 599 1559 1025 508 189 81 87 48
0 0 0 0 206 1681 1926 283 0 42 1405 2189 288 99 73 0 2045 1531 345 26 109 40 0 0
0 0 12 66 139 1241 1971 667 1 66 848 2062 741 192 172 14 1435 1394 743 146 204 147 27 0
0 0 0 28 68 592 2427 981 0 15 307 1870 1365 375 106 58 556 1796 977 395 143 113 92 24
0 0 0 0 26 902 2781 387 0 0 396 2727 836 126 6 5 1847 1766 318 147 9 6 3 0
0 0 0 0 36 645 3234 181 0 0 194 2068 1773 61 0 0 2234 1857 5 0 0 0 0 0
0 0 0 8 185 1865 1814 224 0 60 1871 1840 168 80 77 0 1781 1814 321 66 103 11 0 0
0 0 0 18 86 1642 1788 562 1 38 1572 1760 252 209 262 2 1685 1354 549 123 321 64 0 0
0 0 0 0 108 2457 1493 38 0 100 2518 1475 3 0 0 0 3546 550 0 0 0 0 0 0
0 0 3 43 225 2191 1460 174 0 84 2331 1468 154 56 3 0 3019 868 54 97 56 2 0 0
223 130 161 398 434 1086 1128 536 331 226 786 1054 943 420 211 125 860 638 525 1079 557 232 104 101
0 0 0 14 180 1302 2501 99 0 54 1384 2542 116 0 0 0 3277 759 59 1 0 0 0 0
0 0 0 4 65 1048 2883 96 0 19 1122 2830 66 26 25 8 2638 1341 54 21 19 21 2 0
0 0 0 0 20 796 2917 363 0 3 715 2863 363 28 110 14 2155 1584 179 39 73 66 0 0
0 0 0 0 9 1134 2884 69 0 0 1085 2935 51 4 19 2 3256 800 17 4 19 0 0 0
0 0 0 0 0 1384 2636 76 0 0 750 3144 202 0 0 0 3303 789 4 0 0 0 0 0
