0 5 1538 271 1065 1174 43 0 0 31 1605 701 1093 666 0 0 0 1354 578 1199 965 0 0 0
1 34 2717 64 303 977 0 0 4 249 2499 64 737 543 0 0 18 2650 146 210 1072 0 0 0
0 0 2752 64 167 1113 0 0 0 95 2657 64 762 518 0 0 0 2055 761 129 1151 0 0 0
0 0 2288 528 82 1198 0 0 0 5 2747 64 487 793 0 0 0 1092 1720 68 1216 0 0 0
0 4 1862 950 64 1216 0 0 0 12 2735 69 517 763 0 0 4 961 1851 64 1216 0 0 0
0 0 1250 1574 74 1198 0 0 0 0 2796 68 460 772 0 0 0 933 1883 64 1216 0 0 0
0 70 873 2089 304 760 0 0 0 214 2451 442 514 475 0 0 4 800 2164 358 768 2 0 0
0 41 1833 902 408 912 0 0 0 210 2426 198 1014 248 0 0 19 1088 1635 262 1091 1 0 0
0 211 1906 644 480 855 0 0 0 531 1938 369 1083 175 0 0 36 1441 1287 397 934 1 0 0
0 13 683 1568 341 1083 395 13 0 63 1026 1228 421 1011 327 20 0 409 1733 333 909 558 154 0
0 4 417 2250 208 1073 144 0 0 20 754 1916 295 943 168 0 0 208 2404 182 938 295 69 0
0 52 591 2159 365 926 3 0 0 117 1221 1571 446 741 0 0 17 400 2378 283 916 102 0 0
0 0 0 103 228 3245 520 0 0 0 0 162 790 3068 76 0 0 0 120 350 3326 300 0 0
0 0 0 952 72 2016 1056 0 0 0 2 961 76 3035 22 0 0 0 896 128 552 2520 0 0
0 9 68 1019 136 1519 1345 0 15 91 92 938 141 2671 148 0 53 96 949 138 717 2143 0 0
0 29 209 1171 285 520 1882 0 64 513 195 948 72 1068 1236 0 357 330 1013 91 178 2127 0 0
76 238 209 1129 93 670 1681 0 50 323 257 1002 143 1906 415 0 379 220 1057 110 633 1697 0 0
6 82 298 1170 138 1429 973 0 36 474 260 892 66 2349 19 0 137 398 1079 108 1744 630 0 0
0 0 10 998 88 2385 615 0 0 34 28 992 89 2488 465 0 4 37 884 203 2414 554 0 0
0 5 68 1194 1284 955 590 0 27 1435 531 879 333 547 344 0 541 1181 1062 298 439 575 0 0
0 1 207 1130 1252 958 548 0 74 1696 940 497 317 569 3 0 512 1666 907 395 185 431 0 0
0 0 92 1057 757 1138 1035 17 44 1170 1017 743 354 710 58 0 287 1342 1146 474 277 570 0 0
0 0 98 979 708 1293 1018 0 18 1158 1323 587 253 692 65 0 203 1654 1125 304 321 489 0 0
0 0 113 1082 845 1364 691 1 38 1149 1376 505 293 718 17 0 235 1710 1035 316 371 429 0 0
0 0 3 127 489 3280 197 0 0 0 24 225 3113 734 0 0 0 0 183 1940 1726 247 0 0
0 0 138 823 127 2909 99 0 0 0 630 368 90 3008 0 0 0 1 959 128 1539 1469 0 0
25 461 517 695 267 1891 240 0 348 527 641 273 263 2044 0 0 726 323 709 246 1080 1012 0 0
61 1503 912 875 377 225 76 67 1751 1657 368 232 85 3 0 0 2752 778 318 201 45 2 0 0
60 728 975 1570 420 298 32 13 447 2354 619 378 254 22 12 10 1995 1178 510 345 66 2 0 0
21 1816 986 715 273 154 64 67 1317 2141 356 203 72 7 0 0 2470 1041 318 199 60 8 0 0
0 0 176 1000 40 264 2616 0 42 165 196 805 74 1321 1493 0 80 136 940 62 436 2442 0 0
0 0 0 961 117 423 2595 0 0 0 417 563 108 2163 845 0 0 0 958 118 690 2330 0 0
0 0 0 999 25 238 2834 0 0 0 786 237 41 2908 124 0 0 1 991 42 835 2227 0 0
0 0 0 959 35 58 3044 0 0 0 628 337 59 1547 1525 0 0 0 960 60 257 2819 0 0
0 0 0 896 64 64 3072 0 0 0 738 216 33 2133 976 0 0 0 929 31 222 2914 0 0
0 0 0 843 68 66 3119 0 0 0 642 241 76 2270 867 0 0 2 870 70 83 3071 0 0
305 977 174 116 873 1631 20 0 533 848 149 181 2026 359 0 0 1162 327 171 2034 402 0 0 0
0 15 428 118 120 3374 41 0 5 20 497 85 280 3209 0 0 17 411 151 168 3347 2 0 0
0 0 234 347 139 3376 0 0 0 0 512 96 268 3220 0 0 0 113 483 162 3338 0 0 0
0 0 94 501 358 3132 11 0 0 2 515 197 480 2902 0 0 0 20 600 447 3029 0 0 0
0 0 4 618 426 2067 981 0 0 0 338 399 654 2705 0 0 0 8 615 449 2414 610 0 0
0 0 6 586 108 1338 2058 0 0 4 233 426 380 3053 0 0 0 14 600 161 1506 1815 0 0
0 19 30 419 52 178 3398 0 0 29 151 324 22 3566 4 0 8 41 431 41 283 3292 0 0
0 0 0 448 52 133 3463 0 0 0 183 265 64 3584 0 0 0 0 448 64 976 2608 0 0
0 0 0 443 13 193 3447 0 0 0 314 134 106 3542 0 0 0 0 448 45 1855 1748 0 0
0 0 3 267 199 174 3453 0 0 0 199 139 176 3582 0 0 0 27 269 213 669 2918 0 0
0 0 1 370 96 317 3312 0 0 0 291 140 129 3536 0 0 0 1 374 115 497 3109 0 0
0 0 0 313 218 554 3003 8 0 0 137 253 304 3358 44 0 0 12 346 240 702 2785 11 0
2049 1406 297 225 86 28 5 0 2330 1254 267 174 63 8 0 0 3160 569 195 132 38 2 0 0
197 389 2432 489 356 173 51 9 161 457 2682 332 318 121 25 0 201 2516 702 349 285 41 2 0
0 42 3439 329 133 153 0 0 0 1 3723 149 94 129 0 0 0 1480 2329 129 158 0 0 0
59 666 1511 877 429 483 71 0 574 653 1906 392 234 310 27 0 971 935 1577 241 283 87 2 0
372 671 1019 995 572 385 81 1 671 1134 1686 375 46 158 26 0 1183 1436 1219 54 141 55 8 0
466 438 716 1178 524 511 226 37 804 849 1500 635 154 152 2 0 1018 1101 1547 230 178 22 0 0
53 911 391 1031 784 672 235 19 451 1211 1094 793 349 185 13 0 888 1119 1404 389 203 91 2 0
1 37 194 3461 114 224 65 0 0 42 1959 1793 102 200 0 0 0 67 3656 105 157 111 0 0
4 65 59 3364 163 335 103 3 45 142 1573 2028 110 198 0 0 67 235 3414 112 183 85 0 0
0 113 267 2373 707 451 156 29 89 423 1854 1224 291 213 2 0 172 551 2676 394 246 57 0 0
6 109 351 2997 380 253 0 0 4 80 2225 1353 258 176 0 0 7 93 3276 444 246 26 4 0
0 8 62 1718 1224 878 204 2 0 735 922 1546 521 319 53 0 72 876 1655 916 370 204 3 0
2488 231 267 364 447 289 10 0 2494 244 436 650 233 39 0 0 2542 268 554 576 123 33 0 0
317 321 838 1281 495 657 187 0 326 611 1937 475 493 253 1 0 514 2292 441 439 370 40 0 0
121 191 1530 2076 99 36 42 1 127 274 3262 327 46 33 27 0 261 3409 322 37 32 35 0 0
314 171 540 1668 1123 279 1 0 941 420 1447 787 499 2 0 0 1075 1672 656 568 124 1 0 0
0 15 188 1613 1031 803 420 26 1073 1289 1025 373 190 113 32 1 1096 2074 549 127 165 75 10 0
474 274 348 1087 1299 485 117 12 838 665 1112 940 304 195 42 0 1074 1341 997 401 227 54 2 0
13 108 192 1169 1719 641 216 38 843 1094 1123 615 305 104 12 0 859 1978 752 337 133 37 0 0
10 203 387 1372 1385 459 268 12 45 214 1360 1614 386 372 104 1 133 352 2698 362 349 186 16 0
211 325 264 1351 1560 277 108 0 419 535 1330 1632 170 10 0 0 610 841 2431 191 23 0 0 0
6 86 207 1075 1651 683 307 81 21 642 1240 1377 478 238 85 15 121 911 2012 595 309 113 35 0
55 304 388 1287 1376 566 113 7 115 385 1507 1461 411 179 38 0 226 613 2406 548 207 82 14 0
0 46 499 1990 1291 243 25 2 31 1058 1439 1333 186 48 1 0 281 1603 1880 273 50 9 0 0
1742 1530 715 75 34 0 0 0 1718 602 1742 34 0 0 0 0 1730 488 1838 39 1 0 0 0
0 59 173 992 2167 615 90 0 0 15 809 2184 1061 27 0 0 3 1290 1683 961 159 0 0 0
0 0 55 744 3067 229 1 0 0 0 343 3248 489 16 0 0 0 1126 2752 218 0 0 0 0
314 95 109 563 2336 589 90 0 347 130 385 2212 776 240 6 0 429 837 1740 779 214 97 0 0
1131 350 220 652 1463 250 30 0 1531 464 756 1179 127 39 0 0 1681 1087 1222 57 49 0 0 0
365 217 237 463 1882 893 39 0 689 232 401 1721 884 157 12 0 831 647 1752 618 219 29 0 0
279 126 60 453 1944 1061 169 4 391 84 730 1556 957 329 49 0 413 795 1798 605 371 106 8 0
0 0 0 0 3175 920 1 0 0 0 6 3108 972 10 0 0 0 40 3723 319 14 0 0 0
441 169 93 221 2556 600 9 7 522 126 196 2705 526 13 2 6 600 272 3062 137 12 6 2 5
0 6 7 53 2222 1749 52 7 0 9 144 2727 1123 79 9 5 9 428 3234 360 53 6 4 2
0 28 169 443 2026 1427 3 0 1 46 672 1742 1580 55 0 0 34 272 2548 1174 68 0 0 0
0 11 169 695 2338 880 3 0 28 321 1022 2007 707 11 0 0 105 1148 2306 535 2 0 0 0
2 2908 378 287 472 49 0 0 0 1950 1679 429 35 3 0 0 138 1016 2758 178 6 0 0 0
0 143 408 185 1605 1755 0 0 0 8 374 1367 2347 0 0 0 0 204 3198 578 116 0 0 0
0 0 0 22 1052 3022 0 0 0 0 128 764 3204 0 0 0 0 313 3051 732 0 0 0 0
500 70 73 457 1303 1693 0 0 520 85 677 1302 1506 6 0 0 630 1231 1737 436 60 2 0 0
1042 171 512 632 970 751 17 1 1904 334 274 736 805 41 2 0 2101 617 991 301 83 3 0 0
113 96 93 879 2113 788 14 0 145 102 1580 1433 739 87 10 0 328 2469 581 433 226 59 0 0
6 190 222 857 1566 1069 184 2 18 227 1525 1125 720 458 23 0 332 1826 769 881 257 24 7 0
0 0 0 1 391 3696 8 0 0 0 0 431 3650 15 0 0 0 0 1336 2756 4 0 0 0
0 0 7 102 1311 2674 2 0 0 15 476 1224 2373 8 0 0 48 1204 1118 1726 0 0 0 0
0 0 0 0 198 3685 213 0 0 0 0 459 3347 283 7 0 0 53 1440 2408 195 0 0 0
0 0 0 0 124 3805 167 0 0 0 0 274 3565 250 7 0 0 0 1069 2877 150 0 0 0
0 0 0 0 787 3307 2 0 0 0 113 2240 1743 0 0 0 1 925 2432 738 0 0 0 0
0 2457 506 141 890 102 0 0 0 664 2313 1070 49 0 0 0 0 353 3517 225 1 0 0 0
0 116 486 412 1427 1655 0 0 0 21 234 1728 2113 0 0 0 0 35 3029 667 365 0 0 0
0 0 0 46 2421 1629 0 0 0 0 447 2061 1588 0 0 0 22 1253 2821 0 0 0 0 0
0 106 161 784 2595 392 58 0 20 192 2025 1764 59 35 1 0 910 2936 160 22 52 16 0 0
2 29 170 368 2887 620 20 0 2 138 1296 2040 355 262 3 0 282 2823 470 126 213 182 0 0
0 24 133 313 2705 921 0 0 1 125 752 3011 207 0 0 0 124 3216 728 26 2 0 0 0
0 0 0 9 1442 2626 19 0 0 0 76 3033 932 55 0 0 0 2314 1617 145 20 0 0 0
0 0 0 0 116 3631 349 0 0 0 0 145 3525 375 51 0 0 0 2904 904 288 0 0 0
0 0 0 0 480 3493 123 0 0 0 20 1560 2407 109 0 0 0 1099 2660 329 8 0 0 0
0 0 0 0 11 3936 149 0 0 0 0 453 3474 169 0 0 0 124 2226 1696 50 0 0 0
0 0 0 0 45 3769 282 0 0 0 0 199 3565 330 2 0 0 6 1992 1933 165 0 0 0
0 0 0 0 48 3378 636 34 0 0 0 274 3024 668 123 7 0 44 1913 1547 512 76 4 0
