444 98 18 19 20 21 1047 2429 475 69 18 19 18 23 1135 2339 80 475 18 18 20 33 324 3128
2572 75 33 14 40 28 514 820 2593 59 29 21 36 41 546 771 178 2483 31 27 33 104 485 755
2659 221 0 59 5 15 510 627 2760 120 8 56 0 68 746 338 104 2776 43 21 26 115 1009 2
2484 277 24 80 34 74 389 734 2632 138 51 63 29 116 1060 7 198 2570 90 30 73 258 876 1
2696 97 40 22 53 87 662 439 2735 70 32 36 56 331 836 0 385 2431 24 61 58 575 562 0
1308 556 240 196 454 1079 262 1 1395 568 256 316 540 902 119 0 1476 687 452 319 915 228 19 0
17 38 132 929 303 2569 108 0 24 38 364 709 438 2523 0 0 38 32 640 568 2680 138 0 0
539 2551 142 145 408 106 125 80 1235 1899 338 268 112 58 185 1 215 3245 204 98 113 53 135 33
206 366 160 406 1050 1297 522 89 297 425 807 1399 740 416 12 0 249 2324 971 381 160 11 0 0
37 111 106 94 380 1228 1560 580 106 134 189 833 1483 1216 134 1 334 950 1409 948 423 32 0 0
0 25 71 128 418 1299 1766 389 14 100 170 823 1582 1281 126 0 76 783 1847 1089 301 0 0 0
15 69 61 148 846 1605 1142 210 46 92 319 1582 1188 772 97 0 98 1646 1367 669 308 8 0 0
112 367 266 522 1735 1024 70 0 281 488 957 1791 482 97 0 0 600 2274 958 215 49 0 0 0
138 354 268 410 851 1954 104 17 319 375 508 713 390 1719 68 4 577 934 354 442 1623 115 45 6
676 395 293 519 1007 979 227 0 719 456 678 1262 908 73 0 0 541 2229 1145 163 18 0 0 0
205 129 61 196 197 603 2435 270 279 108 179 356 1095 2070 9 0 344 298 1366 1908 174 6 0 0
0 0 0 26 87 204 1531 2248 0 0 29 98 309 2386 1116 158 2 39 389 1499 1542 500 125 0
144 165 174 98 92 195 1525 1703 196 242 139 96 246 2741 436 0 99 374 251 1911 1336 123 2 0
0 0 7 20 30 376 2575 1088 0 7 22 48 783 2941 295 0 11 32 497 2415 1100 41 0 0
0 3 78 120 1478 2126 291 0 4 77 260 2124 1576 55 0 0 109 1760 1847 365 15 0 0 0
1044 656 406 1094 785 106 5 0 1430 705 1464 442 47 8 0 0 1118 2483 432 61 2 0 0 0
0 1 102 241 653 1472 1590 37 0 89 278 1217 1809 701 2 0 99 1233 1984 735 45 0 0 0
0 0 0 0 53 134 2860 1049 0 0 0 85 492 3327 179 13 0 1 767 2881 355 77 15 0
0 0 2 40 55 228 810 2961 0 2 28 74 195 1723 1494 580 3 27 108 1023 1516 764 413 242
0 0 15 32 113 280 1775 1881 0 18 38 152 420 2890 574 4 35 79 458 2204 1213 107 0 0
0 0 0 2 65 159 1781 2089 0 0 2 80 285 2723 858 148 0 16 242 1821 1285 614 118 0
0 34 106 179 692 2112 953 20 7 160 234 1731 1605 359 0 0 163 1508 1802 584 39 0 0 0
0 65 130 392 2979 528 2 0 83 183 2058 1728 44 0 0 0 379 3499 213 5 0 0 0 0
0 0 0 0 12 1952 2077 55 0 0 0 150 3171 775 0 0 0 110 3089 829 68 0 0 0
31 602 188 235 60 270 2043 667 102 722 227 69 1065 1583 300 28 364 595 1072 1418 468 141 37 1
0 0 2 31 20 80 2251 1712 0 3 31 21 530 2766 581 164 14 27 420 2145 1134 182 80 94
0 0 4 75 76 116 1806 2019 0 4 77 79 303 2826 806 1 9 90 217 1901 1665 214 0 0
422 229 283 219 190 450 1804 499 488 352 269 224 1037 1472 195 59 587 417 1063 1351 467 130 62 19
0 0 0 0 325 2547 1095 129 0 0 18 1628 1690 635 103 22 5 1397 1629 710 235 87 33 0
1 94 90 370 3057 482 2 0 78 162 2373 1404 79 0 0 0 447 3206 434 9 0 0 0 0
