0 57 3295 744 0 0 0 0 0 0 72 3366 658 0 0 0 8 2223 1846 19 0 0 0 0
0 3 3507 586 0 0 0 0 0 0 2 3232 862 0 0 0 9 2303 1784 0 0 0 0 0
0 0 1064 3032 0 0 0 0 0 0 0 357 3739 0 0 0 0 985 3111 0 0 0 0 0
0 9 967 3120 0 0 0 0 0 0 6 512 3578 0 0 0 1 527 3544 24 0 0 0 0
82 98 1645 2271 0 0 0 0 3 90 80 996 2927 0 0 0 105 1316 2673 2 0 0 0 0
408 717 1667 1304 0 0 0 0 32 555 589 940 1980 0 0 0 580 1779 1737 0 0 0 0 0
52 1102 1852 1090 0 0 0 0 4 83 1224 1200 1584 1 0 0 303 2585 1199 9 0 0 0 0
9 1683 1958 446 0 0 0 0 0 51 1854 1534 657 0 0 0 364 3406 326 0 0 0 0 0
940 2018 1138 0 0 0 0 0 152 1118 2036 781 9 0 0 0 1323 2656 117 0 0 0 0 0
535 2381 1180 0 0 0 0 0 83 680 2400 933 0 0 0 0 1188 2844 64 0 0 0 0 0
1222 2325 549 0 0 0 0 0 481 1153 2057 405 0 0 0 0 1977 2027 92 0 0 0 0 0
975 2276 845 0 0 0 0 0 444 1040 2004 608 0 0 0 0 1622 2423 51 0 0 0 0 0
808 2622 666 0 0 0 0 0 89 1526 2094 387 0 0 0 0 1551 2480 65 0 0 0 0 0
501 2533 1054 8 0 0 0 0 314 457 2762 561 2 0 0 0 1263 2723 110 0 0 0 0 0
513 2355 1228 0 0 0 0 0 257 660 2434 745 0 0 0 0 1340 2725 31 0 0 0 0 0
32 2166 1893 5 0 0 0 0 0 227 2741 1127 1 0 0 0 732 3330 34 0 0 0 0 0
8 3501 582 5 0 0 0 0 0 200 3645 244 7 0 0 0 1235 2844 17 0 0 0 0 0
0 2847 1249 0 0 0 0 0 0 1 3491 604 0 0 0 0 792 3300 4 0 0 0 0 0
1 1421 2578 96 0 0 0 0 0 2 1589 2387 118 0 0 0 374 3579 143 0 0 0 0 0
0 632 3141 323 0 0 0 0 0 0 497 3298 301 0 0 0 241 3496 359 0 0 0 0 0
0 388 3092 616 0 0 0 0 0 0 379 3210 507 0 0 0 574 3051 466 5 0 0 0 0
0 378 2858 860 0 0 0 0 0 0 360 3205 531 0 0 0 1417 2381 298 0 0 0 0 0
0 674 2803 619 0 0 0 0 0 14 958 2896 228 0 0 0 2861 1197 38 0 0 0 0 0
1 346 3327 422 0 0 0 0 0 54 627 3347 68 0 0 0 3773 322 1 0 0 0 0 0
242 1623 2132 99 0 0 0 0 11 617 1508 1931 29 0 0 0 2505 1512 79 0 0 0 0 0
108 3023 919 46 0 0 0 0 0 225 2936 911 24 0 0 0 735 3296 65 0 0 0 0 0
188 3517 361 7 8 7 8 0 0 116 3341 589 25 6 7 12 424 3413 212 20 7 7 5 8
221 3105 359 40 32 30 49 260 0 30 2537 1008 110 43 44 324 180 2590 680 86 70 59 62 369
27 3228 841 0 0 0 0 0 0 0 2280 1563 253 0 0 0 126 3414 546 10 0 0 0 0
39 3141 916 0 0 0 0 0 0 184 2228 1489 195 0 0 0 291 3193 612 0 0 0 0 0
68 3143 885 0 0 0 0 0 0 216 2519 1329 32 0 0 0 679 3153 264 0 0 0 0 0
26 3020 1050 0 0 0 0 0 0 127 2497 1472 0 0 0 0 610 3232 254 0 0 0 0 0
29 3473 594 0 0 0 0 0 0 104 2831 1161 0 0 0 0 587 3468 41 0 0 0 0 0
24 3511 561 0 0 0 0 0 0 92 3130 874 0 0 0 0 549 3479 68 0 0 0 0 0
37 3664 395 0 0 0 0 0 0 201 3719 176 0 0 0 0 976 3102 18 0 0 0 0 0
7 3796 293 0 0 0 0 0 0 5 3987 104 0 0 0 0 858 3221 17 0 0 0 0 0
14 3908 174 0 0 0 0 0 0 86 3971 39 0 0 0 0 891 3201 4 0 0 0 0 0
80 3903 113 0 0 0 0 0 0 342 3742 12 0 0 0 0 1286 2805 5 0 0 0 0 0
855 3210 31 0 0 0 0 0 225 2081 1782 8 0 0 0 0 1997 2099 0 0 0 0 0 0
2885 1160 51 0 0 0 0 0 1475 2165 412 44 0 0 0 0 3107 963 26 0 0 0 0 0
0 56 3545 495 0 0 0 0 0 0 163 3548 385 0 0 0 7 2666 1422 1 0 0 0 0
1 310 3174 611 0 0 0 0 0 6 326 3305 459 0 0 0 64 2836 1196 0 0 0 0 0
31 841 2563 661 0 0 0 0 0 103 856 2287 850 0 0 0 192 2513 1391 0 0 0 0 0
15 1513 1937 631 0 0 0 0 0 55 1787 1677 577 0 0 0 380 3027 689 0 0 0 0 0
449 2427 1159 61 0 0 0 0 10 778 2533 747 28 0 0 0 1053 2878 164 1 0 0 0 0
498 2345 1253 0 0 0 0 0 65 628 2548 855 0 0 0 0 974 3035 87 0 0 0 0 0
522 2693 881 0 0 0 0 0 68 818 2841 369 0 0 0 0 1272 2797 27 0 0 0 0 0
32 3021 1043 0 0 0 0 0 0 127 3277 692 0 0 0 0 707 3338 51 0 0 0 0 0
462 2809 825 0 0 0 0 0 129 542 3120 305 0 0 0 0 1217 2868 11 0 0 0 0 0
1010 2319 767 0 0 0 0 0 261 1102 2286 447 0 0 0 0 1582 2462 52 0 0 0 0 0
446 2564 1082 4 0 0 0 0 142 576 2747 631 0 0 0 0 1285 2747 64 0 0 0 0 0
541 1796 1758 1 0 0 0 0 266 432 2127 1271 0 0 0 0 1204 2819 73 0 0 0 0 0
332 1895 1855 14 0 0 0 0 33 546 2198 1319 0 0 0 0 1174 2879 43 0 0 0 0 0
425 1308 2363 0 0 0 0 0 282 215 1983 1616 0 0 0 0 763 3291 42 0 0 0 0 0
973 1935 1188 0 0 0 0 0 311 1197 2060 528 0 0 0 0 1575 2449 72 0 0 0 0 0
834 2452 810 0 0 0 0 0 205 1118 2439 334 0 0 0 0 1560 2492 44 0 0 0 0 0
434 3313 349 0 0 0 0 0 31 1157 2705 203 0 0 0 0 1738 2352 6 0 0 0 0 0
293 2377 1404 22 0 0 0 0 132 505 2360 1078 21 0 0 0 1262 2806 28 0 0 0 0 0
73 2391 1576 56 0 0 0 0 11 227 2403 1364 91 0 0 0 698 3294 104 0 0 0 0 0
759 2151 1183 3 0 0 0 0 315 1206 1415 1158 2 0 0 0 1278 2781 37 0 0 0 0 0
300 2754 1031 11 0 0 0 0 7 1211 1906 959 13 0 0 0 913 3111 72 0 0 0 0 0
161 3638 297 0 0 0 0 0 1 1303 2523 265 4 0 0 0 1321 2774 1 0 0 0 0 0
376 3690 30 0 0 0 0 0 2 1717 2373 4 0 0 0 0 1292 2802 2 0 0 0 0 0
210 3702 184 0 0 0 0 0 1 820 3192 83 0 0 0 0 1101 2980 15 0 0 0 0 0
29 3274 752 41 0 0 0 0 0 274 3454 368 0 0 0 0 1171 2914 11 0 0 0 0 0
67 3400 629 0 0 0 0 0 0 282 3352 462 0 0 0 0 942 3119 35 0 0 0 0 0
1 2375 1576 23 11 16 18 76 0 1 1840 2040 73 26 16 100 193 3204 499 41 21 21 22 95
7 1537 1732 90 59 49 81 541 0 0 218 2433 528 158 112 647 7 1516 1252 276 132 110 110 693
0 1816 2279 1 0 0 0 0 0 0 705 3390 1 0 0 0 27 3548 521 0 0 0 0 0
0 2007 2089 0 0 0 0 0 0 0 508 3586 2 0 0 0 26 3593 477 0 0 0 0 0
6 3154 936 0 0 0 0 0 0 28 2042 2026 0 0 0 0 127 3779 190 0 0 0 0 0
15 2631 1450 0 0 0 0 0 0 5 1402 2689 0 0 0 0 86 3786 224 0 0 0 0 0
8 3213 875 0 0 0 0 0 0 4 2272 1820 0 0 0 0 349 3647 100 0 0 0 0 0
140 3348 608 0 0 0 0 0 0 313 2994 789 0 0 0 0 880 3211 5 0 0 0 0 0
790 3056 250 0 0 0 0 0 8 1374 2590 124 0 0 0 0 1624 2460 12 0 0 0 0 0
1157 2847 92 0 0 0 0 0 98 2005 1955 38 0 0 0 0 2188 1908 0 0 0 0 0 0
1087 2917 92 0 0 0 0 0 24 2384 1656 32 0 0 0 0 2422 1671 3 0 0 0 0 0
1955 2094 47 0 0 0 0 0 213 3008 842 33 0 0 0 0 2530 1561 5 0 0 0 0 0
1921 2145 30 0 0 0 0 0 49 3383 655 9 0 0 0 0 2915 1180 1 0 0 0 0 0
1979 2046 71 0 0 0 0 0 223 3302 563 8 0 0 0 0 2488 1604 4 0 0 0 0 0
11 2694 1341 50 0 0 0 0 0 136 2807 1147 6 0 0 0 376 3220 500 0 0 0 0 0
69 3515 512 0 0 0 0 0 0 462 3368 266 0 0 0 0 887 3158 51 0 0 0 0 0
23 3371 702 0 0 0 0 0 0 371 3170 555 0 0 0 0 698 3389 9 0 0 0 0 0
95 3757 244 0 0 0 0 0 0 705 3367 24 0 0 0 0 1052 3023 21 0 0 0 0 0
379 3541 176 0 0 0 0 0 15 1198 2869 14 0 0 0 0 1218 2870 8 0 0 0 0 0
792 3200 104 0 0 0 0 0 118 1515 2456 7 0 0 0 0 1420 2656 20 0 0 0 0 0
765 3223 108 0 0 0 0 0 91 1764 2227 14 0 0 0 0 1492 2598 6 0 0 0 0 0
445 3359 292 0 0 0 0 0 127 816 3047 106 0 0 0 0 1207 2870 19 0 0 0 0 0
975 2815 306 0 0 0 0 0 291 1095 2596 114 0 0 0 0 1719 2341 36 0 0 0 0 0
210 2712 1174 0 0 0 0 0 81 204 3054 757 0 0 0 0 827 3212 57 0 0 0 0 0
897 2556 643 0 0 0 0 0 389 930 2509 265 3 0 0 0 1663 2363 70 0 0 0 0 0
477 2114 1489 16 0 0 0 0 278 311 2427 1077 3 0 0 0 1166 2843 87 0 0 0 0 0
6 2484 1571 35 0 0 0 0 0 28 2874 1184 10 0 0 0 695 3295 106 0 0 0 0 0
1168 1842 1078 8 0 0 0 0 688 783 1756 868 1 0 0 0 1669 2340 87 0 0 0 0 0
3625 464 7 0 0 0 0 0 2254 1742 100 0 0 0 0 0 3579 516 1 0 0 0 0 0
3720 376 0 0 0 0 0 0 2165 1904 27 0 0 0 0 0 3507 588 1 0 0 0 0 0
1523 2515 58 0 0 0 0 0 370 2602 1124 0 0 0 0 0 2216 1878 2 0 0 0 0 0
765 2735 596 0 0 0 0 0 340 1463 1797 496 0 0 0 0 1784 2236 76 0 0 0 0 0
744 3271 81 0 0 0 0 0 148 1760 2179 9 0 0 0 0 1794 2284 18 0 0 0 0 0
421 3547 128 0 0 0 0 0 128 1305 2643 20 0 0 0 0 1287 2799 10 0 0 0 0 0
1553 2369 174 0 0 0 0 0 313 2221 1553 9 0 0 0 0 1863 2230 3 0 0 0 0 0
93 3422 581 0 0 0 0 0 0 689 3279 128 0 0 0 0 964 3120 12 0 0 0 0 0
0 3162 934 0 0 0 0 0 0 9 3804 283 0 0 0 0 413 3644 39 0 0 0 0 0
1 3710 385 0 0 0 0 0 0 65 3908 123 0 0 0 0 845 3237 14 0 0 0 0 0
0 2347 1749 0 0 0 0 0 0 0 3102 994 0 0 0 0 224 3814 58 0 0 0 0 0
0 2267 1829 0 0 0 0 0 0 0 2540 1556 0 0 0 0 290 3779 27 0 0 0 0 0
4 2079 2013 0 0 0 0 0 0 7 1871 2218 0 0 0 0 229 3787 80 0 0 0 0 0
83 2102 1911 0 0 0 0 0 0 157 1206 2733 0 0 0 0 239 3620 237 0 0 0 0 0
209 2234 1653 0 0 0 0 0 0 679 1318 2099 0 0 0 0 374 3184 538 0 0 0 0 0
341 2656 1099 0 0 0 0 0 2 1255 1341 1498 0 0 0 0 773 3131 192 0 0 0 0 0
970 2847 279 0 0 0 0 0 19 2124 1375 578 0 0 0 0 1683 2346 67 0 0 0 0 0
1065 2942 89 0 0 0 0 0 11 2585 1344 156 0 0 0 0 1897 2167 32 0 0 0 0 0
1846 2237 13 0 0 0 0 0 62 3355 665 14 0 0 0 0 2776 1314 6 0 0 0 0 0
2436 1659 1 0 0 0 0 0 492 3267 337 0 0 0 0 0 2990 1105 1 0 0 0 0 0
1334 2757 5 0 0 0 0 0 11 3100 985 0 0 0 0 0 2282 1814 0 0 0 0 0 0
1707 2386 3 0 0 0 0 0 251 2705 1140 0 0 0 0 0 2282 1813 1 0 0 0 0 0
753 3341 2 0 0 0 0 0 7 2337 1752 0 0 0 0 0 1504 2592 0 0 0 0 0 0
1005 3086 5 0 0 0 0 0 18 2893 1185 0 0 0 0 0 1905 2190 1 0 0 0 0 0
804 3290 2 0 0 0 0 0 1 2942 1153 0 0 0 0 0 1955 2140 1 0 0 0 0 0
890 3206 0 0 0 0 0 0 6 3092 998 0 0 0 0 0 1869 2227 0 0 0 0 0 0
105 2918 1046 27 0 0 0 0 1 896 2342 856 1 0 0 0 726 3280 90 0 0 0 0 0
112 3433 544 7 0 0 0 0 0 1130 2632 334 0 0 0 0 1111 2944 41 0 0 0 0 0
123 2991 969 13 0 0 0 0 0 950 2386 754 6 0 0 0 929 3076 91 0 0 0 0 0
216 3791 89 0 0 0 0 0 1 1468 2615 12 0 0 0 0 1254 2837 5 0 0 0 0 0
46 3932 118 0 0 0 0 0 0 713 3380 3 0 0 0 0 940 3149 7 0 0 0 0 0
867 3161 68 0 0 0 0 0 144 1797 2146 9 0 0 0 0 1688 2399 9 0 0 0 0 0
68 3997 31 0 0 0 0 0 0 851 3244 1 0 0 0 0 1257 2838 1 0 0 0 0 0
773 3130 193 0 0 0 0 0 165 1977 1859 95 0 0 0 0 1899 2189 8 0 0 0 0 0
1244 2348 504 0 0 0 0 0 413 1566 1785 332 0 0 0 0 1761 2207 128 0 0 0 0 0
227 2796 1073 0 0 0 0 0 1 847 2407 841 0 0 0 0 1194 2843 59 0 0 0 0 0
1380 1971 742 3 0 0 0 0 611 1514 1334 635 2 0 0 0 1973 2044 79 0 0 0 0 0
1051 2689 356 0 0 0 0 0 468 1936 1540 152 0 0 0 0 1908 2168 20 0 0 0 0 0
1242 2767 87 0 0 0 0 0 16 3212 801 67 0 0 0 0 2673 1422 1 0 0 0 0 0
1599 2492 5 0 0 0 0 0 591 2803 702 0 0 0 0 0 2555 1541 0 0 0 0 0 0
3418 677 1 0 0 0 0 0 2161 1895 40 0 0 0 0 0 3585 511 0 0 0 0 0 0
2186 1903 7 0 0 0 0 0 1009 2514 572 1 0 0 0 0 2741 1351 4 0 0 0 0 0
724 3193 179 0 0 0 0 0 150 1800 2083 63 0 0 0 0 1822 2269 5 0 0 0 0 0
673 2936 487 0 0 0 0 0 334 1247 2146 369 0 0 0 0 1459 2575 62 0 0 0 0 0
481 3322 293 0 0 0 0 0 256 465 3349 26 0 0 0 0 1502 2592 2 0 0 0 0 0
0 3423 673 0 0 0 0 0 0 12 3940 144 0 0 0 0 489 3576 31 0 0 0 0 0
0 3046 1050 0 0 0 0 0 0 25 3828 243 0 0 0 0 309 3754 33 0 0 0 0 0
27 3161 908 0 0 0 0 0 0 149 3706 241 0 0 0 0 511 3563 22 0 0 0 0 0
101 3250 745 0 0 0 0 0 0 612 3197 287 0 0 0 0 897 3182 17 0 0 0 0 0
157 3413 526 0 0 0 0 0 2 1334 2612 148 0 0 0 0 997 3082 17 0 0 0 0 0
426 3184 486 0 0 0 0 0 3 1861 1968 264 0 0 0 0 1337 2741 18 0 0 0 0 0
826 3117 153 0 0 0 0 0 3 2384 1635 74 0 0 0 0 1836 2259 1 0 0 0 0 0
1504 2560 32 0 0 0 0 0 165 3093 823 15 0 0 0 0 2242 1851 3 0 0 0 0 0
1483 2611 2 0 0 0 0 0 24 3588 484 0 0 0 0 0 2317 1779 0 0 0 0 0 0
1122 2971 3 0 0 0 0 0 16 3163 917 0 0 0 0 0 1805 2291 0 0 0 0 0 0
928 3146 22 0 0 0 0 0 68 2314 1709 5 0 0 0 0 1665 2422 9 0 0 0 0 0
622 3439 35 0 0 0 0 0 2 1904 2187 3 0 0 0 0 1065 3024 7 0 0 0 0 0
382 3689 25 0 0 0 0 0 2 1394 2700 0 0 0 0 0 983 3085 28 0 0 0 0 0
321 3750 25 0 0 0 0 0 18 1055 3022 1 0 0 0 0 1329 2756 11 0 0 0 0 0
622 3457 17 0 0 0 0 0 137 1625 2333 1 0 0 0 0 1545 2546 5 0 0 0 0 0
169 3912 15 0 0 0 0 0 0 884 3212 0 0 0 0 0 1197 2899 0 0 0 0 0 0
357 3730 9 0 0 0 0 0 0 1318 2776 2 0 0 0 0 1609 2486 1 0 0 0 0 0
159 3917 20 0 0 0 0 0 0 1113 2982 1 0 0 0 0 1490 2604 2 0 0 0 0 0
523 3563 10 0 0 0 0 0 2 1856 2238 0 0 0 0 0 1849 2247 0 0 0 0 0 0
334 3754 8 0 0 0 0 0 1 1731 2364 0 0 0 0 0 1895 2200 1 0 0 0 0 0
244 3843 9 0 0 0 0 0 0 1547 2549 0 0 0 0 0 1882 2213 1 0 0 0 0 0
0 451 3641 4 0 0 0 0 0 0 2013 2083 0 0 0 0 550 3527 19 0 0 0 0 0
0 426 3567 103 0 0 0 0 0 0 1295 2775 26 0 0 0 721 3255 120 0 0 0 0 0
11 2098 1986 1 0 0 0 0 0 80 3018 998 0 0 0 0 798 3252 46 0 0 0 0 0
15 2185 1896 0 0 0 0 0 0 230 2905 961 0 0 0 0 1103 2948 45 0 0 0 0 0
68 2748 1280 0 0 0 0 0 0 614 2875 607 0 0 0 0 1287 2798 11 0 0 0 0 0
1159 2299 638 0 0 0 0 0 258 1787 1807 244 0 0 0 0 1896 2186 14 0 0 0 0 0
1079 2774 243 0 0 0 0 0 352 2211 1434 99 0 0 0 0 2196 1869 31 0 0 0 0 0
1217 2574 305 0 0 0 0 0 206 2137 1646 107 0 0 0 0 2268 1828 0 0 0 0 0 0
2018 2068 10 0 0 0 0 0 1007 2331 758 0 0 0 0 0 2948 1148 0 0 0 0 0 0
1567 2517 12 0 0 0 0 0 558 2917 621 0 0 0 0 0 2566 1530 0 0 0 0 0 0
1295 2796 5 0 0 0 0 0 605 2765 726 0 0 0 0 0 2214 1879 3 0 0 0 0 0
2817 1275 4 0 0 0 0 0 2052 1544 500 0 0 0 0 0 3115 980 1 0 0 0 0 0
1458 2622 16 0 0 0 0 0 882 1960 1254 0 0 0 0 0 2466 1630 0 0 0 0 0 0
1449 2641 6 0 0 0 0 0 682 2401 1013 0 0 0 0 0 2228 1868 0 0 0 0 0 0
1551 2535 10 0 0 0 0 0 671 2536 889 0 0 0 0 0 2040 2051 5 0 0 0 0 0
593 3453 50 0 0 0 0 0 321 1183 2591 1 0 0 0 0 1863 2232 1 0 0 0 0 0
89 3872 135 0 0 0 0 0 0 826 3264 6 0 0 0 0 1250 2842 4 0 0 0 0 0
869 3157 70 0 0 0 0 0 339 1629 2125 3 0 0 0 0 1581 2501 14 0 0 0 0 0
1207 2783 106 0 0 0 0 0 312 2197 1576 11 0 0 0 0 1766 2321 9 0 0 0 0 0
637 3292 167 0 0 0 0 0 4 2530 1545 17 0 0 0 0 1587 2500 9 0 0 0 0 0
1172 2903 21 0 0 0 0 0 153 3059 883 1 0 0 0 0 1696 2400 0 0 0 0 0 0
1808 2288 0 0 0 0 0 0 397 3344 355 0 0 0 0 0 2273 1823 0 0 0 0 0 0
965 3125 6 0 0 0 0 0 115 3362 619 0 0 0 0 0 1946 2149 1 0 0 0 0 0
1438 2645 13 0 0 0 0 0 104 3077 915 0 0 0 0 0 2051 2042 3 0 0 0 0 0
459 3608 29 0 0 0 0 0 2 1964 2129 1 0 0 0 0 1275 2818 3 0 0 0 0 0
435 3607 54 0 0 0 0 0 5 1558 2531 2 0 0 0 0 1156 2933 7 0 0 0 0 0
477 3533 86 0 0 0 0 0 66 1044 2981 5 0 0 0 0 978 3095 23 0 0 0 0 0
185 3870 41 0 0 0 0 0 1 1064 3030 1 0 0 0 0 787 3303 6 0 0 0 0 0
128 3909 59 0 0 0 0 0 0 719 3376 1 0 0 0 0 781 3305 10 0 0 0 0 0
101 3874 121 0 0 0 0 0 0 517 3563 16 0 0 0 0 921 3158 17 0 0 0 0 0
89 3927 80 0 0 0 0 0 0 550 3546 0 0 0 0 0 932 3163 1 0 0 0 0 0
124 3910 62 0 0 0 0 0 0 711 3383 2 0 0 0 0 1410 2686 0 0 0 0 0 0
72 3949 75 0 0 0 0 0 0 526 3568 2 0 0 0 0 1398 2691 7 0 0 0 0 0
101 3965 30 0 0 0 0 0 0 727 3368 1 0 0 0 0 1565 2531 0 0 0 0 0 0
42 3943 111 0 0 0 0 0 0 447 3649 0 0 0 0 0 1775 2316 5 0 0 0 0 0
27 4047 22 0 0 0 0 0 0 452 3644 0 0 0 0 0 1726 2370 0 0 0 0 0 0
49 4023 24 0 0 0 0 0 0 460 3636 0 0 0 0 0 2022 2074 0 0 0 0 0 0
30 4045 21 0 0 0 0 0 0 450 3646 0 0 0 0 0 1664 2432 0 0 0 0 0 0
116 3938 42 0 0 0 0 0 3 730 3361 2 0 0 0 0 1631 2465 0 0 0 0 0 0
52 4020 24 0 0 0 0 0 0 625 3471 0 0 0 0 0 1597 2498 1 0 0 0 0 0
0 176 3908 12 0 0 0 0 0 0 814 3282 0 0 0 0 359 3673 64 0 0 0 0 0
0 145 3786 165 0 0 0 0 0 0 531 3506 59 0 0 0 528 3513 55 0 0 0 0 0
0 1472 2622 2 0 0 0 0 0 1 3116 978 1 0 0 0 695 3394 7 0 0 0 0 0
0 1728 2368 0 0 0 0 0 0 0 3192 904 0 0 0 0 796 3295 5 0 0 0 0 0
0 2321 1775 0 0 0 0 0 0 0 3665 431 0 0 0 0 1113 2983 0 0 0 0 0 0
2 2960 1134 0 0 0 0 0 1 20 3872 203 0 0 0 0 1477 2613 6 0 0 0 0 0
307 3316 473 0 0 0 0 0 187 229 3627 53 0 0 0 0 1885 2211 0 0 0 0 0 0
626 3342 128 0 0 0 0 0 374 599 3120 3 0 0 0 0 2464 1629 3 0 0 0 0 0
701 3300 95 0 0 0 0 0 499 760 2837 0 0 0 0 0 2365 1731 0 0 0 0 0 0
880 3105 111 0 0 0 0 0 620 1138 2335 3 0 0 0 0 2454 1642 0 0 0 0 0 0
1833 2260 3 0 0 0 0 0 1169 1770 1157 0 0 0 0 0 2982 1114 0 0 0 0 0 0
2047 2043 6 0 0 0 0 0 1233 2037 826 0 0 0 0 0 2946 1149 1 0 0 0 0 0
1891 2195 10 0 0 0 0 0 1017 2396 683 0 0 0 0 0 2832 1264 0 0 0 0 0 0
2169 1922 5 0 0 0 0 0 1435 2117 544 0 0 0 0 0 2877 1218 1 0 0 0 0 0
1855 2220 21 0 0 0 0 0 1217 1974 905 0 0 0 0 0 2717 1377 2 0 0 0 0 0
2137 1954 5 0 0 0 0 0 1230 2352 514 0 0 0 0 0 2783 1313 0 0 0 0 0 0
1157 2930 9 0 0 0 0 0 535 2862 699 0 0 0 0 0 2017 2077 2 0 0 0 0 0
1500 2594 2 0 0 0 0 0 841 2749 506 0 0 0 0 0 2095 2001 0 0 0 0 0 0
737 3357 2 0 0 0 0 0 38 3469 589 0 0 0 0 0 1756 2340 0 0 0 0 0 0
1060 3033 3 0 0 0 0 0 28 3536 532 0 0 0 0 0 1991 2104 1 0 0 0 0 0
1012 3080 4 0 0 0 0 0 159 2836 1101 0 0 0 0 0 1683 2413 0 0 0 0 0 0
542 3541 13 0 0 0 0 0 48 2510 1538 0 0 0 0 0 1461 2635 0 0 0 0 0 0
243 3803 50 0 0 0 0 0 5 1216 2875 0 0 0 0 0 1377 2716 3 0 0 0 0 0
111 3872 113 0 0 0 0 0 0 970 3124 2 0 0 0 0 827 3262 7 0 0 0 0 0
45 3828 223 0 0 0 0 0 0 431 3661 4 0 0 0 0 797 3295 4 0 0 0 0 0
130 3827 139 0 0 0 0 0 0 655 3435 6 0 0 0 0 958 3126 12 0 0 0 0 0
38 3844 214 0 0 0 0 0 0 265 3821 10 0 0 0 0 894 3199 3 0 0 0 0 0
332 3570 194 0 0 0 0 0 38 1024 3023 11 0 0 0 0 1436 2655 5 0 0 0 0 0
27 3815 254 0 0 0 0 0 0 235 3852 9 0 0 0 0 999 3095 2 0 0 0 0 0
6 3877 213 0 0 0 0 0 0 107 3978 11 0 0 0 0 1390 2704 2 0 0 0 0 0
11 3961 124 0 0 0 0 0 0 106 3982 8 0 0 0 0 1285 2809 2 0 0 0 0 0
63 3903 130 0 0 0 0 0 1 385 3710 0 0 0 0 0 1468 2625 3 0 0 0 0 0
8 3930 158 0 0 0 0 0 0 102 3985 9 0 0 0 0 1323 2772 1 0 0 0 0 0
16 3967 113 0 0 0 0 0 0 130 3962 4 0 0 0 0 1266 2824 6 0 0 0 0 0
7 3983 106 0 0 0 0 0 0 149 3943 4 0 0 0 0 1521 2574 1 0 0 0 0 0
28 4000 68 0 0 0 0 0 0 201 3894 1 0 0 0 0 1478 2616 2 0 0 0 0 0
23 4027 46 0 0 0 0 0 0 301 3794 1 0 0 0 0 1968 2128 0 0 0 0 0 0
24 4018 54 0 0 0 0 0 0 286 3809 1 0 0 0 0 1487 2603 6 0 0 0 0 0
36 3983 77 0 0 0 0 0 0 281 3810 5 0 0 0 0 1068 3025 3 0 0 0 0 0
25 3225 290 34 360 141 21 0 0 217 3275 62 46 393 102 1 954 2567 60 360 118 37 0 0
0 44 4035 17 0 0 0 0 0 0 274 3822 0 0 0 0 113 3903 80 0 0 0 0 0
0 58 3787 251 0 0 0 0 0 0 267 3657 172 0 0 0 260 3651 185 0 0 0 0 0
0 1316 2774 6 0 0 0 0 0 0 2671 1408 17 0 0 0 928 3149 19 0 0 0 0 0
0 953 3143 0 0 0 0 0 0 0 2693 1403 0 0 0 0 910 3179 7 0 0 0 0 0
0 1593 2503 0 0 0 0 0 0 0 3085 1011 0 0 0 0 736 3357 3 0 0 0 0 0
0 2395 1701 0 0 0 0 0 0 1 3688 407 0 0 0 0 1497 2599 0 0 0 0 0 0
1 3226 869 0 0 0 0 0 0 5 3962 129 0 0 0 0 1326 2770 0 0 0 0 0 0
2 3615 479 0 0 0 0 0 0 57 4004 35 0 0 0 0 1964 2128 4 0 0 0 0 0
9 3850 237 0 0 0 0 0 0 115 3974 7 0 0 0 0 1975 2121 0 0 0 0 0 0
19 3920 157 0 0 0 0 0 0 352 3737 7 0 0 0 0 2037 2059 0 0 0 0 0 0
87 3928 81 0 0 0 0 0 3 730 3362 1 0 0 0 0 2383 1713 0 0 0 0 0 0
1705 2370 21 0 0 0 0 0 750 2020 1326 0 0 0 0 0 2695 1398 3 0 0 0 0 0
189 3873 34 0 0 0 0 0 75 900 3120 1 0 0 0 0 2132 1964 0 0 0 0 0 0
550 3517 29 0 0 0 0 0 175 1553 2368 0 0 0 0 0 2110 1986 0 0 0 0 0 0
519 3562 15 0 0 0 0 0 347 1583 2166 0 0 0 0 0 2303 1793 0 0 0 0 0 0
306 3769 21 0 0 0 0 0 184 1644 2268 0 0 0 0 0 2015 2080 1 0 0 0 0 0
50 4007 39 0 0 0 0 0 0 1653 2443 0 0 0 0 0 1710 2386 0 0 0 0 0 0
82 3990 24 0 0 0 0 0 2 2023 2071 0 0 0 0 0 1550 2544 2 0 0 0 0 0
183 3895 18 0 0 0 0 0 22 2200 1874 0 0 0 0 0 1697 2399 0 0 0 0 0 0
391 3702 3 0 0 0 0 0 7 2816 1273 0 0 0 0 0 1519 2577 0 0 0 0 0 0
330 3723 43 0 0 0 0 0 9 2212 1875 0 0 0 0 0 1552 2543 1 0 0 0 0 0
67 3965 64 0 0 0 0 0 0 1142 2954 0 0 0 0 0 1588 2507 1 0 0 0 0 0
132 3769 195 0 0 0 0 0 12 804 3277 3 0 0 0 0 1448 2646 2 0 0 0 0 0
0 3381 715 0 0 0 0 0 0 48 4036 12 0 0 0 0 667 3429 0 0 0 0 0 0
1 3578 517 0 0 0 0 0 0 29 4037 30 0 0 0 0 800 3293 3 0 0 0 0 0
0 3548 548 0 0 0 0 0 0 26 4042 28 0 0 0 0 556 3532 8 0 0 0 0 0
0 3675 421 0 0 0 0 0 0 27 4042 27 0 0 0 0 1015 3078 3 0 0 0 0 0
0 3659 437 0 0 0 0 0 0 19 4051 26 0 0 0 0 1311 2785 0 0 0 0 0 0
5 3804 287 0 0 0 0 0 0 36 4034 26 0 0 0 0 905 3185 6 0 0 0 0 0
1 3847 248 0 0 0 0 0 0 52 4034 10 0 0 0 0 1344 2751 1 0 0 0 0 0
4 3972 120 0 0 0 0 0 0 43 4043 10 0 0 0 0 1694 2402 0 0 0 0 0 0
6 3891 199 0 0 0 0 0 0 64 4015 17 0 0 0 0 1417 2676 3 0 0 0 0 0
15 3884 197 0 0 0 0 0 0 66 4011 19 0 0 0 0 1134 2960 2 0 0 0 0 0
12 3916 168 0 0 0 0 0 0 97 3988 11 0 0 0 0 1525 2570 1 0 0 0 0 0
6 3955 135 0 0 0 0 0 0 82 4010 4 0 0 0 0 1094 2999 3 0 0 0 0 0
8 3975 113 0 0 0 0 0 0 66 4025 5 0 0 0 0 982 3111 3 0 0 0 0 0
7 3555 240 29 116 106 43 0 0 51 3698 71 21 163 83 9 877 2904 44 136 90 45 0 0
4 2320 301 65 1084 237 85 0 0 46 2459 140 92 1183 158 18 835 1718 153 1136 156 94 4 0
5 1857 448 116 1375 266 29 0 0 45 2106 188 215 1388 146 8 309 1933 413 1181 217 43 0 0
101 2555 196 77 1087 65 15 0 0 388 2394 90 254 926 44 0 716 2106 290 916 53 15 0 0
0 38 4039 19 0 0 0 0 0 0 168 3926 2 0 0 0 225 3800 71 0 0 0 0 0
0 37 3770 289 0 0 0 0 0 0 114 3832 150 0 0 0 312 3698 86 0 0 0 0 0
0 894 3064 138 0 0 0 0 0 0 2285 1693 118 0 0 0 954 3095 47 0 0 0 0 0
0 709 3387 0 0 0 0 0 0 0 1909 2187 0 0 0 0 562 3526 8 0 0 0 0 0
0 1184 2912 0 0 0 0 0 0 0 2711 1385 0 0 0 0 911 3182 3 0 0 0 0 0
0 2017 2079 0 0 0 0 0 0 1 3404 691 0 0 0 0 1291 2802 3 0 0 0 0 0
0 2459 1637 0 0 0 0 0 0 0 3773 323 0 0 0 0 1388 2698 10 0 0 0 0 0
0 3372 724 0 0 0 0 0 0 23 3992 81 0 0 0 0 1577 2518 1 0 0 0 0 0
0 3814 282 0 0 0 0 0 0 24 4058 14 0 0 0 0 2002 2094 0 0 0 0 0 0
20 3882 194 0 0 0 0 0 0 206 3876 14 0 0 0 0 2066 2030 0 0 0 0 0 0
10 3987 99 0 0 0 0 0 0 225 3869 2 0 0 0 0 1677 2417 2 0 0 0 0 0
1390 2630 76 0 0 0 0 0 623 1476 1997 0 0 0 0 0 2521 1575 0 0 0 0 0 0
37 3974 85 0 0 0 0 0 0 563 3532 1 0 0 0 0 1929 2166 1 0 0 0 0 0
422 3621 53 0 0 0 0 0 89 1290 2717 0 0 0 0 0 1936 2158 2 0 0 0 0 0
48 4015 33 0 0 0 0 0 0 1234 2862 0 0 0 0 0 1588 2508 0 0 0 0 0 0
25 4013 58 0 0 0 0 0 0 1034 3062 0 0 0 0 0 1309 2787 0 0 0 0 0 0
6 3995 95 0 0 0 0 0 0 772 3324 0 0 0 0 0 1431 2658 7 0 0 0 0 0
10 3953 133 0 0 0 0 0 0 737 3359 0 0 0 0 0 867 3228 1 0 0 0 0 0
20 3935 141 0 0 0 0 0 0 725 3371 0 0 0 0 0 789 3304 3 0 0 0 0 0
24 3990 82 0 0 0 0 0 0 1302 2792 2 0 0 0 0 939 3153 4 0 0 0 0 0
45 3985 66 0 0 0 0 0 0 1212 2883 1 0 0 0 0 1254 2840 2 0 0 0 0 0
8 3794 294 0 0 0 0 0 0 346 3738 12 0 0 0 0 1210 2885 1 0 0 0 0 0
55 2316 1724 1 0 0 0 0 1 241 3651 203 0 0 0 0 655 3414 27 0 0 0 0 0
0 2077 2019 0 0 0 0 0 0 4 3871 221 0 0 0 0 355 3725 16 0 0 0 0 0
2 2551 1543 0 0 0 0 0 0 11 3976 109 0 0 0 0 740 3345 11 0 0 0 0 0
1 3157 938 0 0 0 0 0 0 10 4015 71 0 0 0 0 705 3373 18 0 0 0 0 0
0 3409 687 0 0 0 0 0 0 12 4033 51 0 0 0 0 784 3301 11 0 0 0 0 0
1 3476 619 0 0 0 0 0 0 11 4034 51 0 0 0 0 867 3229 0 0 0 0 0 0
3 3646 447 0 0 0 0 0 0 15 4042 39 0 0 0 0 920 3167 9 0 0 0 0 0
0 3690 406 0 0 0 0 0 0 7 4048 41 0 0 0 0 1072 3012 12 0 0 0 0 0
1 3830 265 0 0 0 0 0 0 17 4062 17 0 0 0 0 1178 2915 3 0 0 0 0 0
9 3927 160 0 0 0 0 0 0 49 4027 20 0 0 0 0 1376 2720 0 0 0 0 0 0
9 3963 124 0 0 0 0 0 0 35 4039 22 0 0 0 0 761 3333 2 0 0 0 0 0
2 3366 400 38 43 155 92 0 0 20 3655 116 28 124 122 31 719 2975 99 99 81 99 24 0
4 2345 362 75 404 738 168 0 0 15 2574 161 91 976 218 61 390 2268 274 809 162 163 30 0
3 1927 514 108 919 533 92 0 0 34 2249 210 129 1277 175 22 507 1881 396 1038 163 109 2 0
25 2336 273 81 1133 230 18 0 0 109 2430 119 86 1273 78 1 608 1988 149 1221 101 29 0 0
44 3573 230 41 206 2 0 0 0 159 3618 77 44 198 0 0 832 3008 128 128 0 0 0 0
281 2934 878 3 0 0 0 0 0 745 2420 897 34 0 0 0 925 2682 489 0 0 0 0 0
331 3179 586 0 0 0 0 0 5 781 2716 590 4 0 0 0 1090 2616 390 0 0 0 0 0
0 17 3827 252 0 0 0 0 0 0 92 3851 153 0 0 0 181 3321 573 21 0 0 0 0
0 27 3811 258 0 0 0 0 0 0 119 3877 100 0 0 0 306 3568 222 0 0 0 0 0
0 767 3022 307 0 0 0 0 0 0 1967 1888 241 0 0 0 403 3545 148 0 0 0 0 0
0 571 3523 2 0 0 0 0 0 0 1927 2169 0 0 0 0 616 3474 6 0 0 0 0 0
0 947 3149 0 0 0 0 0 0 0 2566 1530 0 0 0 0 851 3233 12 0 0 0 0 0
0 1733 2363 0 0 0 0 0 0 0 3210 886 0 0 0 0 1222 2872 2 0 0 0 0 0
0 2537 1559 0 0 0 0 0 0 2 3747 347 0 0 0 0 1277 2817 2 0 0 0 0 0
0 3311 785 0 0 0 0 0 0 13 4007 76 0 0 0 0 1536 2560 0 0 0 0 0 0
0 3508 588 0 0 0 0 0 0 17 4034 45 0 0 0 0 1530 2565 1 0 0 0 0 0
7 3782 307 0 0 0 0 0 0 114 3955 27 0 0 0 0 1708 2386 2 0 0 0 0 0
13 3822 261 0 0 0 0 0 0 244 3849 3 0 0 0 0 1131 2964 1 0 0 0 0 0
1430 2557 109 0 0 0 0 0 837 1142 2117 0 0 0 0 0 2311 1782 3 0 0 0 0 0
402 3567 127 0 0 0 0 0 102 755 3238 1 0 0 0 0 1820 2275 1 0 0 0 0 0
20 3986 90 0 0 0 0 0 0 562 3531 3 0 0 0 0 1898 2197 1 0 0 0 0 0
27 4026 43 0 0 0 0 0 0 866 3230 0 0 0 0 0 1551 2545 0 0 0 0 0 0
7 4000 89 0 0 0 0 0 0 605 3491 0 0 0 0 0 985 3110 1 0 0 0 0 0
1 3822 273 0 0 0 0 0 0 303 3788 5 0 0 0 0 365 3719 12 0 0 0 0 0
1 2030 1575 259 81 43 36 71 0 80 2773 859 191 68 47 78 152 2505 907 237 113 54 44 84
0 1440 1784 489 187 85 58 53 0 26 2381 1124 306 121 78 60 56 2112 1061 427 184 103 80 73
1 3401 694 0 0 0 0 0 0 250 3826 20 0 0 0 0 268 3770 58 0 0 0 0 0
17 3852 227 0 0 0 0 0 0 759 3320 17 0 0 0 0 889 3194 13 0 0 0 0 0
1 1282 2765 48 0 0 0 0 0 98 2457 1541 0 0 0 0 272 3028 796 0 0 0 0 0
29 384 3130 553 0 0 0 0 0 122 1305 2635 34 0 0 0 171 2340 1579 6 0 0 0 0
0 292 3620 184 0 0 0 0 0 0 1811 2279 6 0 0 0 31 3040 1025 0 0 0 0 0
0 991 3105 0 0 0 0 0 0 0 2800 1296 0 0 0 0 45 3709 342 0 0 0 0 0
0 1851 2245 0 0 0 0 0 0 2 3672 422 0 0 0 0 249 3781 66 0 0 0 0 0
0 2947 1149 0 0 0 0 0 0 6 3842 248 0 0 0 0 537 3552 7 0 0 0 0 0
0 3088 1008 0 0 0 0 0 0 3 3934 159 0 0 0 0 376 3707 13 0 0 0 0 0
2 3513 581 0 0 0 0 0 0 12 4012 72 0 0 0 0 512 3564 20 0 0 0 0 0
4 3596 470 9 6 11 0 0 0 10 3981 84 7 6 8 0 552 3495 30 7 10 2 0 0
2 2874 411 44 69 654 42 0 0 8 3165 134 43 581 163 2 439 2811 84 528 193 41 0 0
7 2044 409 99 403 1064 70 0 0 10 2295 195 90 1317 188 1 416 1995 209 1243 179 54 0 0
3 1938 467 121 620 858 89 0 0 19 2192 225 124 1332 183 21 662 1696 372 1105 157 104 0 0
15 2331 394 83 709 514 50 0 0 78 2553 145 115 1056 137 12 466 2271 462 701 117 79 0 0
18 3559 293 40 102 84 0 0 0 97 3693 100 43 163 0 0 566 3291 122 117 0 0 0 0
16 3952 128 0 0 0 0 0 0 120 3959 17 0 0 0 0 1034 3059 3 0 0 0 0 0
61 3930 105 0 0 0 0 0 0 267 3824 5 0 0 0 0 941 3154 1 0 0 0 0 0
51 3997 48 0 0 0 0 0 0 207 3881 8 0 0 0 0 941 3149 6 0 0 0 0 0
36 3323 736 1 0 0 0 0 0 118 3218 683 77 0 0 0 583 3073 440 0 0 0 0 0
22 3621 452 1 0 0 0 0 0 87 3622 376 11 0 0 0 710 3146 240 0 0 0 0 0
0 5 3329 762 0 0 0 0 0 0 21 3613 462 0 0 0 35 2608 1443 10 0 0 0 0
0 17 3991 88 0 0 0 0 0 0 47 4023 26 0 0 0 265 3721 110 0 0 0 0 0
1 728 2900 467 0 0 0 0 0 0 1767 1931 398 0 0 0 641 3198 257 0 0 0 0 0
0 655 3441 0 0 0 0 0 0 0 1754 2342 0 0 0 0 463 3622 11 0 0 0 0 0
0 1162 2934 0 0 0 0 0 0 0 2732 1364 0 0 0 0 829 3258 9 0 0 0 0 0
0 1709 2387 0 0 0 0 0 0 0 3281 815 0 0 0 0 1259 2837 0 0 0 0 0 0
0 2527 1569 0 0 0 0 0 0 3 3762 331 0 0 0 0 1312 2777 7 0 0 0 0 0
1 3298 797 0 0 0 0 0 0 10 3985 101 0 0 0 0 1337 2753 6 0 0 0 0 0
1 3483 612 0 0 0 0 0 0 20 4011 65 0 0 0 0 1647 2448 1 0 0 0 0 0
2 3640 454 0 0 0 0 0 0 61 3971 64 0 0 0 0 1938 2157 1 0 0 0 0 0
4 3858 234 0 0 0 0 0 0 114 3975 7 0 0 0 0 1733 2363 0 0 0 0 0 0
1520 2523 53 0 0 0 0 0 848 1043 2204 1 0 0 0 0 2428 1667 1 0 0 0 0 0
508 3498 90 0 0 0 0 0 215 768 3111 2 0 0 0 0 1836 2260 0 0 0 0 0 0
15 3990 91 0 0 0 0 0 0 645 3451 0 0 0 0 0 1879 2214 3 0 0 0 0 0
20 4027 49 0 0 0 0 0 0 841 3255 0 0 0 0 0 1587 2500 9 0 0 0 0 0
36 3924 136 0 0 0 0 0 0 662 3432 2 0 0 0 0 1173 2916 7 0 0 0 0 0
5 3419 672 0 0 0 0 0 0 147 3888 61 0 0 0 0 385 3619 92 0 0 0 0 0
0 234 1147 616 582 385 365 767 0 0 584 1125 569 529 392 897 3 642 993 573 547 306 317 715
0 4 280 573 542 603 525 1569 0 0 42 513 520 592 689 1740 0 53 324 586 587 504 498 1544
0 1589 2435 72 0 0 0 0 0 28 3284 782 2 0 0 0 89 2992 1004 11 0 0 0 0
3 1833 2091 169 0 0 0 0 0 234 2554 1308 0 0 0 0 501 2890 704 1 0 0 0 0
1 133 1481 2274 207 0 0 0 0 17 271 2749 1048 11 0 0 38 935 2290 823 10 0 0 0
1 88 101 1028 2154 680 44 0 0 17 117 323 1535 1786 318 0 25 84 470 1328 1723 458 8 0
0 0 1166 2396 519 15 0 0 0 0 15 2322 1633 125 1 0 0 280 2207 1407 201 1 0 0
0 97 3803 196 0 0 0 0 0 0 750 3344 2 0 0 0 5 2349 1738 4 0 0 0 0
0 641 3452 3 0 0 0 0 0 0 2658 1438 0 0 0 0 28 3835 233 0 0 0 0 0
0 1663 1842 70 97 256 111 57 0 0 3004 548 45 288 115 96 132 3203 250 230 101 93 85 2
0 1548 1072 99 450 868 59 0 0 1 2315 358 96 1154 172 0 116 2420 565 774 158 63 0 0
1 1592 900 116 253 1126 108 0 0 7 2211 331 104 1229 202 12 312 2135 321 1047 158 122 1 0
4 1847 628 109 317 1137 54 0 0 24 2227 262 106 1256 221 0 227 2177 247 1168 215 62 0 0
26 2803 424 64 233 546 0 0 0 67 3044 160 61 729 35 0 737 2501 149 706 3 0 0 0
33 3611 414 15 19 4 0 0 0 123 3864 77 14 16 2 0 809 3235 33 19 0 0 0 0
18 3829 249 0 0 0 0 0 0 129 3936 31 0 0 0 0 1035 3049 12 0 0 0 0 0
30 3820 246 0 0 0 0 0 0 100 3934 62 0 0 0 0 825 3256 15 0 0 0 0 0
42 3911 143 0 0 0 0 0 0 178 3903 15 0 0 0 0 699 3397 0 0 0 0 0 0
34 3910 152 0 0 0 0 0 0 129 3934 33 0 0 0 0 826 3246 24 0 0 0 0 0
62 3913 121 0 0 0 0 0 0 194 3883 19 0 0 0 0 1018 3068 10 0 0 0 0 0
47 3938 111 0 0 0 0 0 0 140 3936 20 0 0 0 0 994 3096 6 0 0 0 0 0
90 3288 709 9 0 0 0 0 0 93 3167 702 134 0 0 0 658 3058 380 0 0 0 0 0
55 2917 1085 39 0 0 0 0 0 233 3251 608 4 0 0 0 754 3023 319 0 0 0 0 0
0 4 2608 1081 402 1 0 0 0 0 16 2905 746 428 1 0 21 1840 1859 363 13 0 0 0
0 3 3206 387 498 2 0 0 0 0 15 3266 270 513 32 0 117 3112 358 492 17 0 0 0
0 556 2899 641 0 0 0 0 0 0 1276 2255 565 0 0 0 185 3351 560 0 0 0 0 0
0 438 3658 0 0 0 0 0 0 0 1193 2903 0 0 0 0 495 3569 32 0 0 0 0 0
0 894 3202 0 0 0 0 0 0 0 2338 1758 0 0 0 0 686 3406 4 0 0 0 0 0
0 1644 2451 1 0 0 0 0 0 0 3221 874 1 0 0 0 1084 3003 9 0 0 0 0 0
2 2594 1500 0 0 0 0 0 0 14 3613 469 0 0 0 0 1235 2847 14 0 0 0 0 0
0 3517 579 0 0 0 0 0 0 7 4011 78 0 0 0 0 1521 2574 1 0 0 0 0 0
0 3554 542 0 0 0 0 0 0 18 4024 54 0 0 0 0 1402 2692 2 0 0 0 0 0
1 3628 467 0 0 0 0 0 0 72 3984 40 0 0 0 0 1387 2707 2 0 0 0 0 0
47 3167 693 189 0 0 0 0 0 154 3318 376 245 3 0 0 737 2875 370 114 0 0 0 0
625 2708 604 159 0 0 0 0 275 950 2285 332 238 16 0 0 1257 2386 354 99 0 0 0 0
232 3298 416 150 0 0 0 0 58 570 3060 233 160 15 0 0 1227 2525 246 98 0 0 0 0
13 4008 75 0 0 0 0 0 0 519 3577 0 0 0 0 0 1234 2860 2 0 0 0 0 0
33 4036 27 0 0 0 0 0 0 963 3133 0 0 0 0 0 1664 2432 0 0 0 0 0 0
27 3981 88 0 0 0 0 0 0 681 3413 2 0 0 0 0 983 3112 1 0 0 0 0 0
4 3448 644 0 0 0 0 0 0 126 3946 24 0 0 0 0 476 3602 18 0 0 0 0 0
0 433 2753 848 62 0 0 0 0 0 1567 2171 352 6 0 0 28 1663 2072 327 6 0 0 0
0 11 2154 1639 286 6 0 0 0 0 175 3093 729 99 0 0 1 395 2720 826 154 0 0 0
0 718 3373 5 0 0 0 0 0 4 2706 1386 0 0 0 0 47 2881 1168 0 0 0 0 0
0 621 2136 1339 0 0 0 0 0 2 1535 2530 29 0 0 0 23 1897 2175 1 0 0 0 0
0 67 207 3458 93 178 93 0 0 7 124 2014 1653 140 140 18 7 139 2490 1251 108 98 3 0
0 56 81 2068 958 772 157 4 0 18 88 143 2730 862 188 67 10 77 346 3200 289 139 35 0
0 12 164 2446 505 849 120 0 0 2 30 1186 1580 1086 190 22 8 40 1797 1970 157 124 0 0
0 39 1787 865 290 1051 64 0 0 0 148 2400 213 1155 178 2 6 510 2327 988 185 80 0 0
0 188 2343 193 346 947 79 0 0 3 851 1798 127 1121 183 13 15 1484 1406 944 170 75 2 0
5 1049 2138 77 362 403 55 7 0 17 2356 834 82 712 49 46 73 2738 614 556 43 34 38 0
5 2644 1353 31 43 20 0 0 0 31 3596 389 25 55 0 0 191 3702 144 58 1 0 0 0
18 3207 871 0 0 0 0 0 0 60 3860 176 0 0 0 0 393 3572 131 0 0 0 0 0
9 3445 642 0 0 0 0 0 0 24 3933 139 0 0 0 0 526 3542 28 0 0 0 0 0
18 3572 506 0 0 0 0 0 0 95 3870 131 0 0 0 0 628 3444 24 0 0 0 0 0
30 3743 323 0 0 0 0 0 0 97 3869 130 0 0 0 0 737 3297 62 0 0 0 0 0
26 3837 233 0 0 0 0 0 0 84 3947 65 0 0 0 0 612 3453 31 0 0 0 0 0
26 3816 254 0 0 0 0 0 0 116 3951 29 0 0 0 0 779 3311 6 0 0 0 0 0
59 3889 148 0 0 0 0 0 0 180 3888 28 0 0 0 0 796 3297 3 0 0 0 0 0
45 3892 159 0 0 0 0 0 0 175 3883 38 0 0 0 0 640 3431 25 0 0 0 0 0
34 3962 100 0 0 0 0 0 0 146 3933 17 0 0 0 0 883 3212 1 0 0 0 0 0
32 3985 79 0 0 0 0 0 0 170 3909 17 0 0 0 0 957 3123 16 0 0 0 0 0
187 2865 1029 15 0 0 0 0 0 396 2570 838 292 0 0 0 706 2678 691 21 0 0 0 0
203 2481 1380 32 0 0 0 0 0 474 2235 1193 194 0 0 0 641 2736 713 6 0 0 0 0
0 15 2457 1127 497 0 0 0 0 0 34 2855 709 498 0 0 69 1620 1975 431 1 0 0 0
0 343 3285 204 263 1 0 0 0 0 601 3100 134 258 3 0 347 3148 399 202 0 0 0 0
0 613 2384 300 779 20 0 0 0 0 1036 1962 256 772 70 0 369 2580 530 604 13 0 0 0
0 454 2615 230 693 104 0 0 0 2 955 2107 197 621 214 0 137 2846 484 571 58 0 0 0
0 566 2443 190 798 99 0 0 0 3 1486 1539 174 769 125 0 365 2609 380 695 47 0 0 0
0 903 2141 164 741 147 0 0 0 0 2071 976 159 682 208 0 725 2290 296 731 54 0 0 0
0 2094 1346 65 493 98 0 0 0 2 2814 631 53 492 104 0 678 2716 252 431 19 0 0 0
0 3002 887 52 137 18 0 0 0 9 3703 193 46 130 15 0 1502 2402 87 105 0 0 0 0
1 3553 529 10 3 0 0 0 0 27 3997 62 10 0 0 0 1292 2788 16 0 0 0 0 0
19 3689 388 0 0 0 0 0 0 170 3885 41 0 0 0 0 1436 2655 5 0 0 0 0 0
6 2563 1256 253 18 0 0 0 0 1 2957 834 212 92 0 0 453 3048 387 204 4 0 0 0
158 2653 917 356 12 0 0 0 0 478 2598 570 188 262 0 0 495 3031 269 288 13 0 0 0
35 2962 928 160 11 0 0 0 0 280 3018 618 170 10 0 0 1069 2543 382 98 4 0 0 0
44 3755 138 33 32 41 53 0 0 691 3213 54 25 45 39 29 1402 2501 55 33 39 57 9 0
48 3437 136 33 44 289 109 0 0 1002 2596 41 30 201 206 20 1248 2328 77 184 151 108 0 0
216 2925 143 38 80 558 136 0 35 979 2246 42 46 521 198 29 1122 2114 208 375 138 126 13 0
227 2623 254 93 157 705 37 0 9 832 2210 102 102 649 192 0 614 2461 226 581 178 36 0 0
169 1544 1336 99 138 724 86 0 8 522 2176 403 103 675 198 11 401 2375 546 533 178 61 2 0
51 1270 1635 118 189 650 183 0 0 537 1612 878 113 683 191 82 262 2101 898 498 125 154 58 0
37 1726 1123 116 141 827 126 0 0 420 2096 432 116 778 233 21 246 2341 556 640 178 122 13 0
4 1441 1193 198 163 1002 95 0 0 279 1994 484 147 921 264 7 140 2112 649 918 173 104 0 0
36 834 1258 930 204 810 24 0 1 211 1250 1149 535 865 84 1 170 1392 1479 978 61 16 0 0
2 454 979 2270 231 160 0 0 0 137 744 1495 1462 258 0 0 151 842 2084 1019 0 0 0 0
43 678 1376 1994 5 0 0 0 2 213 1037 2458 386 0 0 0 164 1105 2473 354 0 0 0 0
6 229 3558 303 0 0 0 0 3 29 649 3406 9 0 0 0 36 1350 2693 17 0 0 0 0
1 619 3469 7 0 0 0 0 0 15 1927 2154 0 0 0 0 111 2836 1149 0 0 0 0 0
1 2034 2061 0 0 0 0 0 0 26 3464 606 0 0 0 0 158 3657 281 0 0 0 0 0
1 3157 938 0 0 0 0 0 0 60 3781 255 0 0 0 0 452 3553 91 0 0 0 0 0
10 3513 573 0 0 0 0 0 0 123 3814 159 0 0 0 0 697 3342 57 0 0 0 0 0
22 3776 298 0 0 0 0 0 0 135 3915 46 0 0 0 0 505 3570 21 0 0 0 0 0
34 3757 305 0 0 0 0 0 0 206 3860 30 0 0 0 0 858 3221 17 0 0 0 0 0
31 3908 157 0 0 0 0 0 0 137 3934 25 0 0 0 0 1023 3065 8 0 0 0 0 0
39 3884 173 0 0 0 0 0 0 203 3869 24 0 0 0 0 1154 2929 13 0 0 0 0 0
38 3856 202 0 0 0 0 0 0 193 3870 33 0 0 0 0 710 3380 6 0 0 0 0 0
64 3951 79 2 0 0 0 0 0 290 3780 26 0 0 0 0 1229 2855 12 0 0 0 0 0
48 3919 128 1 0 0 0 0 0 200 3847 49 0 0 0 0 639 3443 14 0 0 0 0 0
51 3728 256 61 0 0 0 0 0 230 3616 199 51 0 0 0 895 3050 151 0 0 0 0 0
73 3539 281 203 0 0 0 0 0 390 3253 276 177 0 0 0 886 3042 168 0 0 0 0 0
36 3263 492 305 0 0 0 0 0 307 3109 383 297 0 0 0 947 2940 209 0 0 0 0 0
99 2975 416 606 0 0 0 0 0 240 2918 387 551 0 0 0 1007 2924 165 0 0 0 0 0
0 4 3017 888 187 0 0 0 0 0 23 3258 636 179 0 0 28 2138 1834 96 0 0 0 0
0 423 3661 12 0 0 0 0 0 0 611 3478 7 0 0 0 247 3709 140 0 0 0 0 0
0 728 3363 5 0 0 0 0 0 0 1426 2668 2 0 0 0 417 3634 45 0 0 0 0 0
1 1101 2994 0 0 0 0 0 0 3 2208 1885 0 0 0 0 607 3437 52 0 0 0 0 0
0 1665 2100 99 36 25 29 142 0 149 3317 630 0 0 0 0 1066 2833 131 66 0 0 0 0
2 2515 1171 98 46 34 42 188 0 562 3331 187 16 0 0 0 1166 2718 157 55 0 0 0 0
0 2895 908 96 197 0 0 0 0 15 3504 294 93 190 0 0 872 2930 248 46 0 0 0 0
2 2990 592 101 364 47 0 0 0 26 3388 185 118 358 21 0 1034 2601 331 124 6 0 0 0
8 2768 504 139 433 244 0 0 0 104 3076 152 151 470 143 0 1019 2318 418 300 41 0 0 0
40 2756 279 138 492 384 7 0 0 332 2645 119 137 649 214 0 1018 2072 371 533 102 0 0 0
2 1541 1312 221 412 535 73 0 0 36 1513 1296 274 685 258 34 265 2113 832 599 207 80 0 0
467 1831 605 183 307 689 14 0 183 829 1473 410 222 729 245 5 936 1630 599 686 211 34 0 0
27 2532 446 150 249 622 70 0 0 630 1939 421 197 671 223 15 550 2287 590 413 187 69 0 0
67 2971 150 74 135 582 117 0 0 964 2180 66 78 502 259 47 1148 2008 263 420 125 131 1 0
230 3109 117 75 122 443 0 0 1 1610 1804 69 88 500 24 0 1716 1761 324 292 3 0 0 0
602 3133 130 58 87 86 0 0 75 1953 1796 67 64 141 0 0 1618 2233 143 102 0 0 0 0
2498 1561 35 2 0 0 0 0 779 3053 256 8 0 0 0 0 2517 1552 27 0 0 0 0 0
2511 1548 37 0 0 0 0 0 629 3148 314 5 0 0 0 0 2512 1543 41 0 0 0 0 0
1101 2876 115 4 0 0 0 0 42 3298 732 24 0 0 0 0 1769 2244 82 1 0 0 0 0
796 3269 31 0 0 0 0 0 30 3106 959 1 0 0 0 0 1838 2244 14 0 0 0 0 0
178 3559 357 2 0 0 0 0 0 1469 2539 88 0 0 0 0 680 3345 71 0 0 0 0 0
162 3074 859 1 0 0 0 0 0 1018 2926 152 0 0 0 0 642 2987 467 0 0 0 0 0
90 2159 1567 280 0 0 0 0 0 361 2707 945 83 0 0 0 258 2668 1072 98 0 0 0 0
412 2101 1338 245 0 0 0 0 0 1072 2163 748 113 0 0 0 657 2579 850 10 0 0 0 0
1 261 2768 1066 0 0 0 0 0 7 874 2065 1145 5 0 0 22 1699 2359 16 0 0 0 0
1 657 2148 1288 2 0 0 0 0 18 1447 1204 1195 232 0 0 68 2188 1774 66 0 0 0 0
0 1212 1373 1451 60 0 0 0 0 14 1895 523 1163 501 0 0 246 2107 1627 116 0 0 0 0
6 1472 1016 1530 72 0 0 0 0 60 1867 410 1094 665 0 0 266 2101 1600 129 0 0 0 0
15 1736 854 1431 60 0 0 0 0 82 1895 551 881 687 0 0 626 1903 1453 114 0 0 0 0
263 1880 805 1131 17 0 0 0 3 619 1727 649 910 188 0 0 1656 1554 844 42 0 0 0 0
22 1075 609 2150 240 0 0 0 0 43 1081 460 1847 665 0 0 354 1322 2344 76 0 0 0 0
5 824 478 2509 280 0 0 0 0 6 802 374 2252 662 0 0 164 1134 2746 52 0 0 0 0
2 679 593 2582 240 0 0 0 0 3 720 547 2430 396 0 0 198 1167 2682 49 0 0 0 0
3 422 416 3071 184 0 0 0 0 20 442 430 2860 344 0 0 144 970 2926 56 0 0 0 0
0 65 700 3102 229 0 0 0 0 1 110 760 3077 148 0 0 31 1131 2885 49 0 0 0 0
0 23 473 3405 195 0 0 0 0 0 38 503 3380 175 0 0 29 685 3323 59 0 0 0 0
0 498 937 1941 367 296 57 0 0 309 901 847 1702 336 1 0 71 1408 1884 466 263 4 0 0
0 36 350 3676 34 0 0 0 0 8 88 370 3591 39 0 0 55 915 3123 3 0 0 0 0
0 18 659 3419 0 0 0 0 0 0 30 846 3220 0 0 0 18 1887 2191 0 0 0 0 0
0 22 363 3702 9 0 0 0 0 0 27 451 3616 2 0 0 28 1572 2491 5 0 0 0 0
0 50 2855 821 370 0 0 0 0 0 67 3118 477 434 0 0 13 1961 1733 361 28 0 0 0
0 261 3816 19 0 0 0 0 0 0 579 3512 5 0 0 0 298 3504 294 0 0 0 0 0
0 692 3402 2 0 0 0 0 0 13 1191 2892 0 0 0 0 351 3583 162 0 0 0 0 0
0 914 2923 259 0 0 0 0 0 23 1852 2217 4 0 0 0 431 3267 398 0 0 0 0 0
0 1138 2634 233 91 0 0 0 0 3 2369 1540 184 0 0 0 455 3219 259 162 1 0 0 0
1 2068 1696 284 47 0 0 0 0 8 3191 803 94 0 0 0 687 3033 222 154 0 0 0 0
6 3007 1083 0 0 0 0 0 0 19 3783 294 0 0 0 0 621 3448 27 0 0 0 0 0
11 3511 574 0 0 0 0 0 0 93 3939 64 0 0 0 0 1510 2578 8 0 0 0 0 0
5 3537 554 0 0 0 0 0 0 88 3940 68 0 0 0 0 1534 2561 1 0 0 0 0 0
44 3031 1021 0 0 0 0 0 0 326 3144 626 0 0 0 0 1038 3044 14 0 0 0 0 0
17 2361 1718 0 0 0 0 0 0 217 2609 1270 0 0 0 0 857 3180 59 0 0 0 0 0
90 2109 1896 1 0 0 0 0 13 606 1774 1702 1 0 0 0 946 3120 30 0 0 0 0 0
41 1789 2211 55 0 0 0 0 0 530 1456 2097 13 0 0 0 821 2961 314 0 0 0 0 0
28 1550 2470 48 0 0 0 0 0 405 1331 2350 10 0 0 0 640 3291 165 0 0 0 0 0
53 1264 2632 147 0 0 0 0 0 560 906 2521 109 0 0 0 610 3014 472 0 0 0 0 0
428 1347 2061 260 0 0 0 0 4 1121 751 2044 176 0 0 0 1034 2738 324 0 0 0 0 0
2721 1356 19 0 0 0 0 0 879 3039 176 2 0 0 0 0 2698 1379 19 0 0 0 0 0
3056 1020 20 0 0 0 0 0 977 3050 68 1 0 0 0 0 3221 855 20 0 0 0 0 0
1839 2244 13 0 0 0 0 0 87 3802 207 0 0 0 0 0 2637 1446 13 0 0 0 0 0
1609 2466 21 0 0 0 0 0 105 3145 842 4 0 0 0 0 2317 1770 9 0 0 0 0 0
127 2075 712 726 335 110 11 0 0 716 2063 824 352 125 16 0 526 2664 671 125 96 14 0 0
140 2442 1279 217 18 0 0 0 24 1748 2099 225 0 0 0 0 643 2810 631 12 0 0 0 0
261 3079 756 0 0 0 0 0 0 530 3036 530 0 0 0 0 911 3122 63 0 0 0 0 0
125 2598 1278 95 0 0 0 0 0 265 2591 1115 125 0 0 0 766 3066 262 2 0 0 0 0
0 60 992 3044 0 0 0 0 0 0 37 763 3263 33 0 0 55 1282 2752 7 0 0 0 0
0 47 464 3566 19 0 0 0 0 0 16 352 3313 415 0 0 14 436 3563 83 0 0 0 0
0 22 534 3476 64 0 0 0 0 0 45 434 2384 1233 0 0 15 520 3476 85 0 0 0 0
8 161 753 2849 317 8 0 0 0 4 258 793 1791 1250 0 0 89 828 2599 564 14 2 0 0
716 554 557 1304 720 245 0 0 73 1130 423 999 1009 462 0 0 889 1203 1029 524 447 4 0 0
1706 865 380 1106 39 0 0 0 189 2146 351 498 789 123 0 0 2853 863 348 32 0 0 0 0
44 329 558 2898 267 0 0 0 0 176 249 489 2166 1016 0 0 365 753 2913 65 0 0 0 0
0 6 272 3322 496 0 0 0 0 0 13 281 2566 1236 0 0 10 389 3512 185 0 0 0 0
11 133 256 2887 577 149 83 0 0 94 124 438 2657 773 10 0 40 568 3133 217 93 45 0 0
1 201 447 2645 555 191 56 0 0 130 213 765 2749 239 0 0 71 974 2623 287 115 26 0 0
0 40 512 3343 201 0 0 0 0 26 113 592 3287 78 0 0 78 1187 2792 39 0 0 0 0
0 9 264 1999 990 594 240 0 0 0 79 796 2374 731 113 3 6 506 2271 632 470 188 23 0
0 1 346 1901 1014 693 141 0 0 1 370 1904 1313 450 58 0 1 626 1811 942 476 160 80 0
0 0 246 2866 479 460 45 0 0 0 18 300 2986 476 316 0 5 385 2725 405 104 146 307 19
0 20 432 2757 872 15 0 0 0 0 61 507 2673 855 0 0 33 1016 2540 507 0 0 0 0
0 2 323 2217 1381 173 0 0 0 0 13 389 2232 1458 4 0 16 663 2119 1295 3 0 0 0
29 1120 677 812 823 592 43 0 0 904 1037 1198 818 139 0 0 155 1515 1072 855 442 57 0 0
0 265 2674 826 328 3 0 0 0 32 392 3625 47 0 0 0 71 2495 1366 164 0 0 0 0
26 989 2675 213 108 85 0 0 2 455 1011 2328 257 37 6 0 529 2573 841 140 9 4 0 0
100 968 986 893 885 264 0 0 28 972 1320 1340 436 0 0 0 291 2045 1272 488 0 0 0 0
495 664 2350 587 0 0 0 0 219 676 1939 1254 8 0 0 0 761 2715 598 22 0 0 0 0
750 593 519 1662 501 71 0 0 448 539 769 1909 427 4 0 0 890 779 1343 1025 59 0 0 0
724 2708 664 0 0 0 0 0 327 680 2953 136 0 0 0 0 1372 2696 28 0 0 0 0 0
1 3493 602 0 0 0 0 0 0 69 3992 35 0 0 0 0 1274 2821 1 0 0 0 0 0
457 2759 879 1 0 0 0 0 176 614 3189 117 0 0 0 0 1511 2566 19 0 0 0 0 0
545 1948 1603 0 0 0 0 0 189 1235 1587 1085 0 0 0 0 1711 2354 31 0 0 0 0 0
1040 2460 596 0 0 0 0 0 616 2421 619 440 0 0 0 0 2706 1347 43 0 0 0 0 0
570 2322 1200 4 0 0 0 0 334 1868 838 1056 0 0 0 0 2310 1702 84 0 0 0 0 0
0 283 3765 48 0 0 0 0 0 1 393 3695 7 0 0 0 189 3683 224 0 0 0 0 0
50 637 2327 865 217 0 0 0 1 299 942 2684 170 0 0 0 656 3009 431 0 0 0 0 0
0 146 3680 270 0 0 0 0 0 0 183 3738 175 0 0 0 133 3411 552 0 0 0 0 0
343 676 2790 287 0 0 0 0 110 420 451 2709 406 0 0 0 611 2721 764 0 0 0 0 0
2994 1097 5 0 0 0 0 0 1049 3009 38 0 0 0 0 0 3122 972 2 0 0 0 0 0
3205 887 4 0 0 0 0 0 1037 3035 24 0 0 0 0 0 3271 822 3 0 0 0 0 0
1439 1290 138 514 607 108 0 0 384 2207 210 393 666 236 0 0 1966 1101 709 289 31 0 0 0
2465 1357 65 107 91 11 0 0 622 2955 293 105 95 26 0 0 2735 1184 147 30 0 0 0 0
520 1128 626 1717 105 0 0 0 133 1164 1420 1293 86 0 0 0 703 2811 580 2 0 0 0 0
211 1560 947 706 382 290 0 0 13 1139 1941 579 421 3 0 0 252 2818 579 369 78 0 0 0
3 2242 1850 1 0 0 0 0 0 15 2398 1683 0 0 0 0 653 3279 164 0 0 0 0 0
49 2411 1633 3 0 0 0 0 0 173 2378 1542 3 0 0 0 571 3305 220 0 0 0 0 0
0 99 1211 2785 1 0 0 0 0 0 58 1076 2959 3 0 0 72 1673 2330 21 0 0 0 0
5 283 1202 2605 1 0 0 0 0 10 298 911 2809 68 0 0 103 1448 2531 14 0 0 0 0
1 329 1499 2197 70 0 0 0 0 15 912 1438 1550 181 0 0 188 2157 1675 76 0 0 0 0
56 702 1243 1646 235 200 14 0 0 363 1086 1267 919 328 133 0 467 1883 1312 151 66 109 108 0
132 469 967 1117 411 801 199 0 14 374 1081 921 761 528 417 0 279 1659 730 398 229 350 450 1
2300 1603 97 95 1 0 0 0 196 3557 172 74 96 1 0 0 1821 2147 95 33 0 0 0 0
129 558 504 2662 241 2 0 0 4 403 347 515 1988 837 2 0 790 716 2480 110 0 0 0 0
0 9 226 3095 439 327 0 0 0 0 18 229 2275 1250 324 0 4 270 3283 279 236 24 0 0
0 43 288 2046 656 1061 2 0 0 0 98 696 1803 641 858 0 26 544 2134 482 876 34 0 0
1 138 247 1528 881 1278 23 0 0 77 246 775 1295 1023 680 0 37 703 1506 941 908 1 0 0
0 11 87 1384 1241 1373 0 0 0 2 11 240 1900 1122 821 0 4 230 2037 986 839 0 0 0
0 113 400 847 1052 1559 125 0 0 3 332 1064 546 1318 815 18 0 180 1215 1268 949 141 295 48
0 22 348 722 1168 1834 2 0 0 0 69 571 694 2163 599 0 0 14 60 1249 1525 782 466 0
0 0 17 394 2107 1578 0 0 0 0 0 206 762 3034 94 0 0 0 7 948 1188 1652 301 0
0 3 10 3254 734 95 0 0 0 2 3 19 3395 674 3 0 0 225 3172 667 32 0 0 0
328 320 1117 2159 171 1 0 0 126 438 1032 1304 1120 76 0 0 455 2213 1367 61 0 0 0 0
0 35 907 2037 985 132 0 0 0 33 2038 1769 256 0 0 0 93 1994 1177 802 30 0 0 0
0 32 779 1490 1334 452 9 0 0 0 87 1508 1056 1061 384 0 0 333 1327 1253 930 253 0 0
0 0 121 106 117 1728 2024 0 0 0 0 98 150 640 2291 917 0 14 174 163 807 2005 933 0
591 370 737 624 864 395 515 0 151 695 172 1248 516 623 685 6 666 1099 797 753 180 551 50 0
897 946 586 996 658 13 0 0 268 1222 493 1101 453 531 28 0 784 1890 693 699 30 0 0 0
778 2390 90 63 144 312 319 0 291 2101 865 105 298 410 26 0 518 1726 1108 266 306 172 0 0
799 1591 971 200 424 111 0 0 159 1357 948 443 649 262 278 0 934 1406 434 1139 183 0 0 0
41 2421 1324 140 159 11 0 0 0 86 2801 730 296 167 16 0 280 2640 686 479 11 0 0 0
96 1240 2258 501 1 0 0 0 17 158 1066 1749 931 175 0 0 294 1049 1382 1001 367 3 0 0
439 2357 1291 9 0 0 0 0 5 1511 1204 1069 307 0 0 0 1253 1610 921 288 24 0 0 0
822 2184 913 177 0 0 0 0 302 2121 611 654 399 9 0 0 1902 1131 579 462 22 0 0 0
261 2756 1066 13 0 0 0 0 30 1738 1322 946 60 0 0 0 1829 1730 450 86 1 0 0 0
0 294 3140 520 142 0 0 0 0 0 358 3129 401 193 15 0 122 2749 650 414 152 9 0 0
0 55 1874 2087 80 0 0 0 0 5 301 2783 969 38 0 0 215 1350 1294 1162 75 0 0 0
0 114 3448 502 32 0 0 0 0 0 109 3572 372 43 0 0 80 2597 1078 309 32 0 0 0
489 589 2873 145 0 0 0 0 233 408 429 2808 218 0 0 0 716 2558 822 0 0 0 0 0
3278 817 1 0 0 0 0 0 1233 2832 31 0 0 0 0 0 3082 1009 5 0 0 0 0 0
2581 1252 24 25 149 65 0 0 814 2933 95 21 46 149 38 0 2454 1373 30 24 65 143 7 0
198 284 369 1118 1313 760 54 0 67 292 577 1118 1472 533 37 0 230 1098 1349 837 288 272 22 0
2010 802 119 196 368 308 133 160 833 1910 212 313 369 100 138 221 1228 1625 318 395 113 82 122 213
3316 780 0 0 0 0 0 0 1929 2161 6 0 0 0 0 0 1766 2308 22 0 0 0 0 0
3201 895 0 0 0 0 0 0 1665 2426 5 0 0 0 0 0 1722 2366 8 0 0 0 0 0
1349 2109 617 12 9 0 0 0 549 2141 937 452 12 5 0 0 682 3058 349 7 0 0 0 0
13 1044 2341 84 253 361 0 0 0 13 995 2399 73 345 271 0 266 2849 390 539 52 0 0 0
10 399 1302 1374 299 712 0 0 0 13 396 1094 1584 524 485 0 152 1393 1562 853 136 0 0 0
0 194 1481 1055 478 888 0 0 0 0 224 1109 1422 683 658 0 114 1339 1325 989 329 0 0 0
1 239 1647 776 462 971 0 0 0 25 734 1165 818 882 472 0 192 1396 966 1027 511 4 0 0
0 64 306 397 1159 2168 2 0 0 15 258 204 839 1463 1316 1 48 268 66 889 1540 404 877 4
0 90 498 409 750 2311 38 0 0 13 457 331 645 1532 1118 0 0 17 459 811 1600 470 739 0
466 904 187 229 799 1491 20 0 18 1186 252 205 453 1354 628 0 479 904 237 874 1015 521 66 0
357 498 618 1164 345 1114 0 0 0 653 248 591 1197 742 665 0 476 1111 1175 970 347 17 0 0
106 439 191 2238 266 855 1 0 1 436 146 183 2278 332 720 0 23 717 2334 408 614 0 0 0
694 1875 210 136 212 344 506 119 85 2251 418 141 158 304 728 11 672 2570 464 128 261 1 0 0
505 1834 240 222 307 362 543 83 76 2161 375 281 334 443 426 0 893 2736 453 13 1 0 0 0
376 991 238 2031 459 1 0 0 46 1196 151 673 2002 28 0 0 232 1702 2136 26 0 0 0 0
0 1 98 2752 1136 109 0 0 0 0 16 410 2747 905 18 0 0 96 2545 387 338 651 79 0
0 0 11 173 2257 1655 0 0 0 0 2 42 906 3070 76 0 0 0 0 18 429 2846 803 0
0 0 237 911 1321 1486 141 0 0 0 200 843 1369 1559 125 0 1 296 389 1071 933 845 561 0
1110 330 118 2534 4 0 0 0 687 684 117 120 2488 0 0 0 898 900 2187 86 25 0 0 0
2526 481 367 676 46 0 0 0 1854 1077 305 612 248 0 0 0 3604 491 1 0 0 0 0 0
1028 2139 571 338 20 0 0 0 229 2852 820 191 4 0 0 0 852 2886 302 55 1 0 0 0
68 1211 458 818 1164 372 5 0 0 771 683 482 1359 800 1 0 9 1056 1457 1070 504 0 0 0
0 0 11 2075 1151 742 117 0 0 0 52 1501 1937 535 71 0 0 680 2099 565 561 191 0 0
81 85 666 1111 723 838 592 0 6 127 678 1130 907 950 298 0 153 1115 893 595 846 494 0 0
1976 1333 567 209 11 0 0 0 580 2567 693 203 53 0 0 0 1087 2833 144 30 2 0 0 0
2768 1326 2 0 0 0 0 0 1414 2635 47 0 0 0 0 0 1258 2703 133 2 0 0 0 0
1191 1835 678 117 215 60 0 0 567 1757 866 427 211 150 118 0 978 1950 702 418 48 0 0 0
1665 1108 421 104 397 401 0 0 1166 790 1010 219 117 293 501 0 1839 1201 204 524 328 0 0 0
2032 393 389 282 328 672 0 0 1403 860 255 369 231 246 732 0 2046 674 357 666 353 0 0 0
1386 1126 343 153 330 758 0 0 1011 1208 335 280 175 341 746 0 2179 619 353 735 210 0 0 0
1189 1258 452 152 240 805 0 0 621 1540 329 370 214 294 728 0 1883 675 342 737 459 0 0 0
723 1408 764 133 199 869 0 0 518 1081 611 712 134 264 776 0 1616 949 487 657 387 0 0 0
41 137 1589 1145 250 933 1 0 1 75 231 2034 624 233 896 2 322 1544 663 638 914 15 0 0
0 127 1282 1202 501 953 31 0 0 19 381 1835 714 226 904 17 71 766 1590 708 847 114 0 0
0 104 2218 546 307 921 0 0 0 11 245 2313 394 230 903 0 53 1519 1286 474 764 0 0 0
284 291 2100 259 240 922 0 0 127 243 212 1997 373 235 909 0 426 1685 831 457 697 0 0 0
1991 741 99 112 193 960 0 0 600 2057 130 87 95 240 887 0 1971 841 133 504 645 2 0 0
1049 860 237 482 468 1000 0 0 257 1578 147 296 477 749 592 0 1285 710 375 1250 411 65 0 0
0 117 461 549 924 1821 224 0 0 50 466 790 802 1667 321 0 72 705 619 1786 576 325 13 0
2341 341 371 501 178 329 35 0 1822 838 506 354 126 266 184 0 2118 1219 198 263 232 65 1 0
4058 38 0 0 0 0 0 0 3888 208 0 0 0 0 0 0 3743 353 0 0 0 0 0 0
4026 70 0 0 0 0 0 0 3602 494 0 0 0 0 0 0 3358 738 0 0 0 0 0 0
3666 403 11 11 5 0 0 0 2954 1108 15 7 11 1 0 0 3047 1023 19 7 0 0 0 0
103 796 2414 93 199 491 0 0 27 175 714 2441 88 362 289 0 287 2655 500 476 178 0 0 0
2 563 2976 205 151 199 0 0 0 6 717 2850 204 267 52 0 150 2750 856 294 46 0 0 0
1 1171 2789 109 26 0 0 0 0 10 1325 2625 115 21 0 0 208 3218 650 20 0 0 0 0
0 320 3034 163 557 22 0 0 0 0 205 3178 245 468 0 0 140 2774 493 118 320 251 0 0
0 90 802 2651 475 78 0 0 0 28 340 2395 1152 181 0 0 2 238 1230 1878 568 180 0 0
3 996 751 1772 572 2 0 0 0 534 966 1225 1325 46 0 0 3 706 975 1592 807 13 0 0
433 745 280 1913 725 0 0 0 28 906 347 1026 1695 94 0 0 352 787 1222 1244 489 2 0 0
68 159 743 3115 11 0 0 0 4 161 69 488 3234 140 0 0 122 659 3125 190 0 0 0 0
1 58 185 3702 150 0 0 0 0 45 29 159 3815 48 0 0 9 417 3616 54 0 0 0 0
809 1154 230 270 411 900 318 4 238 1742 262 270 713 776 95 0 941 1661 437 698 359 0 0 0
1031 1483 476 297 330 216 249 14 455 2039 533 322 336 284 127 0 1461 2275 335 25 0 0 0 0
17 94 128 2502 606 734 15 0 1 97 63 574 3258 103 0 0 25 566 2631 766 108 0 0 0
108 289 172 2285 699 522 21 0 14 306 169 127 2286 770 395 29 466 530 1947 276 282 444 151 0
165 519 290 428 932 1546 216 0 31 524 285 303 598 1019 1045 291 557 1036 371 171 337 756 856 12
0 4 30 1435 947 1562 118 0 0 7 33 763 2185 972 88 48 21 534 1556 956 591 298 140 0
48 63 238 3747 0 0 0 0 36 71 171 717 3101 0 0 0 107 929 3059 1 0 0 0 0
2395 634 539 521 7 0 0 0 1828 1041 433 574 219 1 0 0 3145 889 62 0 0 0 0 0
765 2325 281 197 212 220 96 0 78 2822 463 263 248 197 25 0 470 3505 121 0 0 0 0 0
0 182 417 1207 1164 709 417 0 0 56 494 368 2020 1066 92 0 164 2056 1765 111 0 0 0 0
0 1 398 2099 1431 167 0 0 0 0 39 1218 2294 538 7 0 3 1089 2055 792 157 0 0 0
281 1773 247 87 638 874 196 0 33 1402 805 84 507 946 319 0 288 1824 321 474 827 362 0 0
648 816 260 322 818 1232 0 0 202 1272 369 639 1447 167 0 0 680 1226 931 1249 10 0 0 0
3592 437 49 18 0 0 0 0 2502 1545 39 10 0 0 0 0 2732 1353 11 0 0 0 0 0
1437 1511 892 256 0 0 0 0 562 2054 489 773 218 0 0 0 1125 2590 328 47 6 0 0 0
1598 2210 288 0 0 0 0 0 1111 1186 1782 17 0 0 0 0 2672 1423 1 0 0 0 0 0
904 1892 1023 276 1 0 0 0 403 1193 1708 559 232 1 0 0 2240 1640 206 10 0 0 0 0
2022 1280 288 506 0 0 0 0 1055 1803 558 369 311 0 0 0 2851 1158 87 0 0 0 0 0
1831 1648 264 301 52 0 0 0 916 2443 214 249 250 24 0 0 3170 674 213 39 0 0 0 0
1252 2106 736 2 0 0 0 0 601 2481 554 460 0 0 0 0 2966 1086 44 0 0 0 0 0
1125 836 1741 230 53 111 0 0 706 774 520 1765 161 46 84 40 1482 2209 301 100 4 0 0 0
1471 294 535 1020 188 586 2 0 1121 534 183 977 524 178 537 42 2394 422 831 433 16 0 0 0
1244 442 1967 252 73 118 0 0 761 634 351 1945 222 69 114 0 1430 1827 696 143 0 0 0 0
1438 644 2000 14 0 0 0 0 846 821 418 1928 83 0 0 0 1478 2180 438 0 0 0 0 0
3607 489 0 0 0 0 0 0 1720 2376 0 0 0 0 0 0 3638 458 0 0 0 0 0 0
2417 926 55 222 339 137 0 0 299 2999 73 82 234 395 14 0 2437 912 58 216 200 251 22 0
16 69 583 456 1402 977 581 12 2 45 442 429 678 1658 229 613 191 868 558 402 517 1387 173 0
294 371 836 2193 183 136 83 0 225 554 1468 1411 175 131 100 32 835 2715 258 70 105 99 14 0
3966 130 0 0 0 0 0 0 3300 796 0 0 0 0 0 0 3396 700 0 0 0 0 0 0
3879 217 0 0 0 0 0 0 3033 1063 0 0 0 0 0 0 3032 1064 0 0 0 0 0 0
1960 620 461 995 60 0 0 0 1769 819 1147 361 0 0 0 0 2083 1871 142 0 0 0 0 0
748 1541 1795 11 1 0 0 0 269 685 1308 1827 7 0 0 0 1000 2941 155 0 0 0 0 0
525 2019 1512 40 0 0 0 0 139 826 1741 1342 48 0 0 0 976 2839 281 0 0 0 0 0
176 2362 1556 2 0 0 0 0 0 686 2134 1263 13 0 0 0 726 3106 264 0 0 0 0 0
61 1506 1726 795 8 0 0 0 0 377 1601 2109 9 0 0 0 575 3315 198 5 3 0 0 0
40 262 1235 1827 709 23 0 0 27 107 1085 2061 558 258 0 0 534 1864 1066 347 246 39 0 0
105 383 181 2060 988 280 99 0 13 448 84 1389 1422 554 170 16 836 627 666 1416 547 4 0 0
155 645 854 2207 211 24 0 0 3 416 609 1327 1650 91 0 0 507 907 2062 592 28 0 0 0
147 684 1271 1991 3 0 0 0 1 323 591 1052 2114 15 0 0 224 1111 2627 134 0 0 0 0
468 182 346 3098 2 0 0 0 152 424 98 309 3105 8 0 0 326 580 3139 51 0 0 0 0
422 1204 244 943 621 647 15 0 111 1521 271 533 1503 157 0 0 250 1559 1379 841 67 0 0 0
1352 2706 17 19 2 0 0 0 383 3646 45 15 7 0 0 0 445 3521 130 0 0 0 0 0
189 288 475 2247 536 361 0 0 94 311 276 963 2451 1 0 0 202 976 2383 531 4 0 0 0
1350 1476 111 1159 0 0 0 0 430 2317 124 102 1123 0 0 0 851 2082 1153 10 0 0 0 0
1379 1036 191 630 529 316 15 0 733 1639 455 668 518 53 30 0 1050 1739 578 628 74 20 7 0
977 833 467 1476 195 145 3 0 325 1472 281 474 1480 60 4 0 946 1472 1392 163 101 20 2 0
212 112 220 3552 0 0 0 0 68 189 101 293 3445 0 0 0 200 605 3260 31 0 0 0 0
3232 373 303 188 0 0 0 0 2887 727 318 163 1 0 0 0 3215 755 126 0 0 0 0 0
47 760 670 900 1719 0 0 0 11 893 983 2126 83 0 0 0 84 1942 2009 61 0 0 0 0
0 74 207 976 2219 618 2 0 0 12 229 1283 1976 532 64 0 379 1173 1651 743 144 6 0 0
0 48 351 1373 1579 742 3 0 0 20 112 1099 1471 1279 115 0 19 827 1015 1232 967 36 0 0
15 293 262 1240 1964 322 0 0 1 183 266 711 2428 507 0 0 56 722 2219 748 351 0 0 0
1000 593 223 535 1108 637 0 0 418 1133 284 968 1285 8 0 0 1294 953 1160 689 0 0 0 0
1793 1115 52 123 487 159 367 0 604 2268 68 64 292 335 144 321 2064 2020 12 0 0 0 0 0
305 832 933 1244 235 126 420 1 15 808 369 610 1237 410 238 409 328 2013 1293 259 106 74 23 0
26 923 1520 1611 16 0 0 0 0 77 846 1232 1599 342 0 0 525 2841 571 108 44 7 0 0
78 658 1677 1423 251 9 0 0 0 61 661 1226 1201 699 193 55 582 1885 1033 261 147 164 24 0
87 798 1789 1273 121 28 0 0 3 192 872 1100 1308 505 80 36 937 2178 705 84 106 62 24 0
206 853 1617 1388 32 0 0 0 8 429 703 1296 1488 172 0 0 1151 2587 328 29 1 0 0 0
255 666 1571 1587 17 0 0 0 21 515 488 1202 1659 211 0 0 1211 2764 107 14 0 0 0 0
1157 584 1156 1081 118 0 0 0 463 804 493 916 1121 299 0 0 1491 2492 113 0 0 0 0 0
3633 160 143 155 5 0 0 0 3098 667 143 51 127 10 0 0 3567 518 11 0 0 0 0 0
1398 699 774 1213 12 0 0 0 945 739 526 793 1031 62 0 0 1769 2128 170 29 0 0 0 0
69 668 1012 2314 33 0 0 0 16 102 438 967 2519 54 0 0 752 3313 31 0 0 0 0 0
544 581 1351 1614 6 0 0 0 75 623 351 1115 1931 1 0 0 1534 2559 3 0 0 0 0 0
991 812 905 1384 4 0 0 0 162 1406 235 796 1497 0 0 0 1775 2296 25 0 0 0 0 0
607 3373 53 24 9 20 10 0 40 3786 193 24 16 14 19 4 316 3710 70 0 0 0 0 0
640 1029 783 1505 105 33 1 0 161 1438 1182 1103 83 81 48 0 1675 2292 121 8 0 0 0 0
2058 830 178 211 649 170 0 0 1022 1773 168 152 204 538 239 0 3110 983 3 0 0 0 0 0
2329 817 164 261 434 91 0 0 1286 1813 141 167 284 405 0 0 3195 900 1 0 0 0 0 0
639 587 952 1551 354 13 0 0 333 921 1494 1105 161 82 0 0 1220 2734 142 0 0 0 0 0
142 1307 1116 1527 4 0 0 0 0 437 1065 956 1638 0 0 0 1000 2940 156 0 0 0 0 0
350 1508 560 1654 24 0 0 0 26 669 1194 538 1666 3 0 0 1033 2891 172 0 0 0 0 0
55 1291 660 2074 16 0 0 0 0 448 889 490 2260 9 0 0 776 3123 197 0 0 0 0 0
98 1012 589 2354 43 0 0 0 0 430 801 1454 1411 0 0 0 825 3124 147 0 0 0 0 0
2081 1060 381 526 48 0 0 0 1098 2033 437 455 73 0 0 0 2118 1892 86 0 0 0 0 0
2657 1439 0 0 0 0 0 0 1158 2935 3 0 0 0 0 0 1870 2226 0 0 0 0 0 0
1155 1142 766 1033 0 0 0 0 361 1432 593 760 936 14 0 0 1270 2613 204 9 0 0 0 0
160 996 1119 1818 3 0 0 0 15 579 662 949 1876 15 0 0 468 3396 232 0 0 0 0 0
539 628 955 1927 47 0 0 0 76 662 433 922 1949 54 0 0 541 3285 270 0 0 0 0 0
376 1213 580 935 406 475 111 0 85 1289 637 605 1127 353 0 0 347 2427 583 487 252 0 0 0
1334 1398 417 865 80 2 0 0 756 1913 537 567 323 0 0 0 1328 2494 242 28 4 0 0 0
504 564 954 1793 212 69 0 0 291 517 930 1136 1222 0 0 0 911 2441 669 75 0 0 0 0
2064 1309 365 350 8 0 0 0 654 2548 274 291 329 0 0 0 1299 2740 57 0 0 0 0 0
3023 772 211 90 0 0 0 0 2184 1613 187 110 2 0 0 0 2660 1292 115 29 0 0 0 0
1562 1336 664 534 0 0 0 0 553 2043 438 679 383 0 0 0 1249 2512 255 79 1 0 0 0
1160 759 1046 1129 2 0 0 0 628 754 681 994 1038 1 0 0 1434 2483 179 0 0 0 0 0
405 731 1936 1022 2 0 0 0 195 503 1638 1537 223 0 0 0 901 3006 189 0 0 0 0 0
1439 966 722 605 364 0 0 0 1054 1676 848 516 2 0 0 0 1441 2300 355 0 0 0 0 0
92 315 490 1118 1952 129 0 0 80 463 901 2238 414 0 0 0 461 1376 1903 356 0 0 0 0
162 1665 1051 985 233 0 0 0 19 1704 1406 874 93 0 0 0 143 2293 1579 79 2 0 0 0
7 353 177 685 2498 376 0 0 0 330 147 1612 1819 188 0 0 76 710 2085 1146 79 0 0 0
1765 850 308 924 249 0 0 0 767 1618 236 235 648 592 0 0 1909 1729 454 4 0 0 0 0
2277 1488 58 52 108 84 29 0 917 2757 131 32 62 93 82 22 1769 2255 72 0 0 0 0 0
870 1539 189 535 963 0 0 0 306 1848 349 122 168 1287 16 0 585 2043 1434 34 0 0 0 0
0 0 0 1030 3066 0 0 0 0 0 0 0 48 4013 35 0 0 1289 2806 1 0 0 0 0
2 42 81 786 3185 0 0 0 0 5 50 73 123 3821 24 0 48 1632 2416 0 0 0 0 0
0 338 122 727 2909 0 0 0 0 68 317 75 141 3484 11 0 189 1757 2148 2 0 0 0 0
6 566 143 762 2619 0 0 0 0 197 406 128 335 3029 1 0 378 2604 1114 0 0 0 0 0
22 519 162 1005 2388 0 0 0 0 237 359 131 462 2906 1 0 451 2586 1059 0 0 0 0 0
0 412 270 557 2853 4 0 0 0 0 494 185 429 2980 8 0 240 3073 783 0 0 0 0 0
0 134 518 1950 1483 11 0 0 0 2 1074 1133 519 1367 1 0 743 2583 770 0 0 0 0 0
0 143 441 2138 1374 0 0 0 0 1 753 1633 403 1306 0 0 487 3183 425 1 0 0 0 0
4 326 353 711 2701 1 0 0 0 19 285 375 664 2752 1 0 224 3294 578 0 0 0 0 0
212 403 144 1143 2194 0 0 0 1 471 167 139 1428 1890 0 0 596 3420 80 0 0 0 0 0
225 661 187 888 2133 2 0 0 13 748 207 204 1439 1485 0 0 621 2906 567 2 0 0 0 0
358 1657 188 872 1014 7 0 0 52 1899 484 1102 433 126 0 0 687 3002 406 1 0 0 0 0
1266 1788 434 484 124 0 0 0 305 2707 544 509 31 0 0 0 1860 1985 251 0 0 0 0 0
2137 1959 0 0 0 0 0 0 624 3472 0 0 0 0 0 0 2232 1864 0 0 0 0 0 0
2380 1716 0 0 0 0 0 0 970 3126 0 0 0 0 0 0 2615 1480 1 0 0 0 0 0
240 1343 708 1305 500 0 0 0 48 1521 923 712 809 83 0 0 697 3146 253 0 0 0 0 0
0 0 61 2438 1561 36 0 0 0 0 0 103 3259 698 36 0 101 3155 782 58 0 0 0 0
0 0 0 2063 1996 37 0 0 0 0 0 0 2940 1137 19 0 24 3197 776 99 0 0 0 0
0 0 0 2275 1821 0 0 0 0 0 0 0 3392 704 0 0 27 3593 476 0 0 0 0 0
0 111 183 2468 1334 0 0 0 0 115 206 327 3096 352 0 0 123 3523 442 8 0 0 0 0
1951 1215 310 536 84 0 0 0 803 2321 251 236 471 14 0 0 2046 1911 125 14 0 0 0 0
3401 695 0 0 0 0 0 0 2249 1847 0 0 0 0 0 0 2779 1317 0 0 0 0 0 0
1474 470 146 1881 125 0 0 0 768 1139 80 262 1841 6 0 0 1765 2251 80 0 0 0 0 0
0 0 25 3078 993 0 0 0 0 0 0 98 3777 221 0 0 103 3623 370 0 0 0 0 0
0 0 16 2305 1775 0 0 0 0 0 0 42 3741 313 0 0 20 3197 879 0 0 0 0 0
0 0 0 1508 2405 182 1 0 0 0 4 1549 2403 140 0 0 9 1764 2110 201 12 0 0 0
0 0 105 3106 885 0 0 0 0 1 674 1069 2199 153 0 0 378 3175 543 0 0 0 0 0
0 0 172 3010 914 0 0 0 0 1 402 427 3130 136 0 0 247 3413 436 0 0 0 0 0
66 109 304 3020 597 0 0 0 29 153 1189 975 1703 47 0 0 448 3502 146 0 0 0 0 0
34 57 555 3086 364 0 0 0 28 65 1317 728 1941 17 0 0 476 3159 461 0 0 0 0 0
0 2 250 3758 86 0 0 0 0 9 1269 1236 1582 0 0 0 299 3644 153 0 0 0 0 0
0 0 65 3974 57 0 0 0 0 0 0 428 3667 1 0 0 32 3707 357 0 0 0 0 0
28 226 854 2960 28 0 0 0 5 78 350 1464 2175 24 0 0 164 3170 699 62 1 0 0 0
2992 1104 0 0 0 0 0 0 1369 2727 0 0 0 0 0 0 2084 2012 0 0 0 0 0 0
1734 1728 462 171 1 0 0 0 954 2667 465 10 0 0 0 0 1771 2270 55 0 0 0 0 0
265 494 1159 2156 22 0 0 0 145 861 2377 713 0 0 0 0 386 1987 1711 12 0 0 0 0
1487 1209 589 564 247 0 0 0 519 2078 808 341 238 112 0 0 1219 2252 538 87 0 0 0 0
3884 212 0 0 0 0 0 0 2930 1160 6 0 0 0 0 0 3522 574 0 0 0 0 0 0
3264 832 0 0 0 0 0 0 1842 2254 0 0 0 0 0 0 2218 1878 0 0 0 0 0 0
2194 1030 100 115 645 12 0 0 1435 1607 242 88 129 583 12 0 1831 1512 656 97 0 0 0 0
20 627 152 190 2999 108 0 0 0 128 537 136 163 2918 214 0 242 1347 2506 1 0 0 0 0
9 473 148 91 3150 225 0 0 0 62 466 100 83 3005 380 0 186 1051 2859 0 0 0 0 0
6 128 82 80 3655 145 0 0 0 0 131 74 74 3608 209 0 126 1346 2624 0 0 0 0 0
0 0 5 35 3902 154 0 0 0 0 0 5 24 3936 131 0 5 1776 2310 5 0 0 0 0
0 0 0 0 3939 157 0 0 0 0 0 0 0 3901 195 0 0 1275 2753 68 0 0 0 0
0 0 0 0 3906 190 0 0 0 0 0 0 0 3903 193 0 0 1102 2918 76 0 0 0 0
0 0 0 794 2700 594 8 0 0 0 1 736 162 2777 414 6 199 1162 1982 245 370 137 1 0
0 0 13 695 2870 506 12 0 0 0 3 695 155 3036 205 2 97 1366 1843 330 397 63 0 0
0 0 0 0 3779 270 47 0 0 0 0 0 1 3819 238 38 0 1642 2139 73 107 109 26 0
0 0 0 9 4014 73 0 0 0 0 0 0 25 4059 12 0 1 2389 1691 15 0 0 0 0
0 0 0 6 3027 1063 0 0 0 0 0 51 1357 2682 6 0 0 519 3347 230 0 0 0 0
0 0 0 299 2997 800 0 0 0 0 16 979 992 2097 12 0 19 1222 2459 396 0 0 0 0
826 2101 145 187 717 120 0 0 56 2834 200 540 428 38 0 0 1679 1828 588 1 0 0 0 0
1571 2525 0 0 0 0 0 0 300 3791 5 0 0 0 0 0 2126 1970 0 0 0 0 0 0
1876 2220 0 0 0 0 0 0 502 3591 3 0 0 0 0 0 2612 1484 0 0 0 0 0 0
156 1844 354 477 1210 55 0 0 8 1984 415 252 784 653 0 0 739 2701 617 39 0 0 0 0
0 0 53 431 2470 889 253 0 0 0 7 90 1152 2213 533 101 80 1694 1375 434 369 144 0 0
0 0 0 281 2987 764 64 0 0 0 0 21 1050 2768 257 0 18 1644 1812 399 174 49 0 0
0 0 0 482 3118 496 0 0 0 0 0 26 1426 2642 2 0 20 2228 1845 3 0 0 0 0
0 0 0 589 2980 527 0 0 0 0 0 8 1473 2614 1 0 28 2410 1652 6 0 0 0 0
791 517 268 997 1118 405 0 0 342 906 269 851 623 1105 0 0 1113 1562 1387 34 0 0 0 0
1262 480 156 1394 790 14 0 0 799 940 288 1841 228 0 0 0 1386 1859 816 35 0 0 0 0
395 201 102 721 2447 230 0 0 200 367 52 418 1779 1280 0 0 643 2162 1264 27 0 0 0 0
0 0 8 490 2824 774 0 0 0 0 0 8 1467 2621 0 0 58 2062 1934 42 0 0 0 0
0 0 0 263 2847 986 0 0 0 0 0 2 1065 3026 3 0 3 1083 2953 57 0 0 0 0
0 0 0 720 2613 518 245 0 0 0 0 1155 1128 1534 202 77 27 1267 2322 164 67 68 175 6
0 0 22 904 2594 576 0 0 0 0 40 604 1143 2264 45 0 85 1470 2053 299 189 0 0 0
0 1 23 541 3045 486 0 0 0 0 55 258 1833 1950 0 0 44 1420 2380 206 44 2 0 0
0 0 45 1791 1971 289 0 0 0 0 465 1193 1305 1133 0 0 176 2293 1591 36 0 0 0 0
0 0 114 1886 1822 274 0 0 0 0 527 741 1930 898 0 0 204 2319 1545 28 0 0 0 0
0 0 85 2430 1522 59 0 0 0 0 559 2329 968 240 0 0 186 2776 1130 4 0 0 0 0
0 0 0 1492 2510 94 0 0 0 0 0 81 3230 785 0 0 8 2149 1918 21 0 0 0 0
75 100 133 1639 1981 168 0 0 19 112 80 517 2910 458 0 0 249 2261 1583 3 0 0 0 0
2331 1765 0 0 0 0 0 0 417 3677 2 0 0 0 0 0 1168 2923 5 0 0 0 0 0
2167 1756 154 19 0 0 0 0 980 2895 138 75 8 0 0 0 2085 1984 27 0 0 0 0 0
719 811 1332 198 936 100 0 0 349 1279 1234 184 80 857 113 0 1654 1403 883 156 0 0 0 0
853 749 583 1286 614 11 0 0 333 1145 596 1416 85 462 59 0 1097 2195 762 42 0 0 0 0
2850 647 292 306 1 0 0 0 2039 1479 495 73 10 0 0 0 2930 1147 19 0 0 0 0 0
3117 842 67 58 12 0 0 0 1973 1999 68 44 11 1 0 0 2533 1551 12 0 0 0 0 0
1810 761 81 103 792 549 0 0 967 1558 96 78 105 1167 125 0 1662 1067 1242 125 0 0 0 0
0 0 0 0 2750 1346 0 0 0 0 0 0 0 3634 462 0 0 164 3814 118 0 0 0 0
0 0 0 0 2367 1729 0 0 0 0 0 0 0 3486 610 0 0 232 3767 97 0 0 0 0
0 0 0 0 2039 2057 0 0 0 0 0 0 0 3397 699 0 0 248 3695 153 0 0 0 0
0 0 0 0 1901 2195 0 0 0 0 0 0 0 3535 561 0 0 193 3786 117 0 0 0 0
0 0 0 0 2169 1927 0 0 0 0 0 0 1 3815 280 0 0 757 3299 40 0 0 0 0
0 0 0 0 2660 1430 6 0 0 0 0 0 5 3806 285 0 0 1006 2837 253 0 0 0 0
0 50 49 160 1568 2104 165 0 0 18 56 56 257 2553 1081 75 22 383 2134 1148 149 157 103 0
0 0 3 93 1435 2412 153 0 0 0 0 9 183 2564 1340 0 0 355 2170 1465 106 0 0 0
0 13 50 117 822 2835 259 0 0 0 25 63 170 2342 1428 68 12 223 2077 1420 144 174 46 0
0 0 0 0 2311 1785 0 0 0 0 0 0 0 3772 324 0 0 417 3197 482 0 0 0 0
0 0 0 0 1437 2165 435 59 0 0 0 71 882 2098 854 191 0 115 2100 1270 116 122 288 85
0 0 0 24 573 2502 993 4 0 0 0 61 561 1163 2282 29 5 134 514 2182 1055 104 97 5
143 1780 131 541 689 556 233 23 5 1836 206 576 820 303 284 66 531 1863 680 404 188 156 227 47
546 2346 122 563 178 288 53 0 45 2800 196 634 72 278 71 0 1384 2152 270 284 6 0 0 0
729 2240 141 593 245 115 33 0 107 2806 202 758 68 88 67 0 1929 1650 387 130 0 0 0 0
11 1469 187 60 228 1857 284 0 1 1165 489 50 73 1534 784 0 431 1234 788 1643 0 0 0 0
0 0 0 0 96 2689 1311 0 0 0 0 0 0 1986 2110 0 0 0 1064 3005 27 0 0 0
0 0 0 0 33 2540 1523 0 0 0 0 0 0 1749 2347 0 0 2 808 3239 47 0 0 0
0 0 0 0 32 2515 1549 0 0 0 0 0 0 1797 2299 0 0 1 1063 3012 20 0 0 0
0 0 0 0 8 3070 1018 0 0 0 0 0 0 2127 1969 0 0 2 1050 3039 5 0 0 0
0 0 2 319 134 3039 602 0 0 0 16 316 101 2900 763 0 1 261 1035 2788 11 0 0 0
0 0 7 1744 1736 609 0 0 0 0 134 2156 1699 107 0 0 22 1544 1687 818 25 0 0 0
0 0 0 228 980 2639 249 0 0 0 0 888 419 2488 301 0 0 350 1656 2090 0 0 0 0
0 0 0 0 63 3489 544 0 0 0 0 0 16 3227 853 0 0 6 865 3219 6 0 0 0
0 0 0 106 822 2678 490 0 0 0 0 11 514 2758 813 0 0 290 1079 2724 3 0 0 0
0 41 123 473 1205 1741 512 1 0 11 113 214 930 1965 828 35 35 708 699 1390 433 640 183 8
0 0 67 974 682 2290 83 0 0 0 0 251 1195 2478 172 0 8 936 848 2219 49 36 0 0
0 12 47 69 425 3192 350 1 0 4 50 48 325 3181 479 9 4 87 629 2544 368 370 94 0
0 12 32 737 496 2681 138 0 0 3 93 729 378 2680 201 12 30 581 1046 2214 42 41 142 0
0 0 6 767 515 2651 157 0 0 0 196 607 300 2739 254 0 62 722 1498 1502 61 83 157 11
0 0 4 883 1288 1849 72 0 0 0 35 1681 358 1860 162 0 12 1107 1694 1066 69 73 75 0
0 0 0 12 317 3767 0 0 0 0 0 1 184 3909 2 0 0 30 1816 2250 0 0 0 0
0 0 0 49 843 3204 0 0 0 0 0 29 590 3477 0 0 0 41 1880 2175 0 0 0 0
1690 1927 281 197 1 0 0 0 368 3206 322 197 3 0 0 0 1375 2677 44 0 0 0 0 0
2043 1258 188 560 47 0 0 0 1214 2069 421 392 0 0 0 0 2096 1898 102 0 0 0 0 0
5 187 1328 373 1107 1096 0 0 0 191 1361 238 233 2040 33 0 585 1231 2081 197 2 0 0 0
0 0 201 2393 751 751 0 0 0 0 260 2208 197 1402 29 0 375 2231 1416 74 0 0 0 0
3 11 756 2021 859 446 0 0 0 6 903 1988 817 382 0 0 364 2284 1024 423 1 0 0 0
23 117 507 1216 1234 993 6 0 10 141 764 1523 1360 298 0 0 315 1031 1137 1182 431 0 0 0
0 0 34 168 268 3620 6 0 0 0 0 143 240 2457 1256 0 1 124 2763 1201 7 0 0 0
0 0 34 124 155 3754 29 0 0 0 1 104 127 1376 2488 0 0 76 2282 1738 0 0 0 0
0 0 0 0 9 3349 738 0 0 0 0 0 0 812 3284 0 0 0 1235 2849 12 0 0 0
0 0 0 0 0 2239 1857 0 0 0 0 0 0 648 3448 0 0 0 921 3132 43 0 0 0
0 0 0 0 0 2050 2046 0 0 0 0 0 0 417 3679 0 0 0 617 3236 243 0 0 0
0 0 0 0 0 1477 2619 0 0 0 0 0 0 306 3789 1 0 0 254 3263 579 0 0 0
0 0 0 0 0 1067 3029 0 0 0 0 0 0 66 4030 0 0 0 32 3104 960 0 0 0
0 0 0 0 0 455 3641 0 0 0 0 0 0 31 4065 0 0 0 43 3051 1002 0 0 0
0 0 0 0 0 301 3795 0 0 0 0 0 0 23 4072 1 0 0 70 3416 610 0 0 0
0 0 0 0 0 320 3776 0 0 0 0 0 0 57 4038 1 0 0 15 3755 326 0 0 0
0 0 0 0 61 691 3344 0 0 0 0 0 0 220 3876 0 0 0 105 3417 574 0 0 0
0 0 0 20 633 930 2498 15 0 0 0 10 61 1088 2777 160 0 1 579 1363 1690 242 148 73
0 0 27 63 543 1006 2427 30 0 0 23 62 106 1291 2448 166 0 30 297 1246 2143 122 195 63
0 0 6 383 2403 544 760 0 0 0 5 377 2292 609 812 1 0 320 2314 911 514 30 7 0
0 0 21 730 1009 1439 893 4 0 0 12 1108 654 1196 992 134 5 635 1114 1833 100 96 277 36
0 0 0 977 2266 745 108 0 0 0 0 2037 1221 614 224 0 4 1241 2017 834 0 0 0 0
0 0 0 0 0 2627 1469 0 0 0 0 0 0 2359 1737 0 0 0 21 4066 9 0 0 0
0 0 0 0 0 2107 1989 0 0 0 0 0 0 1759 2337 0 0 0 4 4076 16 0 0 0
0 0 0 0 0 1606 2490 0 0 0 0 0 0 1028 3068 0 0 0 23 3923 150 0 0 0
0 0 0 0 0 963 3133 0 0 0 0 0 0 510 3586 0 0 0 0 3965 131 0 0 0
0 0 0 0 0 1394 2702 0 0 0 0 0 0 673 3423 0 0 0 11 3980 105 0 0 0
0 0 0 19 92 2261 1724 0 0 0 0 29 83 1993 1991 0 0 29 138 3831 98 0 0 0
0 0 4 767 1816 1432 77 0 0 0 26 1840 439 1495 296 0 8 1385 902 1340 461 0 0 0
0 0 1 202 553 2753 587 0 0 0 0 474 106 2617 899 0 0 243 437 2832 553 31 0 0
0 0 0 0 0 3078 1018 0 0 0 0 0 0 2935 1161 0 0 0 336 3739 21 0 0 0
0 0 0 0 0 2628 1468 0 0 0 0 0 0 2370 1726 0 0 0 114 3930 52 0 0 0
0 0 0 0 0 2097 1999 0 0 0 0 0 0 1977 2119 0 0 0 32 3671 393 0 0 0
0 0 0 0 0 3187 909 0 0 0 0 0 0 3159 937 0 0 0 294 3790 12 0 0 0
0 0 16 43 482 3377 178 0 0 1 20 24 376 3474 201 0 0 208 640 3246 2 0 0 0
0 491 910 699 601 1391 4 0 0 280 906 712 685 1500 13 0 20 804 1411 1665 156 40 0 0
2 596 666 1185 526 1121 0 0 0 345 747 452 1400 1152 0 0 154 1762 1120 1001 40 17 2 0
31 840 1314 810 489 536 76 0 3 535 1346 812 821 481 98 0 160 1266 1646 730 140 61 91 2
0 0 0 13 124 3956 3 0 0 0 0 8 101 3983 4 0 0 15 975 3106 0 0 0 0
0 0 0 0 323 3773 0 0 0 0 0 0 614 3482 0 0 0 0 1529 2567 0 0 0 0
0 0 124 3105 799 67 1 0 0 0 541 3301 193 60 1 0 131 2766 1093 105 1 0 0 0
0 8 182 2511 1395 0 0 0 0 6 526 3526 38 0 0 0 79 2581 1425 11 0 0 0 0
0 302 635 430 488 2238 3 0 0 144 914 367 337 2203 131 0 223 870 1835 1146 22 0 0 0
0 0 33 396 129 3326 212 0 0 0 114 291 80 2548 1063 0 94 407 1231 2361 3 0 0 0
0 175 663 2272 940 46 0 0 0 12 979 2721 365 16 3 0 149 2381 1385 174 7 0 0 0
0 0 11 428 2078 945 612 22 0 0 31 1443 1810 152 455 205 9 297 1343 1608 111 148 420 160
0 0 0 0 127 1380 2589 0 0 0 0 20 338 511 3227 0 0 0 112 3244 551 103 86 0
0 0 22 57 43 805 3169 0 0 0 1 54 36 189 3816 0 0 44 68 3402 582 0 0 0
0 0 40 155 168 501 3232 0 0 0 4 138 150 289 3515 0 6 106 207 3390 387 0 0 0
0 0 91 135 134 500 3236 0 0 0 26 155 114 332 3469 0 14 121 166 2958 837 0 0 0
0 0 75 148 132 406 3335 0 0 0 33 153 135 227 3548 0 3 135 171 2217 1570 0 0 0
0 0 64 151 127 393 3361 0 0 0 13 171 118 263 3531 0 12 115 172 1878 1919 0 0 0
0 0 55 152 145 415 3329 0 0 0 4 169 137 256 3530 0 2 112 186 2153 1643 0 0 0
0 0 41 146 151 322 3436 0 0 0 5 161 133 246 3551 0 0 104 177 2491 1324 0 0 0
0 0 62 165 144 388 3337 0 0 0 22 165 142 282 3485 0 5 132 199 2487 1273 0 0 0
0 0 52 147 117 269 3511 0 0 0 10 162 111 246 3567 0 3 103 167 2035 1788 0 0 0
0 0 0 0 9 85 4002 0 0 0 0 0 8 88 4000 0 0 0 9 1773 2314 0 0 0
0 0 0 0 124 390 3582 0 0 0 0 0 0 507 3589 0 0 5 312 1892 1887 0 0 0
0 0 0 0 301 788 3007 0 0 0 0 0 54 891 3150 1 0 22 280 1076 2715 3 0 0
0 0 0 50 2525 637 884 0 0 0 0 1 2473 974 648 0 0 219 2248 1386 243 0 0 0
0 42 626 328 1206 1409 483 2 0 5 481 541 1718 924 417 10 20 438 1496 1965 101 23 45 8
0 0 0 562 2882 446 206 0 0 0 0 2784 681 448 183 0 17 2044 1459 563 13 0 0 0
0 0 0 0 0 2000 2096 0 0 0 0 0 0 2233 1863 0 0 0 4 3914 178 0 0 0
0 0 0 0 0 1493 2603 0 0 0 0 0 0 1583 2513 0 0 0 20 3979 97 0 0 0
0 0 0 0 0 1775 2321 0 0 0 0 0 0 1379 2717 0 0 0 5 3970 121 0 0 0
0 0 0 0 298 2112 1686 0 0 0 0 0 14 2006 2076 0 0 208 376 3463 49 0 0 0
0 0 3 112 1575 1620 786 0 0 0 0 6 668 2186 1236 0 0 1041 733 2205 86 31 0 0
0 98 296 461 841 1839 561 0 0 29 227 295 717 1490 1322 16 16 463 637 2128 436 368 48 0
0 221 816 519 776 1549 215 0 0 39 603 786 489 1741 428 10 119 689 635 1167 987 413 86 0
0 227 449 349 348 2449 274 0 0 122 436 322 338 2392 485 1 66 451 697 2375 311 166 30 0
0 0 0 0 0 3914 182 0 0 0 0 0 0 3858 238 0 0 0 314 3781 1 0 0 0
0 0 0 0 0 3847 249 0 0 0 0 0 0 3690 406 0 0 0 381 3715 0 0 0 0
0 0 0 0 0 3594 502 0 0 0 0 0 1 3795 300 0 0 0 166 3929 1 0 0 0
0 0 0 0 0 3953 143 0 0 0 0 0 2 4010 84 0 0 0 429 3664 3 0 0 0
0 0 0 0 1 4052 43 0 0 0 0 0 1 4071 24 0 0 0 921 3174 1 0 0 0
0 0 0 0 2 4083 11 0 0 0 0 0 7 4088 1 0 0 0 942 3154 0 0 0 0
0 0 0 0 37 4052 7 0 0 0 0 0 160 3933 3 0 0 0 1437 2657 2 0 0 0
0 0 0 0 113 3980 3 0 0 0 0 0 331 3765 0 0 0 0 1557 2539 0 0 0 0
0 0 0 0 121 3975 0 0 0 0 0 0 369 3727 0 0 0 3 2321 1772 0 0 0 0
0 0 0 0 359 3737 0 0 0 0 0 0 573 3523 0 0 0 3 2761 1332 0 0 0 0
0 0 17 943 1909 1211 16 0 0 0 18 1984 601 1385 108 0 101 729 1933 1271 62 0 0 0
0 75 321 1883 1477 338 2 0 0 27 465 2941 360 303 0 0 93 1793 1769 441 0 0 0 0
147 1420 443 161 182 1738 5 0 10 1196 734 195 161 1772 28 0 498 1403 677 1516 2 0 0 0
0 148 236 152 358 3164 38 0 0 48 247 189 206 3241 165 0 11 255 700 3117 13 0 0 0
20 886 768 202 255 1745 220 0 0 359 1134 324 238 1713 328 0 185 1372 711 1819 9 0 0 0
0 137 393 484 875 1282 911 14 0 19 350 458 559 1472 956 282 4 353 596 1081 757 426 606 273
0 32 188 217 616 2066 977 0 0 16 179 188 481 1947 1129 156 0 144 204 1747 1288 318 295 100
0 0 0 0 0 1318 2778 0 0 0 0 0 0 1156 2940 0 0 0 0 3853 243 0 0 0
0 0 0 0 0 707 3389 0 0 0 0 0 0 465 3631 0 0 0 2 3875 219 0 0 0
0 0 0 0 0 277 3819 0 0 0 0 0 0 191 3905 0 0 0 0 3332 764 0 0 0
0 0 0 0 0 245 3851 0 0 0 0 0 0 158 3938 0 0 0 0 2601 1495 0 0 0
0 0 0 0 0 138 3958 0 0 0 0 0 0 112 3984 0 0 0 0 2013 2083 0 0 0
0 0 0 0 0 43 4053 0 0 0 0 0 0 33 4063 0 0 0 0 2107 1989 0 0 0
0 0 0 0 0 5 4091 0 0 0 0 0 0 5 4091 0 0 0 0 2346 1750 0 0 0
0 0 0 0 0 15 4081 0 0 0 0 0 0 6 4090 0 0 0 0 1946 2150 0 0 0
0 1 10 25 44 142 3874 0 0 0 4 24 25 85 3958 0 3 24 52 2100 1917 0 0 0
0 0 41 191 135 342 3387 0 0 0 11 198 138 307 3442 0 0 97 229 1951 1819 0 0 0
0 0 3 208 161 394 3330 0 0 0 0 172 168 410 3346 0 0 58 285 1247 2506 0 0 0
0 0 9 203 184 357 3343 0 0 0 5 158 208 388 3337 0 0 59 267 1695 2075 0 0 0
0 0 14 160 1289 625 1983 25 0 0 4 137 1320 575 1957 103 0 184 1225 1712 496 289 162 28
0 0 45 197 652 1239 1921 42 0 0 20 202 805 1155 1821 93 0 73 554 2682 434 131 195 27
0 0 17 555 1835 1276 413 0 0 0 10 1475 914 1097 600 0 6 1152 1314 1186 438 0 0 0
0 0 54 247 245 1741 1809 0 0 0 18 253 211 2009 1605 0 10 214 424 3430 18 0 0 0
0 0 78 185 140 2376 1317 0 0 0 14 217 170 2411 1284 0 4 174 290 3602 26 0 0 0
0 0 0 12 22 2098 1964 0 0 0 0 12 23 2298 1763 0 0 4 213 3862 17 0 0 0
0 0 0 0 26 2067 2003 0 0 0 0 0 2 2033 2061 0 0 0 247 3847 2 0 0 0
0 1 62 55 151 2295 1532 0 0 0 33 64 69 2622 1308 0 8 102 515 3450 21 0 0 0
0 54 239 194 388 1489 1732 0 0 33 217 200 281 2098 1267 0 32 231 426 3074 272 60 1 0
0 77 143 133 244 1743 1756 0 0 28 148 148 237 2472 1063 0 16 164 341 3354 203 18 0 0
0 0 0 0 32 3275 789 0 0 0 0 0 42 3576 478 0 0 0 567 3527 2 0 0 0
0 0 0 0 0 3898 198 0 0 0 0 0 1 3874 221 0 0 0 765 3331 0 0 0 0
0 0 0 0 0 3988 108 0 0 0 0 0 3 3963 130 0 0 3 866 3227 0 0 0 0
0 0 0 0 3 3989 104 0 0 0 0 0 13 4024 59 0 0 0 1504 2592 0 0 0 0
0 0 0 0 0 4067 29 0 0 0 0 0 6 4088 2 0 0 0 1422 2674 0 0 0 0
0 0 0 0 4 4090 2 0 0 0 0 0 33 4063 0 0 0 0 1636 2460 0 0 0 0
0 0 0 0 3 4090 3 0 0 0 0 0 21 4075 0 0 0 0 1199 2897 0 0 0 0
0 0 0 0 7 4087 2 0 0 0 0 0 25 4071 0 0 0 0 1181 2915 0 0 0 0
0 0 0 0 8 4083 5 0 0 0 0 0 44 4051 1 0 0 0 1544 2552 0 0 0 0
0 0 0 0 6 4090 0 0 0 0 0 0 55 4041 0 0 0 0 1792 2304 0 0 0 0
0 0 0 0 120 3976 0 0 0 0 0 0 414 3682 0 0 0 0 2598 1498 0 0 0 0
0 0 0 59 2455 1515 67 0 0 0 0 460 1046 2412 178 0 0 241 2165 1659 31 0 0 0
0 0 10 546 1073 1529 868 70 0 0 19 659 493 1833 949 143 25 339 557 1196 759 483 596 141
0 0 0 12 704 2789 575 16 0 0 0 42 428 2514 1067 45 0 83 512 2418 321 461 282 19
0 0 0 16 1441 2239 400 0 0 0 14 66 520 2823 673 0 0 287 1234 2523 48 4 0 0
3 307 766 541 514 1403 562 0 0 73 447 673 710 1411 782 0 49 773 1215 2002 57 0 0 0
0 145 1169 1871 661 233 17 0 0 9 572 1852 1268 364 31 0 11 746 1707 1179 361 91 1 0
0 0 0 75 358 2558 1105 0 0 0 0 23 402 2733 938 0 0 0 211 3519 366 0 0 0
0 0 0 0 0 1638 2458 0 0 0 0 0 0 1830 2266 0 0 0 2 3911 183 0 0 0
0 0 0 0 0 883 3213 0 0 0 0 0 0 1083 3013 0 0 0 1 3294 801 0 0 0
0 0 0 0 0 646 3450 0 0 0 0 0 0 870 3226 0 0 0 0 3204 892 0 0 0
0 0 0 0 0 402 3694 0 0 0 0 0 0 392 3704 0 0 0 0 2817 1279 0 0 0
0 0 0 0 0 220 3876 0 0 0 0 0 0 193 3903 0 0 0 0 1925 2171 0 0 0
0 0 0 0 0 61 4035 0 0 0 0 0 0 60 4036 0 0 0 0 1531 2565 0 0 0
0 0 0 0 0 86 4010 0 0 0 0 0 0 53 4043 0 0 0 0 2140 1956 0 0 0
0 0 0 0 0 164 3932 0 0 0 0 0 0 287 3809 0 0 0 0 2592 1504 0 0 0
0 0 0 0 0 139 3957 0 0 0 0 0 0 106 3990 0 0 0 0 3144 952 0 0 0
0 0 0 0 11 239 3846 0 0 0 0 0 5 183 3908 0 0 0 237 2902 957 0 0 0
0 0 0 0 901 427 2768 0 0 0 0 0 91 1163 2842 0 0 115 1100 1662 1219 0 0 0
0 0 0 7 845 422 2822 0 0 0 0 0 55 1143 2898 0 0 63 774 2629 622 8 0 0
0 7 92 319 1044 1113 1521 0 0 0 20 128 645 874 2287 142 0 12 213 1480 1041 1092 258 0
0 0 10 53 763 1346 1913 11 0 0 6 32 296 1930 1715 117 0 36 401 2118 756 497 284 4
0 1 79 603 1449 1462 502 0 0 8 73 181 1681 1392 761 0 0 72 680 1451 1542 263 88 0
0 0 38 234 207 1593 2024 0 0 0 18 196 255 2557 1066 4 0 17 345 3117 404 151 62 0
0 0 9 32 104 2064 1887 0 0 0 2 24 69 2916 1085 0 1 65 342 3684 4 0 0 0
0 0 50 236 242 1497 2071 0 0 0 23 220 192 2087 1574 0 0 123 552 3408 13 0 0 0
0 0 95 238 248 2310 1205 0 0 0 48 229 203 2977 639 0 0 148 507 3418 23 0 0 0
0 2 120 247 257 2541 929 0 0 0 60 271 236 3222 307 0 7 256 576 3254 3 0 0 0
0 0 155 216 289 2828 608 0 0 0 113 218 266 3355 144 0 9 310 617 3157 3 0 0 0
0 0 58 278 305 2289 1166 0 0 0 59 252 216 3144 425 0 1 190 620 3262 23 0 0 0
0 0 146 206 268 3172 304 0 0 0 88 231 218 3505 54 0 12 197 751 3126 10 0 0 0
0 5 179 212 292 3318 90 0 0 0 131 223 265 3452 25 0 27 288 824 2947 10 0 0 0
0 2 219 213 279 3345 38 0 0 0 163 211 285 3412 25 0 10 407 655 3021 3 0 0 0
0 0 104 95 77 3698 122 0 0 0 94 108 87 3764 43 0 6 112 505 3473 0 0 0 0
0 0 0 0 0 4040 56 0 0 0 0 0 2 4057 37 0 0 0 1732 2364 0 0 0 0
0 0 0 0 0 4056 40 0 0 0 0 0 0 4060 36 0 0 0 1581 2515 0 0 0 0
0 0 0 0 8 4075 13 0 0 0 0 0 23 4034 39 0 0 0 1531 2565 0 0 0 0
0 0 0 0 3 4074 19 0 0 0 0 0 13 4075 8 0 0 2 1879 2215 0 0 0 0
0 0 0 0 7 4076 13 0 0 0 0 0 17 4072 7 0 0 0 1807 2289 0 0 0 0
0 0 0 0 33 4058 5 0 0 0 0 0 66 4023 7 0 0 13 2279 1804 0 0 0 0
0 0 0 0 46 4047 3 0 0 0 0 0 207 3878 11 0 0 2 2692 1399 3 0 0 0
0 0 4 112 1730 2076 174 0 0 0 0 10 1087 2608 384 7 0 168 1543 1616 286 392 90 1
0 0 193 1052 1252 1509 90 0 0 2 358 901 1225 1582 28 0 13 470 1013 1899 604 97 0 0
0 2 210 527 734 2067 556 0 0 0 195 542 828 1991 535 5 8 165 695 1973 517 542 196 0
0 0 0 18 856 3151 71 0 0 0 6 5 443 3553 89 0 0 274 712 3010 42 39 19 0
0 0 6 96 676 3030 288 0 0 0 0 42 502 3470 82 0 1 180 862 3026 27 0 0 0
2 73 276 577 250 2231 687 0 3 55 153 595 358 2782 150 0 87 771 438 2715 85 0 0 0
0 0 0 0 96 2566 1434 0 0 0 0 1 138 3320 637 0 0 0 98 3873 125 0 0 0
0 0 0 0 0 1654 2442 0 0 0 0 0 0 2121 1975 0 0 0 0 3120 976 0 0 0
0 0 0 0 0 1003 3093 0 0 0 0 0 0 1360 2736 0 0 0 0 2974 1122 0 0 0
0 0 0 0 0 292 3804 0 0 0 0 0 0 294 3802 0 0 0 0 2807 1289 0 0 0
0 0 0 0 0 277 3819 0 0 0 0 0 0 241 3855 0 0 0 0 2190 1906 0 0 0
0 0 0 0 0 176 3918 2 0 0 0 0 0 226 3867 3 0 0 66 2831 1199 0 0 0
0 0 0 0 0 245 3850 1 0 0 0 0 0 331 3763 2 0 0 133 3020 943 0 0 0
0 0 0 0 0 188 3908 0 0 0 0 0 0 189 3906 1 0 0 113 3090 893 0 0 0
0 0 0 0 0 98 3998 0 0 0 0 0 0 159 3937 0 0 0 158 3398 540 0 0 0
0 0 0 0 0 51 4045 0 0 0 0 0 0 66 4030 0 0 0 81 3396 619 0 0 0
0 0 0 0 234 513 3349 0 0 0 0 0 0 638 3458 0 0 56 346 3157 537 0 0 0
0 0 0 0 1038 432 2626 0 0 0 0 0 15 1373 2708 0 0 164 1095 2237 600 0 0 0
0 48 113 362 1210 287 2076 0 0 0 82 139 545 1209 2121 0 24 544 1101 1827 584 16 0 0
1 446 538 706 541 568 1296 0 0 194 604 606 746 1067 879 0 151 919 1041 1909 71 5 0 0
0 173 294 312 599 1858 860 0 0 76 350 255 680 2362 373 0 95 543 853 2450 137 18 0 0
0 117 366 130 140 1477 1866 0 0 71 401 141 169 2928 386 0 52 389 339 3228 88 0 0 0
0 1 15 31 26 2305 1718 0 0 0 10 29 29 3353 675 0 0 10 129 3809 148 0 0 0
0 0 0 0 0 2742 1354 0 0 0 0 0 0 3414 682 0 0 0 247 3839 10 0 0 0
0 0 0 0 0 2307 1789 0 0 0 0 0 0 3334 762 0 0 0 274 3809 13 0 0 0
0 0 0 0 0 2543 1553 0 0 0 0 0 0 3278 818 0 0 1 363 3730 2 0 0 0
0 0 0 0 0 2543 1553 0 0 0 0 0 0 3221 875 0 0 0 440 3653 3 0 0 0
0 0 0 0 0 2651 1445 0 0 0 0 0 0 3251 845 0 0 8 927 3161 0 0 0 0
0 0 0 0 0 2476 1620 0 0 0 0 0 0 3237 859 0 0 0 618 3476 2 0 0 0
0 0 0 0 0 2884 1212 0 0 0 0 0 0 3397 699 0 0 0 793 3300 3 0 0 0
0 0 0 0 0 3122 974 0 0 0 0 0 0 3419 677 0 0 1 601 3490 4 0 0 0
0 0 0 0 65 3847 184 0 0 0 0 0 42 3981 73 0 0 5 772 3317 2 0 0 0
0 2 119 127 316 3486 46 0 0 1 75 112 289 3610 9 0 14 149 899 3034 0 0 0 0
0 1 232 199 447 3190 27 0 0 0 186 189 398 3323 0 0 13 318 1344 2419 2 0 0 0
0 5 266 207 486 3132 0 0 0 2 224 183 527 3160 0 0 17 417 1662 1999 1 0 0 0
0 8 266 172 470 3176 4 0 0 0 211 200 436 3248 1 0 13 309 1721 2051 2 0 0 0
0 2 264 185 468 3176 1 0 0 0 202 199 399 3294 2 0 0 314 1243 2538 1 0 0 0
0 4 250 193 456 2931 262 0 0 0 212 172 454 2899 342 17 25 280 1485 1936 111 173 86 0
0 10 282 189 604 2660 351 0 0 0 247 166 641 2579 437 26 11 275 1688 1557 241 315 9 0
0 46 281 212 339 2594 624 0 0 3 281 170 556 2353 718 15 54 402 1106 1663 299 564 8 0
0 176 262 317 555 2519 267 0 0 191 307 411 316 2181 689 1 53 325 423 2111 559 493 132 0
0 0 0 0 0 3608 488 0 0 0 0 0 0 3569 527 0 0 0 2 3716 378 0 0 0
0 0 0 0 0 3625 471 0 0 0 0 0 0 3689 407 0 0 0 15 3935 146 0 0 0
0 0 0 0 0 3687 409 0 0 0 0 0 0 3566 530 0 0 0 1 4041 54 0 0 0
0 0 0 0 0 3096 1000 0 0 0 0 0 0 3046 1050 0 0 0 8 4006 82 0 0 0
0 0 0 0 0 1760 2336 0 0 0 0 0 0 2178 1918 0 0 0 5 3205 886 0 0 0
0 0 0 0 0 1677 2419 0 0 0 0 0 0 1837 2259 0 0 0 73 3288 735 0 0 0
0 0 0 0 0 1217 2879 0 0 0 0 0 0 1289 2807 0 0 0 151 3681 264 0 0 0
0 0 0 0 0 545 3551 0 0 0 0 0 0 622 3474 0 0 3 172 3034 887 0 0 0
0 0 0 0 0 594 3502 0 0 0 0 0 0 415 3681 0 0 0 188 3214 694 0 0 0
0 0 0 0 0 266 3830 0 0 0 0 0 0 267 3829 0 0 2 178 3196 720 0 0 0
0 0 0 0 0 348 3748 0 0 0 0 0 0 392 3704 0 0 0 24 2979 1093 0 0 0
0 0 0 0 0 150 3946 0 0 0 0 0 0 128 3968 0 0 0 0 2616 1480 0 0 0
0 0 0 0 0 41 4055 0 0 0 0 0 0 80 4016 0 0 0 0 3281 815 0 0 0
0 0 0 0 0 19 4077 0 0 0 0 0 0 38 4058 0 0 0 0 3095 1001 0 0 0
0 0 0 0 0 43 4053 0 0 0 0 0 0 116 3980 0 0 0 0 2971 1125 0 0 0
0 0 0 0 0 69 4027 0 0 0 0 0 0 135 3961 0 0 0 0 2971 1125 0 0 0
0 0 0 0 0 148 3948 0 0 0 0 0 0 456 3640 0 0 0 9 3539 548 0 0 0
0 0 0 0 0 156 3940 0 0 0 0 0 0 485 3611 0 0 0 0 3788 308 0 0 0
0 0 0 0 0 36 4060 0 0 0 0 0 0 266 3830 0 0 0 0 2978 1118 0 0 0
0 0 0 0 0 93 4003 0 0 0 0 0 0 509 3587 0 0 0 0 2944 1152 0 0 0
0 0 0 0 0 250 3846 0 0 0 0 0 0 1264 2832 0 0 0 0 3855 241 0 0 0
0 0 0 0 0 834 3262 0 0 0 0 0 0 2200 1896 0 0 0 2 4013 81 0 0 0
0 0 0 0 0 770 3326 0 0 0 0 0 0 1939 2157 0 0 0 27 4061 8 0 0 0
0 0 0 0 0 1337 2759 0 0 0 0 0 0 2504 1592 0 0 0 13 4073 10 0 0 0
0 0 0 0 0 1887 2209 0 0 0 0 0 0 3004 1092 0 0 0 14 4065 17 0 0 0
0 0 0 0 0 1969 2127 0 0 0 0 0 0 3414 682 0 0 0 32 4047 17 0 0 0
0 0 0 0 0 2656 1440 0 0 0 0 0 0 3774 322 0 0 0 193 3903 0 0 0 0
0 0 0 0 0 2337 1759 0 0 0 0 0 0 3600 496 0 0 0 113 3976 7 0 0 0
0 0 0 0 0 3077 1019 0 0 0 0 0 0 3817 279 0 0 0 209 3887 0 0 0 0
0 0 0 0 0 3408 688 0 0 0 0 0 0 3784 312 0 0 0 316 3780 0 0 0 0
0 0 0 0 25 2811 1260 0 0 0 0 0 23 3407 666 0 0 0 748 3346 2 0 0 0
0 0 0 0 89 3476 531 0 0 0 0 0 99 3638 359 0 0 4 985 3105 2 0 0 0
0 0 0 0 0 3751 345 0 0 0 0 0 0 3851 245 0 0 8 1163 2925 0 0 0 0
0 0 0 0 0 3720 376 0 0 0 0 0 2 3737 343 14 0 17 1270 2704 39 48 18 0
0 0 0 0 1 3383 712 0 0 0 0 0 3 3313 709 71 0 9 634 2770 238 341 104 0
0 0 0 0 5 3140 951 0 0 0 0 0 5 3088 847 156 0 0 844 2166 363 447 276 0
0 0 0 0 2 3628 466 0 0 0 0 0 4 3575 446 71 0 12 807 2654 224 238 161 0
0 0 0 0 17 4079 0 0 0 0 0 0 48 4048 0 0 0 0 1191 2905 0 0 0 0
0 0 0 37 587 3471 1 0 0 0 0 2 781 3313 0 0 0 91 2794 1211 0 0 0 0
0 0 0 0 0 3445 651 0 0 0 0 0 0 2974 1122 0 0 0 1 3282 813 0 0 0
0 0 0 0 0 3627 469 0 0 0 0 0 0 3640 456 0 0 0 16 4027 53 0 0 0
0 0 0 0 0 3236 860 0 0 0 0 0 0 3112 984 0 0 0 209 3859 28 0 0 0
0 0 0 0 0 2928 1168 0 0 0 0 0 0 2814 1282 0 0 0 329 3749 18 0 0 0
0 0 0 0 0 2039 2057 0 0 0 0 0 0 2140 1956 0 0 0 454 3620 22 0 0 0
0 0 0 0 0 721 3375 0 0 0 0 0 0 969 3127 0 0 0 80 3718 298 0 0 0
0 0 0 0 0 438 3658 0 0 0 0 0 0 450 3646 0 0 0 9 2930 1157 0 0 0
0 0 0 0 0 377 3719 0 0 0 0 0 0 354 3742 0 0 0 0 3258 838 0 0 0
0 0 0 0 0 272 3824 0 0 0 0 0 0 215 3881 0 0 0 0 3014 1082 0 0 0
0 0 0 0 0 221 3875 0 0 0 0 0 0 189 3907 0 0 0 0 2702 1394 0 0 0
0 0 0 0 0 77 4019 0 0 0 0 0 0 73 4023 0 0 0 0 3032 1064 0 0 0
0 0 0 0 0 54 4042 0 0 0 0 0 0 55 4041 0 0 0 1 3213 882 0 0 0
0 0 0 0 0 87 4009 0 0 0 0 0 0 110 3986 0 0 0 0 3086 1010 0 0 0
0 0 0 0 0 111 3985 0 0 0 0 0 0 85 4011 0 0 0 0 2718 1378 0 0 0
0 0 0 0 0 167 3929 0 0 0 0 0 0 227 3869 0 0 0 0 2354 1742 0 0 0
0 0 0 0 0 188 3908 0 0 0 0 0 0 447 3649 0 0 0 0 3466 630 0 0 0
0 0 0 0 0 110 3986 0 0 0 0 0 0 288 3808 0 0 0 0 3401 695 0 0 0
0 0 0 0 0 46 4050 0 0 0 0 0 0 213 3883 0 0 0 0 2657 1439 0 0 0
0 0 0 0 0 127 3969 0 0 0 0 0 0 537 3559 0 0 0 0 3596 500 0 0 0
0 0 0 0 0 76 4020 0 0 0 0 0 0 615 3481 0 0 0 1 3678 417 0 0 0
0 0 0 0 0 94 4002 0 0 0 0 0 0 966 3130 0 0 0 0 3814 282 0 0 0
0 0 0 0 0 325 3771 0 0 0 0 0 0 1621 2475 0 0 0 19 4051 26 0 0 0
0 0 0 0 0 749 3347 0 0 0 0 0 0 2410 1686 0 0 0 37 4042 17 0 0 0
0 0 0 0 0 1010 3086 0 0 0 0 0 0 2185 1911 0 0 0 43 4013 40 0 0 0
0 0 0 0 0 831 3265 0 0 0 0 0 0 1688 2408 0 0 0 6 4063 27 0 0 0
0 0 0 0 0 1385 2711 0 0 0 0 0 0 2649 1447 0 0 0 3 4049 44 0 0 0
0 0 0 0 0 1227 2869 0 0 0 0 0 0 2655 1441 0 0 0 9 4011 76 0 0 0
0 0 0 0 0 908 3188 0 0 0 0 0 0 2526 1570 0 0 0 5 4081 10 0 0 0
0 0 0 0 0 2130 1966 0 0 0 0 0 0 3516 580 0 0 0 13 4070 13 0 0 0
0 0 0 0 0 3184 912 0 0 0 0 0 0 4025 71 0 0 0 105 3990 1 0 0 0
0 0 0 0 0 3362 734 0 0 0 0 0 0 3868 228 0 0 0 74 4021 1 0 0 0
0 0 0 0 128 3532 436 0 0 0 0 0 109 3853 134 0 0 0 272 3821 3 0 0 0
0 0 0 0 7 3299 790 0 0 0 0 0 3 3227 617 249 0 0 221 3154 207 271 243 0
0 0 0 0 0 3073 1023 0 0 0 0 0 0 3023 888 185 0 0 2 2854 423 466 351 0
0 0 0 0 1 3304 791 0 0 0 0 0 1 3213 738 144 0 0 138 2929 320 450 259 0
0 0 0 0 1 4046 49 0 0 0 0 0 7 4049 40 0 0 0 865 3137 63 27 4 0
0 0 0 0 0 4060 36 0 0 0 0 0 4 4090 2 0 0 0 753 3342 1 0 0 0
0 0 0 0 2 4063 31 0 0 0 0 0 7 4059 30 0 0 8 660 3422 6 0 0 0
0 0 0 0 7 4036 53 0 0 0 0 0 68 3940 88 0 0 74 2191 1831 0 0 0 0
0 0 0 0 20 4067 9 0 0 0 0 0 149 3940 7 0 0 31 2822 1243 0 0 0 0
0 0 0 0 0 3361 735 0 0 0 0 0 0 3362 734 0 0 9 313 3503 271 0 0 0
0 0 0 0 0 3152 944 0 0 0 0 0 0 3189 907 0 0 0 299 3754 43 0 0 0
0 0 0 0 0 2674 1422 0 0 0 0 0 0 2309 1787 0 0 0 15 3665 416 0 0 0
0 0 0 0 0 2616 1480 0 0 0 0 0 0 2409 1687 0 0 0 13 3636 447 0 0 0
0 0 0 0 0 1772 2324 0 0 0 0 0 0 1820 2276 0 0 0 0 3599 497 0 0 0
0 0 0 0 0 523 3573 0 0 0 0 0 0 572 3524 0 0 0 0 2468 1628 0 0 0
0 0 0 0 0 524 3572 0 0 0 0 0 0 575 3521 0 0 0 0 2031 2065 0 0 0
0 0 0 0 0 719 3377 0 0 0 0 0 0 639 3457 0 0 0 0 3128 968 0 0 0
0 0 0 0 0 899 3197 0 0 0 0 0 0 558 3538 0 0 0 0 3015 1081 0 0 0
0 0 0 0 0 309 3787 0 0 0 0 0 0 191 3905 0 0 0 0 2554 1542 0 0 0
0 0 0 0 0 88 4008 0 0 0 0 0 0 58 4038 0 0 0 0 1719 2377 0 0 0
0 0 0 0 0 22 4074 0 0 0 0 0 0 15 4081 0 0 0 0 884 3212 0 0 0
0 0 0 0 0 22 4074 0 0 0 0 0 0 32 4064 0 0 0 0 1610 2486 0 0 0
0 0 0 0 0 63 4033 0 0 0 0 0 0 97 3999 0 0 0 0 2250 1846 0 0 0
0 0 0 0 0 88 4008 0 0 0 0 0 0 178 3918 0 0 0 0 2419 1677 0 0 0
0 0 0 0 0 25 4071 0 0 0 0 0 0 27 4069 0 0 0 0 2478 1618 0 0 0
0 0 0 0 0 62 4034 0 0 0 0 0 0 197 3899 0 0 0 0 3111 985 0 0 0
0 0 0 0 0 125 3971 0 0 0 0 0 0 362 3734 0 0 0 0 2954 1142 0 0 0
0 0 0 0 0 98 3998 0 0 0 0 0 0 457 3639 0 0 0 0 2753 1343 0 0 0
0 0 0 0 0 78 4018 0 0 0 0 0 0 348 3748 0 0 0 4 2866 1226 0 0 0
0 0 0 0 0 117 3979 0 0 0 0 0 0 828 3268 0 0 0 0 3226 870 0 0 0
0 0 0 0 0 418 3678 0 0 0 0 0 0 1709 2387 0 0 0 0 3905 191 0 0 0
0 0 0 0 0 562 3534 0 0 0 0 0 0 1750 2346 0 0 0 3 3794 299 0 0 0
0 0 0 0 0 754 3342 0 0 0 0 0 0 1991 2105 0 0 0 0 4033 63 0 0 0
0 0 0 0 0 1421 2675 0 0 0 0 0 0 2944 1152 0 0 0 11 4060 25 0 0 0
0 0 0 0 0 1680 2416 0 0 0 0 0 0 2968 1128 0 0 0 0 3913 183 0 0 0
0 0 0 0 0 2359 1737 0 0 0 0 0 0 3325 771 0 0 0 29 4020 47 0 0 0
0 0 0 0 0 2400 1696 0 0 0 0 0 0 3674 422 0 0 0 10 4061 25 0 0 0
0 0 0 0 0 2887 1209 0 0 0 0 0 0 3757 339 0 0 0 3 4034 59 0 0 0
0 0 0 0 0 2757 1339 0 0 0 0 0 0 3621 356 119 0 0 36 3760 129 81 90 0
0 0 0 0 0 2541 1551 4 0 0 0 0 0 2881 711 504 0 0 26 2664 488 351 567 0
0 0 0 0 0 2524 1572 0 0 0 0 0 0 2863 731 502 0 0 8 2789 410 397 492 0
0 0 0 0 0 3064 1032 0 0 0 0 0 0 3536 412 148 0 0 13 3473 276 152 182 0
0 0 0 0 0 3918 178 0 0 0 0 0 0 4060 36 0 0 11 129 3953 3 0 0 0
0 0 0 0 0 4081 15 0 0 0 0 0 2 4094 0 0 0 0 458 3629 9 0 0 0
0 0 0 0 0 4052 44 0 0 0 0 0 0 4091 5 0 0 0 207 3881 8 0 0 0
0 0 0 0 2 4074 20 0 0 0 0 0 15 4081 0 0 0 0 238 3858 0 0 0 0
0 0 0 0 4 4076 16 0 0 0 0 0 43 4053 0 0 0 0 718 3375 3 0 0 0
0 0 0 0 1 4095 0 0 0 0 0 0 93 4003 0 0 0 0 914 3182 0 0 0 0
0 0 0 0 0 4094 2 0 0 0 0 0 26 4070 0 0 0 0 794 3302 0 0 0 0
