4096 0 0 0 0 0 0 0 126 3970 0 0 0 0 0 0 0 2920 1176 0 0 0 0 0
4096 0 0 0 0 0 0 0 477 3619 0 0 0 0 0 0 0 3833 263 0 0 0 0 0
4096 0 0 0 0 0 0 0 519 3577 0 0 0 0 0 0 1 4009 86 0 0 0 0 0
2383 116 73 117 68 1141 198 0 37 2273 155 127 98 68 1328 10 0 1752 508 251 1367 218 0 0
0 0 0 0 0 3081 1015 0 0 0 0 0 0 0 2754 1342 0 0 0 0 4091 5 0 0
0 0 0 0 0 1675 2421 0 0 0 0 0 0 0 523 3573 0 0 0 0 3962 134 0 0
0 0 0 0 98 2925 1073 0 0 0 0 0 0 48 2131 1917 0 0 0 37 3728 331 0 0
0 0 0 0 91 1082 2923 0 0 0 0 0 0 35 487 3574 0 0 0 41 2503 1552 0 0
0 0 0 0 0 479 3617 0 0 0 0 0 0 0 2 4094 0 0 0 0 2929 1167 0 0
3131 21 38 30 35 422 419 0 0 3070 77 29 41 27 263 589 142 424 2632 101 767 30 0 0
4096 0 0 0 0 0 0 0 4 4091 1 0 0 0 0 0 0 781 3315 0 0 0 0 0
230 81 42 46 45 369 3283 0 0 98 193 54 49 47 663 2992 0 0 151 182 3232 435 96 0
0 0 0 0 1 707 3388 0 0 0 0 0 0 0 2148 1948 0 0 0 37 4023 36 0 0
0 0 0 0 110 1469 2517 0 0 0 0 0 0 179 2286 1631 0 0 58 478 2716 844 0 0
0 1 32 49 270 808 2936 0 0 0 0 30 35 182 998 2851 3 28 33 273 3350 409 0 0
2082 29 8 32 25 84 1836 0 2 1866 232 17 34 22 225 1698 104 184 1753 125 1583 347 0 0
4095 1 0 0 0 0 0 0 1 4092 3 0 0 0 0 0 0 149 3854 93 0 0 0 0
1756 41 27 47 2108 117 0 0 0 1655 129 38 46 1215 1013 0 8 106 1570 2270 139 3 0 0
3573 48 56 56 73 156 134 0 546 2985 76 68 68 92 239 22 0 3295 326 109 307 59 0 0
4096 0 0 0 0 0 0 0 737 3356 3 0 0 0 0 0 0 3967 129 0 0 0 0 0
4096 0 0 0 0 0 0 0 678 3418 0 0 0 0 0 0 0 4053 43 0 0 0 0 0
2333 119 90 97 85 1043 329 0 38 2263 131 127 92 69 1373 3 0 1494 712 259 1419 212 0 0
0 0 0 0 0 3359 737 0 0 0 0 0 0 0 3856 240 0 0 0 0 4094 2 0 0
0 0 0 0 0 2357 1739 0 0 0 0 0 0 0 2752 1344 0 0 0 0 4094 2 0 0
0 0 0 2 338 3241 515 0 0 0 0 0 1 157 3432 506 0 0 0 220 3860 16 0 0
0 0 0 0 32 1258 2806 0 0 0 0 0 0 7 1013 3076 0 0 0 28 3958 110 0 0
0 0 0 10 53 499 3534 0 0 0 0 0 8 25 484 3579 0 0 5 51 3987 53 0 0
3190 26 30 30 37 398 385 0 3 3149 54 29 30 45 517 269 156 794 2327 119 699 1 0 0
4096 0 0 0 0 0 0 0 4 4091 1 0 0 0 0 0 0 1868 2227 1 0 0 0 0
201 56 56 37 52 852 2842 0 0 76 176 54 44 41 1759 1946 0 2 204 119 3450 253 68 0
0 0 0 0 48 1801 2247 0 0 0 0 0 0 227 2494 1375 0 0 95 684 3311 6 0 0
0 0 3 42 887 2852 312 0 0 0 0 4 126 1827 1982 157 0 193 667 1728 1451 57 0 0
0 0 5 41 321 975 2754 0 0 0 0 4 38 293 1581 2180 0 6 36 356 3588 110 0 0
2143 25 29 47 18 195 1633 6 2 2061 100 49 32 44 607 1201 125 374 1734 56 1683 124 0 0
4096 0 0 0 0 0 0 0 2 4094 0 0 0 0 0 0 0 400 3696 0 0 0 0 0
1704 39 28 47 2254 24 0 0 0 1666 62 42 42 2252 32 0 19 203 1839 1967 67 1 0 0
2566 47 62 77 273 667 404 0 743 1809 55 82 107 559 685 56 160 2454 111 621 640 110 0 0
2094 97 110 144 304 805 542 0 232 1810 134 153 184 611 804 168 117 1898 296 583 1001 201 0 0
2159 85 110 129 247 758 608 0 264 1819 135 131 170 419 1001 157 103 1847 389 373 1090 294 0 0
1399 115 89 118 153 1406 816 0 72 1275 150 127 119 253 1926 174 0 977 390 329 2026 374 0 0
0 0 0 0 0 3283 813 0 0 0 0 0 0 0 4043 53 0 0 0 0 4042 54 0 0
0 0 0 0 5 3207 884 0 0 0 0 0 0 1 4077 18 0 0 0 16 4080 0 0 0
0 0 0 23 343 3198 532 0 0 0 0 0 19 221 3829 27 0 0 8 358 3726 4 0 0
0 0 0 40 534 2486 1036 0 0 0 0 1 43 410 3148 494 0 0 9 495 3570 22 0 0
0 0 5 71 379 1378 2263 0 0 0 0 9 61 305 2696 1025 0 2 36 348 3671 39 0 0
3258 13 24 41 23 523 214 0 8 3206 51 31 35 28 685 52 176 1819 1336 114 651 0 0 0
4096 0 0 0 0 0 0 0 20 4075 1 0 0 0 0 0 0 2772 1324 0 0 0 0 0
177 64 131 487 790 1597 850 0 0 77 141 133 457 719 2414 155 24 109 530 1078 2062 264 29 0
1 5 7 29 205 2031 1818 0 0 0 2 9 25 160 3311 589 4 7 16 255 3810 4 0 0
0 1 43 328 755 2007 962 0 0 0 1 56 321 604 2610 504 3 46 257 949 2783 58 0 0
0 1 12 11 32 312 3728 0 0 0 1 13 10 33 2286 1753 2 7 10 29 4005 43 0 0
2220 20 23 73 51 279 1420 10 11 2155 69 58 62 51 1352 338 199 934 1223 66 1592 82 0 0
4096 0 0 0 0 0 0 0 9 4087 0 0 0 0 0 0 0 1672 2424 0 0 0 0 0
1652 19 30 36 2345 14 0 0 4 1627 34 38 35 2350 8 0 55 358 2346 1251 85 1 0 0
4096 0 0 0 0 0 0 0 2383 1713 0 0 0 0 0 0 235 3823 38 0 0 0 0 0
4096 0 0 0 0 0 0 0 2171 1925 0 0 0 0 0 0 234 3838 24 0 0 0 0 0
4096 0 0 0 0 0 0 0 1260 2836 0 0 0 0 0 0 43 3971 82 0 0 0 0 0
2117 104 108 102 303 1335 27 0 114 1961 125 142 115 328 1307 4 45 1662 464 542 1310 73 0 0
0 0 0 8 347 2951 790 0 0 0 0 0 4 311 3611 170 0 0 8 769 3138 181 0 0
0 0 0 0 204 2650 1242 0 0 0 0 0 1 321 3546 228 0 0 0 368 3464 264 0 0
0 0 10 53 350 2562 1121 0 0 0 0 13 50 408 3501 124 0 3 49 614 3282 148 0 0
0 1 10 58 222 2105 1699 1 0 0 0 10 61 269 3513 243 0 6 44 249 3583 214 0 0
0 0 0 0 0 2146 1950 0 0 0 0 0 0 0 3962 134 0 0 0 0 4092 4 0 0
3309 36 22 46 34 512 137 0 25 3272 45 32 36 36 650 0 188 2431 802 219 456 0 0 0
4094 2 0 0 0 0 0 0 10 4068 18 0 0 0 0 0 0 2931 1162 3 0 0 0 0
112 68 74 81 92 1933 1736 0 0 39 129 76 90 157 3577 28 14 19 175 481 3216 185 6 0
5 41 99 303 911 1934 803 0 0 2 30 189 627 1436 1750 62 81 267 806 1714 1190 38 0 0
0 0 0 13 95 1266 2722 0 0 0 0 4 14 91 3748 239 3 8 15 118 3949 3 0 0
0 0 0 0 0 861 3235 0 0 0 0 0 0 0 3849 247 0 0 0 0 4096 0 0 0
2261 19 58 44 50 485 1171 8 21 2187 78 69 49 70 1544 78 169 1493 744 84 1576 30 0 0
4096 0 0 0 0 0 0 0 9 4087 0 0 0 0 0 0 0 2122 1974 0 0 0 0 0
1587 35 32 45 2392 5 0 0 4 1570 34 42 31 2404 11 0 80 477 2921 565 53 0 0 0
3033 74 130 709 150 0 0 0 1251 1748 93 390 570 44 0 0 215 3224 431 224 2 0 0 0
3022 73 133 692 176 0 0 0 1245 1746 83 343 572 107 0 0 188 3268 425 206 9 0 0 0
3008 80 170 630 208 0 0 0 987 1995 80 486 430 118 0 0 170 3173 486 254 13 0 0 0
1650 115 164 669 517 976 5 0 154 1457 142 381 621 387 954 0 75 1766 623 693 899 40 0 0
0 0 46 530 774 2735 11 0 0 0 2 192 500 609 2793 0 47 374 335 1232 2107 1 0 0
0 0 40 562 837 2636 21 0 0 0 2 190 589 645 2666 4 48 384 419 1139 2106 0 0 0
0 3 61 528 919 2545 40 0 0 0 3 164 594 755 2577 3 30 223 553 1112 2172 6 0 0
0 0 45 472 701 2711 167 0 0 0 3 173 535 534 2836 15 40 306 434 805 2507 4 0 0
0 2 60 556 577 2130 771 0 0 0 6 164 587 442 2824 73 43 297 479 578 2648 51 0 0
1177 145 193 680 593 875 433 0 7 1085 216 432 666 593 1088 9 164 1005 968 847 1090 22 0 0
1794 67 143 500 600 735 257 0 1 1729 124 254 634 581 759 14 52 1099 1386 653 876 30 0 0
38 32 17 79 209 2520 1201 0 0 14 55 41 100 425 3461 0 2 22 146 606 3221 99 0 0
0 0 1 20 1221 2505 349 0 0 0 0 26 1492 1125 1451 2 125 1307 848 702 1114 0 0 0
0 0 6 243 864 1900 1078 5 0 0 0 164 970 916 2034 12 187 620 905 650 1734 0 0 0
0 0 0 198 472 2089 1337 0 0 0 0 5 564 138 3387 2 0 81 519 230 3266 0 0 0
1700 54 60 251 655 855 511 10 8 1622 117 146 580 290 1289 44 153 1190 1050 416 1269 18 0 0
3000 57 17 259 656 107 0 0 14 2927 69 94 610 278 104 0 0 1111 2379 443 163 0 0 0
1126 20 44 276 2391 239 0 0 1 1088 42 85 601 2079 200 0 74 557 2308 1036 121 0 0 0
0 0 41 2149 1906 0 0 0 0 0 0 335 3398 363 0 0 0 423 3015 658 0 0 0 0
0 0 44 2248 1804 0 0 0 0 0 0 315 3295 486 0 0 0 417 3081 598 0 0 0 0
0 0 43 1677 2376 0 0 0 0 0 0 221 3292 583 0 0 1 281 3041 773 0 0 0 0
0 0 25 1825 2246 0 0 0 0 0 0 327 3382 387 0 0 2 367 3040 687 0 0 0 0
0 0 83 1907 2106 0 0 0 0 0 3 397 3396 300 0 0 14 518 2809 755 0 0 0 0
0 0 59 1409 2628 0 0 0 0 0 0 234 3345 517 0 0 8 262 2583 1243 0 0 0 0
0 0 147 1252 2696 1 0 0 0 0 0 298 2532 1266 0 0 5 326 2123 1639 3 0 0 0
0 0 123 1517 2453 3 0 0 0 0 2 361 2686 1046 1 0 17 372 2151 1551 5 0 0 0
0 0 107 1217 2769 3 0 0 0 0 3 370 2474 1246 3 0 37 375 1911 1768 5 0 0 0
0 0 145 1209 2735 7 0 0 0 0 3 385 2579 1127 2 0 12 423 1974 1685 2 0 0 0
0 0 127 1155 2805 9 0 0 0 0 5 351 2526 1210 4 0 30 346 1911 1807 2 0 0 0
0 1 126 1017 2898 54 0 0 0 0 3 399 2361 1333 0 0 14 404 1777 1893 8 0 0 0
0 0 37 388 2150 1339 182 0 0 0 0 203 2114 1569 205 5 195 1276 1590 992 43 0 0 0
0 0 1 224 1748 1658 438 27 0 0 0 410 1264 1665 709 48 482 875 1342 1046 350 1 0 0
0 0 12 148 2262 1152 522 0 0 0 0 43 717 2373 890 73 56 214 986 2189 643 8 0 0
0 15 49 154 2668 589 615 6 5 9 33 67 486 2530 825 141 56 82 514 2655 775 14 0 0
0 0 3 82 3991 20 0 0 0 0 0 11 362 3716 7 0 1 13 501 3572 9 0 0 0
0 0 0 1 4095 0 0 0 0 0 0 0 217 3879 0 0 0 0 100 3996 0 0 0 0
0 0 10 1850 2236 0 0 0 0 0 0 144 2405 1547 0 0 0 229 3076 791 0 0 0 0
0 0 11 1331 2754 0 0 0 0 0 0 68 1949 2079 0 0 0 167 2712 1217 0 0 0 0
0 0 8 1095 2738 243 12 0 0 0 0 68 1789 2072 164 3 3 248 2472 1372 1 0 0 0
0 0 65 922 2608 498 3 0 0 0 42 349 1631 1902 172 0 683 918 1754 733 8 0 0 0
0 0 65 1269 2760 2 0 0 0 0 0 200 1997 1898 1 0 7 344 2439 1304 2 0 0 0
0 0 63 1227 2805 1 0 0 0 0 0 170 1795 2131 0 0 4 283 2590 1219 0 0 0 0
0 0 112 1077 2903 4 0 0 0 0 0 226 1636 2234 0 0 13 377 1902 1803 1 0 0 0
0 1 141 1013 2931 10 0 0 0 0 1 232 1454 2404 5 0 17 313 1723 2033 10 0 0 0
0 1 149 841 3096 9 0 0 0 0 1 251 1212 2626 6 0 14 297 1219 2557 9 0 0 0
0 0 133 918 3027 18 0 0 0 0 0 238 1287 2563 8 0 24 336 1565 2166 5 0 0 0
0 1 126 899 3058 12 0 0 0 0 0 197 1310 2587 2 0 25 305 1570 2195 1 0 0 0
0 1 180 907 2972 36 0 0 0 0 2 302 1397 2374 21 0 32 439 1346 2272 7 0 0 0
3 8 113 675 2323 937 37 0 0 7 11 515 1564 1862 134 3 458 1088 1179 1263 57 51 0 0
870 747 403 518 868 553 126 11 509 983 448 769 612 333 407 35 2565 531 213 251 240 260 30 6
504 470 441 846 1158 535 138 4 197 649 388 819 980 917 142 4 1913 658 967 553 5 0 0 0
130 158 196 862 1833 666 250 1 71 156 203 632 979 1505 499 51 1292 582 908 1107 207 0 0 0
10 138 291 506 2788 357 6 0 0 104 316 478 667 2314 217 0 1280 355 575 1886 0 0 0 0
0 0 0 2 3757 337 0 0 0 0 0 0 81 3886 129 0 9 160 292 3635 0 0 0 0
2510 158 170 1066 192 0 0 0 306 1879 378 307 1222 4 0 0 309 1087 2165 535 0 0 0 0
2425 192 145 1029 305 0 0 0 273 1863 370 287 1277 26 0 0 245 1094 2105 652 0 0 0 0
2245 243 190 1056 298 59 5 0 257 1678 439 399 1136 149 38 0 206 1168 2173 549 0 0 0 0
145 241 448 1321 1504 407 30 0 8 190 483 1171 1587 575 82 0 1922 1437 616 121 0 0 0 0
1795 234 247 867 827 98 24 4 65 1504 357 555 1350 236 29 0 166 1016 2378 516 20 0 0 0
2294 214 203 814 571 0 0 0 50 1973 386 326 1241 120 0 0 119 950 2394 630 3 0 0 0
2317 159 201 689 730 0 0 0 72 1935 364 313 952 460 0 0 60 607 2425 1000 4 0 0 0
2273 162 229 963 469 0 0 0 53 1876 389 367 1172 239 0 0 12 503 2564 1010 7 0 0 0
2318 145 229 882 522 0 0 0 46 1875 434 353 1104 284 0 0 32 837 2279 942 6 0 0 0
2286 147 215 878 570 0 0 0 18 1832 472 365 919 490 0 0 13 942 2196 945 0 0 0 0
2220 174 219 671 811 1 0 0 13 1769 516 343 819 636 0 0 12 882 2226 962 14 0 0 0
2176 177 251 724 768 0 0 0 15 1847 395 366 954 519 0 0 34 817 2166 1060 19 0 0 0
2667 375 207 366 355 71 47 8 2036 870 255 271 438 165 55 6 2385 540 780 305 63 18 5 0
2826 218 182 215 206 208 214 27 2322 567 225 207 222 205 298 50 2638 409 404 327 245 70 3 0
1581 294 171 1111 878 59 2 0 459 1106 288 1133 839 271 0 0 1499 937 1289 371 0 0 0 0
1032 565 357 587 781 316 343 115 935 544 472 553 545 415 376 256 2220 360 334 465 247 334 111 25
1105 128 98 421 2339 5 0 0 0 658 474 205 1092 1667 0 0 27 161 1529 2352 27 0 0 0
1993 133 142 373 1455 0 0 0 0 1209 776 252 333 1526 0 0 0 6 1483 2577 30 0 0 0
2928 141 94 252 544 119 18 0 227 1847 1043 489 430 59 1 0 260 1078 1992 764 2 0 0 0
3913 90 69 24 0 0 0 0 365 2381 1225 111 14 0 0 0 150 838 2277 825 6 0 0 0
3930 90 55 21 0 0 0 0 374 2121 1470 117 14 0 0 0 203 793 2038 1058 4 0 0 0
1961 375 429 745 530 54 2 0 205 1274 1215 1259 129 14 0 0 1778 1040 949 329 0 0 0 0
1945 455 428 767 387 68 37 9 760 908 1179 986 172 53 38 0 2054 834 845 336 22 5 0 0
2145 1449 296 133 42 18 13 0 1208 1700 942 174 39 25 8 0 3675 230 158 33 0 0 0 0
2853 310 322 444 165 2 0 0 292 1488 1610 569 135 2 0 0 751 854 1933 552 6 0 0 0
3977 90 22 7 0 0 0 0 441 2003 1585 59 8 0 0 0 345 539 2317 886 9 0 0 0
4008 59 17 12 0 0 0 0 512 1918 1616 36 14 0 0 0 348 544 2321 883 0 0 0 0
3926 114 36 18 2 0 0 0 529 1806 1673 70 16 2 0 0 348 631 2247 863 7 0 0 0
3890 136 33 34 3 0 0 0 537 1775 1689 67 27 1 0 0 352 692 2102 931 18 1 0 0
3903 123 45 22 3 0 0 0 506 1861 1629 82 17 1 0 0 444 718 1984 941 9 0 0 0
3494 269 116 98 83 33 3 0 2549 819 495 112 86 31 4 0 2757 482 535 263 50 9 0 0
3325 358 75 63 54 90 128 3 2449 821 429 107 47 89 141 13 2503 380 803 293 100 17 0 0
3523 407 47 69 40 10 0 0 2402 1018 560 64 51 1 0 0 2444 490 932 211 19 0 0 0
2334 505 168 194 117 149 480 149 1811 322 530 424 182 103 406 318 2162 248 326 594 420 280 66 0
3476 441 120 59 0 0 0 0 181 411 2068 1364 72 0 0 0 149 483 784 2303 377 0 0 0
3923 82 36 38 17 0 0 0 467 1084 2382 113 41 9 0 0 287 628 1264 1869 46 2 0 0
2339 244 165 300 199 172 637 40 249 2168 346 282 130 97 386 438 2142 672 251 119 250 637 25 0
3005 94 51 66 73 177 628 2 163 2190 720 68 75 85 481 314 35 1087 1504 564 266 640 0 0
2936 157 82 61 74 181 605 0 169 1951 869 154 91 104 458 300 31 820 1731 627 255 632 0 0
1641 404 366 345 558 196 586 0 494 963 738 826 231 119 371 354 1474 887 660 261 278 536 0 0
1433 302 200 353 646 461 658 43 1021 537 227 478 522 346 733 232 1501 609 391 451 470 595 77 2
1558 812 430 216 249 323 505 3 750 1518 485 170 225 294 559 95 2533 373 256 281 269 384 0 0
762 337 461 968 646 555 367 0 2 299 1103 1161 527 502 474 28 984 753 1260 591 300 208 0 0
1408 351 428 658 496 455 300 0 2 897 986 859 530 437 369 16 101 566 2253 666 253 257 0 0
3220 151 102 101 116 195 211 0 197 1770 1361 142 123 126 362 15 146 536 1962 964 267 221 0 0
3329 155 116 113 116 170 97 0 55 1867 1501 176 124 123 239 11 25 518 2039 1094 255 165 0 0
3405 146 113 131 120 145 36 0 22 1883 1593 180 138 119 156 5 11 520 2224 988 289 64 0 0
3381 189 126 166 157 77 0 0 42 1761 1695 208 193 148 49 0 8 472 2206 1209 199 2 0 0
3533 235 75 76 75 81 21 0 2538 794 481 87 74 89 31 2 2689 384 597 308 90 28 0 0
3557 439 44 29 22 3 2 0 2943 729 312 54 40 14 4 0 3120 320 518 96 31 8 3 0
3341 416 95 59 102 83 0 0 1651 1111 1013 94 107 89 31 0 1784 498 1263 415 134 2 0 0
2430 734 98 120 68 98 467 81 1984 414 604 304 108 80 362 240 2210 421 290 484 365 216 105 5
3817 262 17 0 0 0 0 0 13 434 2817 830 2 0 0 0 39 353 857 2604 243 0 0 0
3789 124 78 82 23 0 0 0 81 883 2914 144 58 16 0 0 7 323 1378 2327 52 9 0 0
3507 155 93 98 98 102 43 0 3252 309 129 113 93 79 112 9 3580 171 116 97 113 19 0 0
3602 80 78 75 94 151 16 0 545 2353 782 94 96 100 121 5 348 585 1816 1189 156 2 0 0
3529 130 99 74 105 153 6 0 93 2217 1308 151 101 111 115 0 110 485 1924 1406 171 0 0 0
1834 136 130 797 969 230 0 0 64 1221 744 1442 376 139 110 0 1312 1055 1051 544 134 0 0 0
2508 177 148 307 386 444 123 3 1652 837 211 344 248 303 448 53 2367 459 280 312 486 184 8 0
2851 105 159 467 223 186 105 0 2779 154 253 409 138 116 241 6 3470 139 109 118 234 26 0 0
637 311 784 1373 590 257 144 0 169 486 1468 1246 250 137 340 0 2512 470 535 231 260 88 0 0
2991 86 110 132 165 277 300 35 166 1977 926 154 212 183 463 15 319 442 1800 1049 322 164 0 0
2404 152 167 305 334 388 322 24 68 1168 1468 330 323 288 432 19 385 597 1301 1340 352 121 0 0
3268 111 94 105 112 193 213 0 130 1985 1216 151 148 88 376 2 73 671 1651 1254 322 125 0 0
3208 113 100 121 124 346 84 0 113 1792 1384 157 141 115 393 1 99 601 1641 1304 392 59 0 0
3202 148 120 163 304 159 0 0 80 1661 1557 225 213 252 108 0 1 651 1567 1715 162 0 0 0
2831 96 123 750 217 75 4 0 2331 331 537 694 96 83 23 1 3275 295 315 192 19 0 0 0
3366 225 261 224 11 2 3 4 3072 466 388 144 8 10 4 4 3673 164 200 34 9 9 4 3
3427 139 41 58 70 98 239 24 1140 1090 1326 81 63 76 286 34 1241 426 1128 983 271 37 10 0
3622 273 32 34 19 28 51 37 3344 270 258 69 24 31 48 52 3539 95 106 220 42 59 33 2
2702 273 160 260 406 264 31 0 8 393 1707 1132 535 157 129 35 173 556 968 1818 399 95 77 10
3872 115 56 41 12 0 0 0 15 1388 2559 95 29 10 0 0 1 339 2343 1387 22 4 0 0
1097 499 2432 68 0 0 0 0 969 638 2226 263 0 0 0 0 4059 36 1 0 0 0 0 0
2620 167 261 538 71 185 254 0 330 2061 445 689 71 74 406 20 641 756 1586 680 433 0 0 0
3114 80 86 52 78 232 454 0 177 2289 689 101 78 80 572 110 41 517 2080 901 557 0 0 0
3023 175 124 241 523 10 0 0 179 1972 964 203 434 334 10 0 4 418 2169 1371 134 0 0 0
3957 24 34 52 29 0 0 0 2935 913 128 52 61 7 0 0 3124 548 351 72 1 0 0 0
3961 125 10 0 0 0 0 0 3515 531 48 2 0 0 0 0 3802 228 66 0 0 0 0 0
1612 360 1126 778 204 12 4 0 616 1282 1364 670 128 19 17 0 2695 715 524 125 25 12 0 0
1930 76 266 1393 336 93 2 0 270 1533 1016 1016 211 50 0 0 1763 800 1202 326 5 0 0 0
2372 225 432 745 234 88 0 0 166 1960 1027 529 255 128 31 0 687 854 1833 703 19 0 0 0
3739 122 125 100 10 0 0 0 134 2609 1098 201 54 0 0 0 95 495 2194 1296 16 0 0 0
3873 112 73 33 5 0 0 0 200 2439 1303 109 43 2 0 0 48 422 1969 1628 29 0 0 0
3870 100 71 49 6 0 0 0 112 2195 1626 123 38 2 0 0 1 322 1649 2080 42 2 0 0
695 45 66 3225 65 0 0 0 27 324 840 2867 38 0 0 0 3146 366 370 214 0 0 0 0
1390 217 1191 1272 26 0 0 0 58 1021 2091 884 38 4 0 0 2164 455 910 531 34 2 0 0
2315 80 68 1384 249 0 0 0 270 1087 1087 1613 39 0 0 0 1677 544 1071 804 0 0 0 0
2111 164 105 1543 63 60 38 12 805 452 1875 784 42 72 50 16 2325 384 467 742 94 45 35 4
2180 743 272 195 243 124 177 162 483 410 1212 1323 221 51 153 243 1409 523 361 845 574 180 125 79
3215 198 93 59 77 120 200 134 717 1646 1009 143 78 112 191 200 921 666 1192 872 176 126 81 62
270 594 2675 404 138 15 0 0 40 639 2608 591 93 105 20 0 3709 183 77 96 31 0 0 0
1079 150 543 773 480 878 193 0 680 375 425 863 362 517 866 8 1785 471 575 922 335 8 0 0
703 145 121 210 554 1606 569 188 218 385 204 201 320 644 1810 314 310 165 580 1088 862 764 182 145
0 6 86 936 419 453 734 1462 0 0 10 230 915 328 748 1865 33 139 791 454 376 680 693 930
3892 98 62 29 6 9 0 0 3584 298 102 83 14 7 8 0 3939 129 16 10 2 0 0 0
4024 43 22 5 2 0 0 0 3121 871 79 21 4 0 0 0 3174 697 225 0 0 0 0 0
3976 65 44 11 0 0 0 0 1432 1341 1261 58 4 0 0 0 1411 445 1551 689 0 0 0 0
4086 10 0 0 0 0 0 0 1261 899 1927 9 0 0 0 0 1059 418 1410 1203 6 0 0 0
3644 230 178 42 2 0 0 0 893 1089 1910 173 31 0 0 0 1220 287 1547 1031 11 0 0 0
3782 235 36 36 7 0 0 0 905 1094 1976 93 28 0 0 0 1006 454 1631 986 19 0 0 0
4002 45 29 16 4 0 0 0 1401 774 1822 81 16 2 0 0 1270 312 1414 1088 12 0 0 0
3866 107 37 42 41 3 0 0 574 1384 1915 130 48 31 14 0 525 339 1869 1283 79 1 0 0
811 66 77 1055 928 874 243 42 97 381 373 1452 313 442 919 119 1131 467 571 586 517 659 120 45
2166 110 102 637 743 267 62 9 591 711 1054 695 319 456 235 35 1264 620 830 717 483 167 15 0
1634 57 68 1541 270 351 117 58 480 446 907 1606 83 110 350 114 2209 292 433 586 282 165 95 34
2313 341 233 944 120 74 42 29 958 499 1257 1059 148 68 54 53 2057 454 493 874 127 49 21 21
2686 781 402 142 54 30 1 0 758 490 1386 1288 150 20 4 0 1635 457 422 1297 202 83 0 0
2639 519 247 298 153 210 30 0 1252 1066 857 384 217 154 159 7 2125 798 487 400 136 135 15 0
411 458 1930 995 302 0 0 0 312 269 2028 912 548 27 0 0 3506 411 175 4 0 0 0 0
385 445 1422 1352 492 0 0 0 168 390 1313 1018 1161 46 0 0 3117 793 154 32 0 0 0 0
259 301 643 1931 912 50 0 0 118 235 360 1447 1659 254 23 0 2268 1132 379 271 46 0 0 0
519 203 301 1906 779 282 106 0 336 249 173 1499 1134 427 254 24 2225 720 351 464 210 106 20 0
2123 91 96 810 697 141 138 0 1930 222 96 348 860 436 165 39 2767 449 241 398 210 31 0 0
633 66 81 1380 1148 788 0 0 592 92 279 1580 1207 346 0 0 2206 1188 691 11 0 0 0 0
394 134 149 274 1550 1595 0 0 239 207 167 523 1424 1492 44 0 2438 1658 0 0 0 0 0 0
497 171 189 274 1050 1914 1 0 164 387 209 342 947 1867 180 0 2196 1816 84 0 0 0 0 0
600 174 165 270 958 1928 1 0 197 455 196 307 906 1927 108 0 2451 1519 125 1 0 0 0 0
709 149 164 280 933 1861 0 0 207 455 296 313 874 1908 43 0 2565 1313 218 0 0 0 0 0
797 159 191 278 846 1824 1 0 209 503 343 319 753 1905 64 0 2423 1351 322 0 0 0 0 0
918 159 174 267 524 2048 6 0 209 500 443 328 443 1747 426 0 1743 1903 450 0 0 0 0 0
259 82 124 2106 532 873 106 14 61 151 420 2005 354 663 417 25 2581 750 299 243 201 22 0 0
508 104 102 1265 850 1164 93 10 107 240 396 1412 639 877 401 24 2351 954 373 75 301 39 3 0
481 88 128 1092 690 1374 219 24 84 238 297 1383 319 1036 665 74 2097 471 301 236 601 342 43 5
1199 421 286 635 489 868 180 18 338 389 562 1220 462 650 402 73 1850 735 429 701 69 279 33 0
3645 233 34 32 86 54 12 0 8 1342 1598 986 83 54 24 1 1315 419 454 1885 23 0 0 0
1449 320 229 313 663 1012 109 1 462 1031 412 339 646 964 237 5 2318 1296 447 35 0 0 0 0
513 830 974 746 794 239 0 0 48 735 1118 918 881 376 20 0 2006 1086 805 197 2 0 0 0
510 691 853 731 770 541 0 0 11 565 1059 960 761 734 6 0 1273 1045 1462 312 4 0 0 0
217 317 486 1107 1427 531 11 0 0 21 552 1171 1482 794 76 0 474 1178 1636 755 53 0 0 0
427 336 353 950 1605 399 26 0 0 218 579 927 1707 602 63 0 1398 608 1248 778 61 3 0 0
556 236 249 727 2090 238 0 0 0 248 538 701 1577 993 39 0 914 452 1171 1066 467 26 0 0
236 138 518 1536 824 646 198 0 0 221 1099 987 721 432 598 38 1673 784 520 422 543 154 0 0
71 56 88 561 2067 956 297 0 0 14 182 1026 1309 457 1070 38 966 654 960 271 996 246 3 0
838 244 152 219 2599 44 0 0 0 177 861 276 2247 535 0 0 14 424 2606 1052 0 0 0 0
359 576 210 208 2460 283 0 0 0 35 847 371 1943 900 0 0 0 311 2925 860 0 0 0 0
666 352 96 122 2599 261 0 0 0 57 914 168 1908 1049 0 0 37 410 2471 1178 0 0 0 0
750 193 61 109 2560 423 0 0 0 89 817 121 1786 1283 0 0 281 447 2181 1185 2 0 0 0
548 267 62 105 2516 598 0 0 0 8 788 101 1867 1332 0 0 355 550 1920 1266 5 0 0 0
157 82 74 311 2061 1247 149 15 38 40 157 126 895 2123 625 92 116 207 610 1558 1356 165 83 1
136 139 57 120 1846 1480 216 102 0 38 224 79 667 1881 991 216 221 306 1068 632 1404 281 142 42
91 66 101 505 1043 1646 537 107 46 40 80 581 524 1266 1323 236 647 300 509 921 1290 398 31 0
282 653 560 579 1740 278 4 0 13 53 572 1248 1493 705 12 0 767 836 1616 876 1 0 0 0
2189 676 310 263 568 85 5 0 9 334 1442 1545 584 150 32 0 172 756 910 2067 191 0 0 0
197 411 529 658 1738 482 81 0 46 144 413 919 1644 679 247 4 604 1440 1573 479 0 0 0 0
0 276 668 184 499 2469 0 0 0 0 391 713 410 2565 17 0 777 2280 893 146 0 0 0 0
0 4 54 326 363 3349 0 0 0 0 17 248 423 3408 0 0 414 2787 798 97 0 0 0 0
0 0 10 50 173 3825 38 0 0 0 0 39 99 3817 141 0 0 1475 2357 264 0 0 0 0
0 0 0 4 289 3228 574 1 0 0 0 0 204 3110 779 3 0 522 2658 724 192 0 0 0
1 34 34 106 684 2338 763 136 0 0 23 92 359 2538 985 99 21 224 2478 1018 355 0 0 0
2 14 17 149 506 3265 143 0 0 1 8 41 354 2904 782 6 17 617 1652 606 1078 126 0 0
0 0 0 17 1416 2464 199 0 0 0 0 0 261 2826 935 74 0 3 633 1261 1985 214 0 0
0 0 0 0 192 3904 0 0 0 0 0 0 99 3988 9 0 0 57 4037 2 0 0 0 0
0 0 0 11 216 3844 25 0 0 0 0 2 162 3694 238 0 0 73 4021 2 0 0 0 0
0 14 51 98 203 3719 11 0 0 0 8 115 181 3713 79 0 0 29 4039 28 0 0 0 0
28 81 82 98 199 3608 0 0 0 4 102 150 180 3660 0 0 0 26 4022 48 0 0 0 0
89 142 71 101 193 3500 0 0 0 3 207 156 175 3542 13 0 0 0 3647 449 0 0 0 0
133 506 424 665 747 1614 7 0 0 137 625 601 794 1665 274 0 830 469 1508 1147 135 7 0 0
578 700 241 412 446 1410 146 163 0 804 538 465 379 1483 211 216 1435 369 1429 493 112 123 104 31
4 66 235 691 993 1684 346 77 0 4 63 492 875 1899 446 317 207 469 1727 734 559 281 100 19
199 528 617 297 278 2139 20 18 0 6 376 1130 298 2221 35 30 77 371 2512 1077 23 9 27 0
2497 659 147 138 193 462 0 0 3 339 1577 1438 204 533 2 0 138 815 940 1908 295 0 0 0
387 376 292 398 463 2180 0 0 0 85 694 564 517 2236 0 0 44 1443 2107 502 0 0 0 0
2 2071 1274 390 359 0 0 0 0 126 2351 1151 355 113 0 0 13 1393 2305 385 0 0 0 0
0 351 1161 1380 1111 93 0 0 0 1 500 1644 913 997 41 0 0 117 657 2763 559 0 0 0
0 0 335 654 2427 674 6 0 0 0 0 428 1255 2084 329 0 0 0 96 1856 2144 0 0 0
0 0 0 118 2528 936 459 55 0 0 0 0 237 2677 1069 113 0 0 0 542 3526 28 0 0
798 438 232 643 1168 443 224 150 0 128 1084 406 815 1236 263 164 0 9 1243 2015 828 1 0 0
1004 555 172 148 686 1345 186 0 0 136 1315 323 374 1496 406 46 0 15 1254 1810 655 347 15 0
177 94 145 341 1925 1267 147 0 45 59 122 203 796 2029 789 53 123 77 300 1879 1580 137 0 0
63 169 214 307 1027 2274 42 0 17 20 149 350 701 2654 185 20 40 141 3086 488 251 75 15 0
6 17 71 266 619 3112 5 0 0 0 19 253 325 3192 307 0 0 21 3382 537 156 0 0 0
0 0 0 8 371 3698 19 0 0 0 0 0 235 2993 868 0 0 0 2819 1135 142 0 0 0
0 0 0 0 382 3698 16 0 0 0 0 0 214 3261 621 0 0 0 3108 954 34 0 0 0
0 0 0 0 375 3721 0 0 0 0 0 0 209 3509 378 0 0 0 3351 738 7 0 0 0
0 0 0 0 479 3617 0 0 0 0 0 0 324 3720 52 0 0 16 3943 137 0 0 0 0
0 76 94 157 591 3178 0 0 0 0 84 155 478 3336 43 0 0 106 3740 250 0 0 0 0
1 50 128 182 637 3098 0 0 0 0 52 186 436 3391 31 0 1 177 3631 287 0 0 0 0
5 18 121 202 537 3212 1 0 0 2 43 197 433 3258 163 0 174 1116 2348 458 0 0 0 0
3 4 10 58 468 3551 2 0 0 0 5 32 222 3710 127 0 277 1066 1775 978 0 0 0 0
0 0 0 0 412 3591 93 0 0 0 0 0 195 3503 398 0 98 2565 1414 19 0 0 0 0
0 73 164 346 3513 0 0 0 0 5 130 317 562 3082 0 0 0 107 477 3511 1 0 0 0
131 105 116 1246 2498 0 0 0 0 0 200 192 922 2782 0 0 0 1 67 2318 1710 0 0 0
106 126 100 1194 2569 1 0 0 0 6 203 167 988 2732 0 0 0 0 16 1958 2122 0 0 0
0 0 14 1403 2679 0 0 0 0 0 0 18 1237 2841 0 0 0 0 0 2003 2093 0 0 0
0 0 0 1175 2691 230 0 0 0 0 0 0 1233 2805 58 0 0 0 0 2066 2030 0 0 0
181 101 155 790 1724 977 161 7 0 7 224 251 812 1926 802 74 3 26 158 2006 1543 307 53 0
186 150 240 785 1122 939 600 74 26 97 147 357 846 1044 1104 475 192 281 432 1101 1070 789 228 3
129 409 824 1385 1000 231 92 26 3 46 282 1412 1136 859 255 103 96 387 801 2052 530 183 47 0
1362 638 351 1249 496 0 0 0 0 26 1861 634 1162 413 0 0 0 1 210 3555 329 1 0 0
1458 580 313 1270 398 77 0 0 0 43 1860 570 1394 229 0 0 0 0 155 3655 286 0 0 0
461 486 538 1694 350 558 9 0 0 11 771 1097 1549 551 117 0 0 33 875 3168 20 0 0 0
790 478 557 825 273 1139 34 0 0 13 1069 1039 747 945 283 0 0 53 1395 2628 20 0 0 0
819 615 631 835 515 676 5 0 0 40 1199 1087 874 633 263 0 2 78 1022 2944 50 0 0 0
1217 646 570 340 261 1062 0 0 0 123 1548 926 303 1125 71 0 1 44 1133 2909 9 0 0 0
1766 446 409 233 242 1000 0 0 0 132 1971 662 189 926 216 0 0 19 882 3190 5 0 0 0
1579 865 265 249 281 857 0 0 0 30 2321 487 307 619 332 0 25 134 857 3054 26 0 0 0
866 426 715 769 499 810 11 0 0 23 926 1505 681 670 291 0 44 162 723 3087 80 0 0 0
1196 736 482 537 542 525 78 0 0 189 1524 931 564 690 193 5 120 411 672 2541 351 1 0 0
