0 0 0 0 0 1840 2256 0 0 0 0 0 3838 258 0 0 0 20 3996 80 0 0 0 0
0 0 0 0 0 270 3826 0 0 0 0 0 2804 1292 0 0 0 5 3582 509 0 0 0 0
0 0 0 0 0 283 2667 1146 0 0 37 91 1090 1947 97 834 0 28 1331 1609 159 92 78 799
0 0 0 0 94 599 3400 3 0 38 223 266 1419 2150 0 0 69 409 2215 1403 0 0 0 0
0 0 0 0 0 0 3991 105 0 0 0 0 26 4070 0 0 0 0 604 3492 0 0 0 0
0 0 0 0 0 0 3905 191 0 0 0 0 7 4089 0 0 0 0 239 3857 0 0 0 0
0 0 0 0 0 0 4031 65 0 0 0 0 11 4085 0 0 0 0 763 3333 0 0 0 0
0 0 0 0 0 0 4081 15 0 0 0 0 19 4077 0 0 0 0 1270 2826 0 0 0 0
0 0 0 0 0 0 4079 17 0 0 0 0 109 3987 0 0 0 0 1267 2829 0 0 0 0
0 0 0 0 0 0 4051 45 0 0 0 0 14 4082 0 0 0 0 502 3594 0 0 0 0
0 0 0 0 0 0 3710 386 0 0 0 0 1 4095 0 0 0 0 183 3913 0 0 0 0
0 0 0 0 0 0 3604 492 0 0 0 0 0 4095 1 0 0 0 180 3916 0 0 0 0
0 0 0 0 0 0 3986 110 0 0 0 0 2 4094 0 0 0 0 556 3540 0 0 0 0
0 0 0 0 0 12 4079 5 0 0 0 0 370 3726 0 0 0 1 2075 2020 0 0 0 0
0 0 0 0 0 30 4066 0 0 0 0 0 1131 2965 0 0 0 0 3351 745 0 0 0 0
0 0 0 0 0 206 3890 0 0 0 0 0 2784 1312 0 0 0 0 3818 278 0 0 0 0
0 0 0 0 0 1372 2724 0 0 0 0 0 3694 402 0 0 0 1 3975 120 0 0 0 0
0 0 0 0 0 2652 1444 0 0 0 0 0 4046 50 0 0 0 1 4070 25 0 0 0 0
0 0 0 0 2 3781 313 0 0 0 0 6 4078 12 0 0 0 64 4013 19 0 0 0 0
0 0 0 0 26 4021 49 0 0 0 0 75 4018 3 0 0 2 365 3708 21 0 0 0 0
0 0 0 0 0 2335 1761 0 0 0 0 0 4022 74 0 0 0 7 4048 41 0 0 0 0
0 0 0 0 0 498 3598 0 0 0 0 0 3610 486 0 0 0 2 3884 210 0 0 0 0
0 0 0 0 0 352 2766 978 0 5 346 388 2569 765 12 11 2 256 2806 820 128 55 17 12
0 0 0 0 79 697 3319 1 0 78 204 262 1715 1837 0 0 108 376 2348 1264 0 0 0 0
0 0 0 0 0 0 3866 230 0 0 0 0 13 4083 0 0 0 0 375 3721 0 0 0 0
0 0 0 0 0 0 3358 738 0 0 0 0 3 4091 2 0 0 0 218 3878 0 0 0 0
0 0 0 0 0 0 3732 364 0 0 0 0 7 4088 1 0 0 0 305 3791 0 0 0 0
0 0 0 0 0 0 4056 40 0 0 0 0 28 4068 0 0 0 0 620 3476 0 0 0 0
0 0 0 0 0 2 4084 10 0 0 0 0 170 3926 0 0 0 0 1560 2536 0 0 0 0
0 0 0 0 0 0 4081 15 0 0 0 0 22 4074 0 0 0 0 798 3298 0 0 0 0
0 0 0 0 0 0 3695 401 0 0 0 0 5 4088 3 0 0 0 250 3844 2 0 0 0
0 0 0 0 0 0 2876 1220 0 0 0 0 0 4068 28 0 0 0 105 3991 0 0 0 0
0 0 0 0 0 0 3075 1021 0 0 0 0 5 4081 10 0 0 0 182 3914 0 0 0 0
0 0 0 0 0 10 3934 152 0 0 0 0 218 3877 1 0 0 0 1203 2893 0 0 0 0
0 0 0 0 0 22 4074 0 0 0 0 0 1338 2758 0 0 0 0 3015 1081 0 0 0 0
0 0 0 0 0 399 3697 0 0 0 0 0 3269 827 0 0 0 2 3846 248 0 0 0 0
0 0 0 0 0 1012 3084 0 0 0 0 0 3728 368 0 0 0 0 3935 161 0 0 0 0
0 0 0 0 22 1767 2307 0 0 0 0 39 3819 238 0 0 2 43 3805 246 0 0 0 0
0 0 0 0 0 1822 2274 0 0 0 0 0 3777 319 0 0 0 7 3859 230 0 0 0 0
0 0 0 0 1 3664 431 0 0 0 0 14 4049 33 0 0 0 137 3904 55 0 0 0 0
0 0 0 0 0 554 3542 0 0 0 0 0 2582 1514 0 0 0 1 3457 638 0 0 0 0
0 0 0 0 0 50 4042 4 0 0 0 0 1275 2821 0 0 0 0 2306 1790 0 0 0 0
0 0 0 0 0 120 2874 1102 0 7 350 366 1126 2247 0 0 1 195 1873 1894 95 38 0 0
0 0 0 0 45 472 3100 479 3 147 138 193 835 2779 1 0 137 312 1170 2474 3 0 0 0
0 0 0 0 0 0 1102 2994 0 0 0 0 0 4043 53 0 0 0 14 4081 1 0 0 0
0 0 0 0 0 0 312 3784 0 0 0 0 0 3859 237 0 0 0 3 4084 9 0 0 0
0 0 0 0 0 0 675 3421 0 0 0 0 0 3919 177 0 0 0 14 4079 3 0 0 0
0 0 0 0 0 0 2174 1922 0 0 0 0 0 4087 9 0 0 0 27 4068 1 0 0 0
0 0 0 0 0 0 3120 976 0 0 0 0 31 4060 5 0 0 0 440 3655 1 0 0 0
0 0 0 0 0 0 2528 1568 0 0 0 0 2 4066 28 0 0 0 105 3989 2 0 0 0
0 0 0 0 0 0 816 3280 0 0 0 0 0 3892 204 0 0 0 20 4070 6 0 0 0
0 0 0 0 0 0 242 3854 0 0 0 0 0 3536 560 0 0 0 7 4079 10 0 0 0
0 0 0 0 0 0 400 3696 0 0 0 0 0 3821 275 0 0 0 11 4076 9 0 0 0
0 0 0 0 0 0 2623 1473 0 0 0 0 7 4071 18 0 0 0 173 3917 6 0 0 0
0 0 0 0 0 0 4028 68 0 0 0 0 47 4049 0 0 0 0 780 3315 1 0 0 0
0 0 0 0 0 13 4082 1 0 0 0 0 663 3433 0 0 0 0 2015 2081 0 0 0 0
0 0 0 0 0 41 4055 0 0 0 0 0 1430 2666 0 0 0 0 2902 1194 0 0 0 0
0 0 0 0 85 1188 2823 0 0 0 3 198 3064 831 0 0 8 240 3242 606 0 0 0 0
0 0 0 0 0 587 3509 0 0 0 0 0 3332 764 0 0 0 4 3641 451 0 0 0 0
0 0 0 0 0 2697 1399 0 0 0 0 1 4005 90 0 0 0 5 4011 80 0 0 0 0
0 0 0 0 0 32 4064 0 0 0 0 0 1000 3096 0 0 0 0 2927 1169 0 0 0 0
0 0 0 0 0 0 4053 43 0 0 0 0 70 4026 0 0 0 0 614 3482 0 0 0 0
0 0 0 0 0 12 2504 1580 0 0 95 147 103 2952 76 723 0 33 438 2693 133 58 61 680
0 0 0 11 97 184 2913 891 13 119 66 72 486 3323 16 1 122 143 835 2993 2 1 0 0
0 0 0 0 0 0 433 3663 0 0 0 0 0 3867 229 0 0 0 25 4042 29 0 0 0
0 0 0 0 0 0 198 3898 0 0 0 0 0 3711 385 0 0 0 7 4066 23 0 0 0
0 0 0 0 0 0 544 3552 0 0 0 0 10 3872 214 0 0 0 99 3977 20 0 0 0
0 0 0 0 0 0 855 3241 0 0 0 0 0 4042 54 0 0 0 9 4085 2 0 0 0
0 0 0 0 1 15 1982 2098 0 0 0 1 77 3999 19 0 0 3 254 3833 6 0 0 0
0 0 0 0 13 162 2335 1586 0 0 2 90 421 3537 46 0 12 138 728 3204 14 0 0 0
0 0 0 0 0 0 679 3417 0 0 0 0 0 3937 159 0 0 0 15 4079 2 0 0 0
0 0 0 0 0 0 747 3349 0 0 0 0 0 3958 138 0 0 0 19 4068 9 0 0 0
0 0 0 0 155 662 884 2395 0 0 0 123 693 3210 70 0 24 164 548 3351 9 0 0 0
0 0 0 0 39 275 2833 949 0 0 0 110 226 3693 67 0 48 98 387 3259 300 4 0 0
0 0 0 0 0 16 4007 73 0 0 0 14 24 4058 0 0 16 8 415 3657 0 0 0 0
0 0 0 0 0 2 4086 8 0 0 0 0 75 4021 0 0 0 0 867 3229 0 0 0 0
0 0 0 0 0 20 4074 2 0 0 0 0 538 3558 0 0 0 1 2067 2028 0 0 0 0
0 0 0 0 0 146 3950 0 0 0 0 0 2280 1816 0 0 0 1 3284 811 0 0 0 0
0 0 0 0 0 742 3354 0 0 0 0 0 3490 606 0 0 0 2 3754 340 0 0 0 0
0 0 0 0 0 2398 1698 0 0 0 0 0 3973 123 0 0 0 3 3993 100 0 0 0 0
0 0 0 1 33 161 3899 2 0 0 22 97 900 3077 0 0 84 42 2744 1226 0 0 0 0
0 0 0 0 3 23 4017 53 0 2 1 5 219 3867 2 0 3 3 977 3112 1 0 0 0
0 0 0 10 56 252 2091 1687 0 17 42 149 366 2669 161 692 61 199 441 2442 181 54 42 676
0 0 0 0 0 0 2056 2040 0 0 0 0 1 3683 64 348 0 0 101 3598 42 25 27 303
0 0 0 0 0 0 1432 2664 0 0 0 0 2 4030 64 0 0 0 59 4022 15 0 0 0
0 0 0 0 0 0 850 3246 0 0 0 0 0 3981 115 0 0 0 58 4018 20 0 0 0
2 88 56 55 72 133 933 2757 37 117 54 101 159 3507 121 0 49 226 296 3508 17 0 0 0
0 0 0 0 40 157 1557 2342 0 0 1 74 134 3863 24 0 0 63 179 3853 1 0 0 0
0 0 4 53 237 536 1611 1655 0 12 73 326 558 2999 128 0 38 379 670 3004 5 0 0 0
0 0 0 35 273 675 1678 1435 0 1 52 417 616 2990 20 0 44 561 700 2788 3 0 0 0
0 2 7 78 330 660 1747 1272 0 12 83 499 564 2919 19 0 81 545 600 2867 3 0 0 0
0 0 0 0 0 1 2550 1545 0 0 0 0 4 4068 24 0 0 0 143 3941 12 0 0 0
0 0 0 6 334 1771 1392 593 0 0 0 113 1764 1807 147 265 0 9 735 2800 185 206 116 45
7 80 100 99 201 499 2528 582 21 176 189 321 436 1710 1209 34 297 399 891 1030 880 599 0 0
2 43 67 62 129 428 3265 100 27 93 138 197 560 3056 22 3 234 268 1423 2142 29 0 0 0
0 0 0 0 0 6 4088 2 0 0 0 0 283 3813 0 0 0 0 1624 2472 0 0 0 0
0 0 0 2 37 220 3837 0 0 8 31 66 1468 2523 0 0 27 61 3050 958 0 0 0 0
0 0 0 0 4 587 3505 0 0 0 1 31 3066 998 0 0 3 41 3607 445 0 0 0 0
0 0 0 0 0 1279 2817 0 0 0 0 7 3736 353 0 0 0 30 3716 350 0 0 0 0
0 0 0 0 0 3080 1016 0 0 0 0 0 4032 64 0 0 0 30 3969 97 0 0 0 0
6 136 165 222 330 897 2340 0 42 358 332 242 2189 933 0 0 459 502 2678 457 0 0 0 0
0 0 0 0 0 74 4014 8 0 0 0 0 1053 3043 0 0 0 5 2449 1642 0 0 0 0
0 0 0 23 114 712 2438 809 3 31 35 364 1150 2303 99 111 100 488 1298 1929 119 37 23 102
0 0 0 0 0 24 2928 1144 0 7 88 103 122 3066 47 663 0 64 742 2576 24 28 30 632
0 0 0 0 0 1 3531 564 0 0 0 0 42 4034 20 0 0 0 447 3643 6 0 0 0
0 0 0 0 0 0 3181 915 0 0 0 0 25 4043 28 0 0 0 340 3735 21 0 0 0
0 5 43 120 309 240 2741 638 7 54 171 289 330 3233 12 0 97 367 900 2726 6 0 0 0
0 0 3 10 7 452 3134 490 0 1 9 37 716 3323 10 0 0 48 1156 2888 4 0 0 0
0 14 169 163 449 737 2252 312 0 150 232 486 990 1951 287 0 176 649 1414 1161 689 7 0 0
0 0 0 23 223 661 2818 371 0 1 100 246 889 2797 63 0 43 331 952 2252 514 4 0 0
0 0 0 7 52 524 3432 81 0 0 9 81 1090 2895 21 0 6 125 1549 2187 229 0 0 0
0 0 14 74 197 433 2333 1045 10 50 104 199 508 3131 94 0 291 330 646 2809 20 0 0 0
0 15 154 247 409 921 1460 890 14 122 253 339 842 1733 534 259 348 418 762 1618 564 180 85 121
0 5 105 140 115 209 2730 792 0 55 142 137 337 2386 991 48 72 182 1405 1240 430 761 6 0
0 0 0 0 0 28 4067 1 0 0 0 0 632 3464 0 0 0 1 2556 1539 0 0 0 0
0 0 0 0 0 103 3993 0 0 0 0 0 1531 2565 0 0 0 6 3119 971 0 0 0 0
0 11 11 8 11 619 3436 0 12 10 11 15 3154 894 0 0 26 29 3688 353 0 0 0 0
0 0 0 0 0 1499 2597 0 0 0 0 0 3817 279 0 0 0 22 3878 196 0 0 0 0
0 0 0 0 1 2951 1144 0 0 0 0 2 4024 70 0 0 0 31 4019 46 0 0 0 0
0 0 0 4 2 3847 243 0 0 0 1 9 4068 18 0 0 2 97 3974 23 0 0 0 0
0 0 0 0 2 1698 2396 0 0 0 0 3 3749 344 0 0 0 34 3886 176 0 0 0 0
0 0 0 0 4 217 3874 1 0 0 6 10 2567 1513 0 0 10 5 3449 632 0 0 0 0
0 0 0 0 0 45 4040 11 0 0 0 0 1367 2729 0 0 0 3 3128 965 0 0 0 0
0 0 0 0 0 192 2949 955 0 68 466 379 780 2403 0 0 1 370 2350 1373 2 0 0 0
0 0 0 0 0 1 4080 15 0 0 0 0 182 3914 0 0 0 0 1601 2495 0 0 0 0
0 0 0 0 0 26 4046 24 0 0 0 0 445 3651 0 0 0 6 1819 2271 0 0 0 0
11 376 529 631 383 367 1665 134 182 1027 527 359 593 1403 5 0 1333 932 941 890 0 0 0 0
17 149 257 222 538 828 2070 15 118 411 571 480 1016 1498 2 0 1143 512 1664 776 1 0 0 0
0 12 145 219 635 1147 1769 169 2 151 324 689 1811 944 172 3 274 916 2082 578 235 11 0 0
0 2 19 146 444 1323 2126 36 0 32 191 601 2179 1077 16 0 117 810 2457 678 34 0 0 0
0 0 0 23 173 1702 2148 50 0 0 34 311 2730 1011 10 0 32 451 3044 551 18 0 0 0
0 4 109 277 365 897 2135 309 22 180 279 401 1297 1895 22 0 939 881 1355 917 4 0 0 0
46 59 189 240 408 1098 1539 517 104 228 275 471 1456 1390 168 4 619 732 1637 996 104 7 1 0
290 260 138 129 227 755 2134 163 569 191 222 343 1491 1082 187 11 923 442 1915 564 231 20 1 0
0 0 0 0 0 489 3606 1 0 0 0 0 2747 1349 0 0 0 4 3516 576 0 0 0 0
0 0 0 0 27 1576 2493 0 0 0 0 91 3564 441 0 0 0 77 3756 263 0 0 0 0
78 122 243 707 1445 1193 308 0 701 811 692 765 1107 20 0 0 1713 1248 1114 21 0 0 0 0
0 0 5 298 1249 1934 610 0 0 5 475 1581 2010 25 0 0 195 2060 1801 40 0 0 0 0
71 185 122 454 1489 1584 191 0 273 343 795 1444 1232 9 0 0 911 2008 1155 22 0 0 0 0
172 508 208 783 1335 1075 14 1 660 535 761 1291 843 6 0 0 1504 1771 803 18 0 0 0 0
0 41 346 260 335 2986 128 0 39 493 289 345 2923 7 0 0 724 670 2691 11 0 0 0 0
48 173 630 670 692 1217 666 0 201 1096 678 481 1574 66 0 0 1513 1027 1486 70 0 0 0 0
12 111 213 249 470 1264 1777 0 159 261 261 533 2459 423 0 0 380 727 2643 344 2 0 0 0
21 64 147 157 431 832 1564 880 103 442 823 773 1360 595 0 0 400 1311 2139 246 0 0 0 0
6 25 92 228 914 875 1956 0 35 114 343 1111 1477 1016 0 0 262 1443 1819 572 0 0 0 0
0 6 44 236 1442 979 1389 0 13 71 420 1690 1372 530 0 0 378 1970 1473 275 0 0 0 0
98 1416 814 410 475 391 323 169 1489 1012 378 519 318 355 25 0 2710 735 313 320 18 0 0 0
266 538 339 376 749 1160 594 74 503 928 704 896 862 178 25 0 1376 1553 929 209 29 0 0 0
0 8 20 1226 197 2043 602 0 9 31 1269 210 2535 42 0 0 527 1035 2495 39 0 0 0 0
0 12 79 536 764 2094 611 0 22 99 627 1064 2239 45 0 0 519 1409 2110 58 0 0 0 0
0 7 101 511 1138 1977 338 24 23 97 805 1479 1642 32 18 0 638 1868 1539 33 18 0 0 0
0 6 72 604 1704 1234 476 0 0 95 1260 2659 82 0 0 0 641 3115 340 0 0 0 0 0
83 629 423 431 1375 763 391 1 553 746 937 1637 223 0 0 0 1519 2250 326 1 0 0 0 0
1006 1516 524 265 256 395 134 0 2283 984 437 170 201 21 0 0 3221 622 223 30 0 0 0 0
0 28 29 649 1114 1527 749 0 19 56 294 1470 2178 79 0 0 307 1573 2109 107 0 0 0 0
0 1 29 1438 807 1684 137 0 0 14 1012 1385 1672 13 0 0 429 2003 1637 27 0 0 0 0
2 224 1663 1452 707 45 3 0 40 1808 1721 500 27 0 0 0 2498 1546 51 1 0 0 0 0
0 214 1796 1311 719 56 0 0 19 1668 1852 556 1 0 0 0 2592 1496 8 0 0 0 0 0
1189 685 689 816 608 106 3 0 1848 723 1111 364 48 2 0 0 3069 959 68 0 0 0 0 0
869 620 647 468 706 433 351 2 1321 870 690 506 560 149 0 0 2653 646 506 291 0 0 0 0
39 1134 1210 597 337 772 7 0 701 2086 469 394 446 0 0 0 2747 952 396 1 0 0 0 0
99 1077 1840 828 180 69 3 0 644 2610 682 122 37 1 0 0 3026 1044 26 0 0 0 0 0
35 527 1917 1112 323 166 16 0 209 2331 1174 259 120 3 0 0 2581 1406 108 1 0 0 0 0
0 10 373 563 196 533 1093 1328 41 596 703 443 1098 237 66 912 2078 772 139 81 54 52 61 859
0 84 1037 1300 567 107 926 75 12 879 1729 547 916 13 0 0 2550 1514 32 0 0 0 0 0
1 190 1531 1557 596 221 0 0 28 1392 2037 635 4 0 0 0 2550 1524 22 0 0 0 0 0
3 501 1254 807 533 330 339 329 214 1647 893 511 238 368 224 1 2236 1023 246 395 192 4 0 0
336 1042 1125 349 905 330 9 0 643 1767 602 934 150 0 0 0 2614 1228 253 1 0 0 0 0
5 78 361 1856 306 1475 15 0 71 190 1851 753 1231 0 0 0 1266 2784 46 0 0 0 0 0
0 0 39 1317 919 1794 27 0 0 14 1061 1499 1522 0 0 0 758 3320 18 0 0 0 0 0
0 0 70 1064 850 2079 33 0 0 22 994 1541 1539 0 0 0 860 3209 27 0 0 0 0 0
0 0 251 941 835 2050 19 0 1 114 1422 2336 223 0 0 0 1872 2217 7 0 0 0 0 0
97 513 273 408 840 1875 90 0 668 754 749 1536 389 0 0 0 2376 1694 26 0 0 0 0 0
924 1807 310 327 430 294 4 0 2427 866 656 120 27 0 0 0 3624 454 17 1 0 0 0 0
0 0 0 128 472 3395 101 0 0 1 245 705 3145 0 0 0 289 3705 102 0 0 0 0 0
0 0 0 75 120 3846 55 0 0 0 56 815 3225 0 0 0 95 3939 62 0 0 0 0 0
0 0 0 0 1162 2921 13 0 0 0 210 2875 1011 0 0 0 1290 2801 5 0 0 0 0 0
0 0 0 0 472 3612 12 0 0 0 2 2307 1787 0 0 0 382 3701 13 0 0 0 0 0
1017 687 98 235 587 1420 31 21 1663 394 356 1066 585 16 16 0 2398 1632 41 16 9 0 0 0
518 453 338 455 1018 1245 43 26 1008 869 542 1305 318 44 10 0 2457 1557 46 28 8 0 0 0
0 71 333 654 1405 1633 0 0 3 437 957 2557 142 0 0 0 1686 2402 8 0 0 0 0 0
0 61 675 132 2059 1169 0 0 19 668 860 2446 103 0 0 0 2573 1523 0 0 0 0 0 0
0 32 348 126 907 2672 11 0 6 367 281 2381 1061 0 0 0 1129 2951 16 0 0 0 0 0
9 71 61 40 141 1467 1260 1047 74 102 426 1197 1227 79 59 932 1965 912 112 66 52 50 58 881
7 117 39 33 188 2769 937 6 112 66 243 1957 1713 5 0 0 1575 2456 65 0 0 0 0 0
0 0 0 0 63 3651 382 0 0 0 1 1058 3037 0 0 0 289 3772 35 0 0 0 0 0
0 23 222 1161 976 765 304 645 15 518 1368 934 431 287 409 134 1602 1473 215 263 376 167 0 0
26 359 364 234 939 2143 27 4 57 658 415 2475 485 6 0 0 1431 2469 192 4 0 0 0 0
0 0 0 0 4 2478 1464 150 0 0 0 271 2970 741 74 40 54 2471 1371 120 54 26 0 0
0 0 0 0 0 2748 1193 155 0 0 0 104 3419 459 71 43 46 3115 750 102 64 19 0 0
0 0 0 0 0 2984 973 139 0 0 0 52 3867 61 96 20 26 3714 221 52 78 5 0 0
0 0 0 0 0 3316 652 128 0 0 0 208 3727 64 93 4 97 3809 70 67 53 0 0 0
324 467 241 35 27 1954 954 94 650 397 29 121 2758 73 63 5 1042 2383 574 51 44 2 0 0
1135 2113 270 96 211 213 50 8 2652 921 177 150 182 7 7 0 3593 470 23 6 4 0 0 0
0 0 0 0 51 3223 574 248 0 0 43 151 3579 136 184 3 108 3512 228 178 70 0 0 0
0 0 0 0 0 3335 637 124 0 0 0 75 3857 77 87 0 39 3824 115 64 54 0 0 0
0 0 0 0 0 3608 382 106 0 0 0 211 3729 79 76 1 32 3838 121 64 41 0 0 0
0 0 0 0 1 3822 176 97 0 0 0 546 3407 69 73 1 53 3850 85 77 31 0 0 0
207 419 90 85 127 3075 59 34 579 184 91 997 2196 27 22 0 934 3021 100 31 10 0 0 0
119 756 366 551 376 1928 0 0 949 851 210 1237 849 0 0 0 2008 2075 13 0 0 0 0 0
0 0 0 0 127 3584 267 118 0 0 0 2727 1080 241 48 0 350 3343 248 142 13 0 0 0
0 0 0 0 41 3872 90 93 0 0 0 2297 1670 67 62 0 248 3656 95 63 34 0 0 0
0 0 0 0 0 3738 249 109 0 0 0 472 3483 59 80 2 36 3835 114 56 55 0 0 0
107 816 281 170 209 1494 351 668 1021 377 582 482 1375 33 37 189 1521 1982 320 32 35 12 13 181
36 449 231 138 182 1901 921 238 664 349 318 396 2278 35 46 10 1003 2751 270 37 34 1 0 0
0 0 0 0 0 904 2993 199 0 0 0 5 3829 99 100 63 36 3254 586 71 105 24 20 0
0 0 1 309 1410 1175 427 774 0 18 706 1757 597 336 357 325 756 1956 416 225 352 279 112 0
2 99 218 254 352 1904 1184 83 64 320 337 561 2703 52 42 17 668 3098 252 31 46 1 0 0
0 0 0 0 0 1047 3041 8 0 0 0 11 3555 523 7 0 8 2010 2036 38 4 0 0 0
0 0 0 0 0 1031 3062 3 0 0 0 1 3646 449 0 0 3 2341 1727 25 0 0 0 0
0 0 0 0 0 2141 1955 0 0 0 0 2 4094 0 0 0 0 3636 460 0 0 0 0 0
0 0 0 0 0 1592 2504 0 0 0 0 8 4087 1 0 0 4 3796 296 0 0 0 0 0
1397 349 66 87 194 1300 703 0 1751 131 203 125 1868 18 0 0 1982 1750 355 8 1 0 0 0
3117 558 48 73 146 140 14 0 3671 79 107 140 98 1 0 0 3819 181 92 4 0 0 0 0
1 31 32 27 147 2602 948 308 22 53 90 336 3171 186 238 0 252 3047 473 299 25 0 0 0
0 0 0 0 0 3180 606 310 0 0 0 82 3650 128 236 0 18 3585 203 271 19 0 0 0
0 0 0 0 0 3911 185 0 0 0 0 341 3755 0 0 0 8 4057 31 0 0 0 0 0
0 0 0 0 2 4033 61 0 0 0 0 956 3140 0 0 0 52 4017 27 0 0 0 0 0
78 321 146 137 358 3046 10 0 393 204 180 2264 1055 0 0 0 998 3061 37 0 0 0 0 0
124 306 311 549 912 1894 0 0 394 798 345 2119 440 0 0 0 1831 2238 24 3 0 0 0 0
0 0 0 2 419 3622 45 8 0 12 327 2997 719 41 0 0 536 3483 66 11 0 0 0 0
0 0 0 0 24 4058 14 0 0 0 0 2117 1979 0 0 0 62 4002 32 0 0 0 0 0
0 0 0 0 0 3887 209 0 0 0 0 457 3639 0 0 0 19 3962 115 0 0 0 0 0
131 609 144 92 107 2512 465 36 819 172 100 299 2706 0 0 0 1041 2857 196 2 0 0 0 0
1 82 158 164 251 2225 550 665 303 482 637 409 2265 0 0 0 488 3166 430 9 3 0 0 0
0 0 0 0 0 1330 2210 556 0 0 0 8 3484 81 129 394 4 2974 480 64 108 109 232 125
0 0 0 82 1357 1550 645 462 0 2 363 1881 1107 357 272 114 355 2363 701 214 217 169 77 0
0 37 330 271 376 1229 1851 2 20 402 391 384 2821 78 0 0 667 2958 456 15 0 0 0 0
0 0 0 0 42 1106 2948 0 0 0 30 21 4043 2 0 0 22 3514 560 0 0 0 0 0
0 0 0 0 23 894 3179 0 0 0 12 17 4056 11 0 0 3 3488 605 0 0 0 0 0
0 0 0 0 0 1920 2176 0 0 0 0 10 4086 0 0 0 1 3953 142 0 0 0 0 0
0 0 0 0 0 1048 3048 0 0 0 0 1 4092 3 0 0 0 3725 371 0 0 0 0 0
1 31 50 77 865 1946 1126 0 41 107 959 946 2041 2 0 0 1053 2723 320 0 0 0 0 0
49 70 40 54 919 2537 427 0 128 99 1271 1057 1512 29 0 0 1350 2306 438 2 0 0 0 0
0 0 2 0 7 3802 285 0 1 1 1 668 3425 0 0 0 112 3912 72 0 0 0 0 0
0 0 0 0 0 3304 608 184 0 0 0 119 3759 78 140 0 11 3757 137 178 13 0 0 0
0 0 0 0 0 3153 425 518 0 0 0 247 3253 141 455 0 27 3314 242 361 152 0 0 0
0 0 0 0 2 4025 69 0 0 0 0 1047 3047 2 0 0 43 4005 48 0 0 0 0 0
0 0 0 0 220 3867 9 0 0 0 1 2849 1246 0 0 0 444 3627 25 0 0 0 0 0
0 0 0 0 651 3443 2 0 0 0 8 3213 875 0 0 0 776 3297 23 0 0 0 0 0
0 0 0 0 788 3306 2 0 0 2 352 3298 444 0 0 0 659 3406 31 0 0 0 0 0
0 0 0 0 50 4030 16 0 0 0 0 2187 1909 0 0 0 86 3966 44 0 0 0 0 0
0 0 0 0 1 3992 103 0 0 0 0 660 3436 0 0 0 11 4002 83 0 0 0 0 0
1 12 57 126 254 3557 89 0 24 107 115 1321 2529 0 0 0 377 3591 128 0 0 0 0 0
0 9 31 120 220 1890 941 885 15 77 234 696 2210 97 59 708 160 2109 904 87 72 43 56 665
0 0 3 103 68 1035 1793 1094 0 34 108 64 2714 119 342 715 98 2221 560 65 239 221 233 459
0 0 31 162 1169 1955 646 133 0 57 307 2021 1398 184 90 39 317 2530 927 164 69 56 33 0
0 43 425 395 539 1378 1316 0 11 571 524 505 2366 119 0 0 862 2678 516 40 0 0 0 0
0 1 32 101 63 1109 2790 0 0 86 75 50 3878 7 0 0 170 3571 355 0 0 0 0 0
0 0 38 121 59 623 3255 0 1 109 86 36 3853 11 0 0 187 3407 502 0 0 0 0 0
0 0 35 161 64 602 3234 0 0 139 94 57 3792 14 0 0 225 3335 536 0 0 0 0 0
0 20 83 163 79 1412 2339 0 20 156 124 154 3629 13 0 0 263 3297 535 1 0 0 0 0
38 186 322 392 475 2565 118 0 189 454 381 1601 1470 1 0 0 948 2824 313 11 0 0 0 0
90 438 359 332 750 2064 58 5 503 501 558 1511 991 26 6 0 1628 2168 256 37 7 0 0 0
5 50 20 38 87 3451 445 0 47 39 51 423 3536 0 0 0 193 3823 80 0 0 0 0 0
0 0 0 0 0 3580 516 0 0 0 0 103 3993 0 0 0 5 4029 62 0 0 0 0 0
0 0 0 0 0 3686 367 43 0 0 0 161 3889 8 38 0 7 3971 74 27 17 0 0 0
0 0 0 0 2 3265 234 595 0 0 0 790 2627 159 520 0 68 3250 171 451 156 0 0 0
0 0 0 0 388 3532 39 137 0 0 2 3074 861 53 106 0 498 3418 41 125 14 0 0 0
0 0 0 0 529 3567 0 0 0 0 0 3496 600 0 0 0 449 3622 25 0 0 0 0 0
15 152 122 175 914 2717 1 0 151 187 231 3076 451 0 0 0 795 3263 38 0 0 0 0 0
0 1 65 130 164 3726 10 0 0 126 101 2280 1589 0 0 0 270 3721 105 0 0 0 0 0
0 0 66 217 156 3583 74 0 0 155 196 920 2825 0 0 0 226 3612 258 0 0 0 0 0
0 0 10 76 62 3860 88 0 0 45 53 1289 2709 0 0 0 129 3842 125 0 0 0 0 0
0 0 0 0 7 1931 1256 902 0 0 0 377 2661 141 81 836 33 1769 1180 129 74 61 70 780
0 0 1 21 84 660 2147 1183 0 0 2 71 2322 533 358 810 0 1302 945 307 398 310 283 551
0 0 0 19 963 2404 707 3 0 0 98 1950 1968 78 2 0 113 2406 1454 106 16 1 0 0
0 7 349 376 768 1273 1315 8 0 476 485 733 2128 274 0 0 672 2603 638 183 0 0 0 0
0 0 0 0 0 1716 2380 0 0 0 0 6 4088 2 0 0 4 3651 441 0 0 0 0 0
0 0 0 0 0 1339 2757 0 0 0 0 3 4085 8 0 0 5 3382 709 0 0 0 0 0
0 0 0 0 0 1028 3068 0 0 0 0 1 4092 3 0 0 0 3537 559 0 0 0 0 0
0 0 0 0 0 2182 1914 0 0 0 0 4 4091 1 0 0 0 3549 547 0 0 0 0 0
0 0 0 0 0 3031 1065 0 0 0 0 348 3746 2 0 0 33 3808 255 0 0 0 0 0
4 150 128 58 68 3451 237 0 168 147 57 526 3198 0 0 0 426 3589 81 0 0 0 0 0
0 20 262 133 105 2245 1091 240 7 511 172 158 3248 0 0 0 483 3250 363 0 0 0 0 0
0 0 0 0 1 3031 743 321 0 241 87 120 3648 0 0 0 92 3775 229 0 0 0 0 0
0 0 0 0 10 3026 375 685 0 489 199 479 2929 0 0 0 194 3691 211 0 0 0 0 0
0 0 0 0 13 3506 162 415 0 318 98 804 2876 0 0 0 123 3853 120 0 0 0 0 0
0 0 0 0 114 3382 131 469 0 0 0 2117 1442 199 338 0 219 3232 137 475 33 0 0 0
0 0 0 0 259 3423 105 309 0 0 0 2556 1169 235 136 0 253 3365 152 318 8 0 0 0
489 938 351 235 885 1198 0 0 1292 549 237 1815 203 0 0 0 2183 1882 31 0 0 0 0 0
0 2 148 139 818 2988 1 0 2 201 128 3115 650 0 0 0 533 3479 84 0 0 0 0 0
0 0 0 0 116 3973 7 0 0 0 0 2257 1839 0 0 0 84 3904 108 0 0 0 0 0
0 0 0 0 3 4055 38 0 0 0 0 1098 2998 0 0 0 19 3863 214 0 0 0 0 0
0 10 115 64 157 2228 304 1218 0 27 153 689 1866 110 89 1162 30 1783 701 195 95 98 56 1138
0 0 4 12 13 344 620 3103 0 1 10 16 713 260 441 2655 0 140 559 103 260 414 162 2458
0 0 0 11 782 1912 718 673 0 0 51 1489 1709 196 83 568 66 1697 1476 236 47 26 35 513
0 0 316 412 920 1287 1149 12 0 479 374 1037 1922 284 0 0 607 2554 722 211 2 0 0 0
0 0 0 0 0 2646 1450 0 0 0 0 8 4086 2 0 0 0 3679 417 0 0 0 0 0
0 0 0 0 0 2305 1791 0 0 0 0 5 4091 0 0 0 1 3742 353 0 0 0 0 0
0 0 0 0 0 915 3181 0 0 0 0 0 4078 18 0 0 0 3115 981 0 0 0 0 0
0 0 0 0 0 813 3283 0 0 0 0 1 4071 24 0 0 0 2959 1137 0 0 0 0 0
0 0 0 0 0 2377 1719 0 0 0 0 61 4030 5 0 0 2 3637 457 0 0 0 0 0
0 0 0 0 1 3993 102 0 0 0 0 444 3652 0 0 0 46 4025 25 0 0 0 0 0
0 1 308 406 213 2422 746 0 0 445 314 338 2999 0 0 0 627 3131 338 0 0 0 0 0
0 0 0 0 0 3510 586 0 0 0 0 72 4024 0 0 0 12 3892 192 0 0 0 0 0
0 0 0 0 6 4069 21 0 0 0 0 962 3134 0 0 0 68 3972 56 0 0 0 0 0
0 0 0 0 105 3984 7 0 0 0 0 2289 1807 0 0 0 211 3835 50 0 0 0 0 0
0 0 0 0 175 3915 6 0 0 0 0 2677 1419 0 0 0 293 3770 33 0 0 0 0 0
0 0 0 0 191 3507 98 300 0 0 0 2178 1552 182 184 0 253 3325 190 314 14 0 0 0
