0 0 0 6 3394 696 0 0 0 0 599 3496 1 0 0 0 0 801 3289 6 0 0 0 0
0 0 0 7 3218 871 0 0 0 0 12 3756 328 0 0 0 0 293 3702 101 0 0 0 0
0 0 0 1 3664 431 0 0 0 0 1 4059 36 0 0 0 0 968 3113 15 0 0 0 0
0 0 0 3 3585 508 0 0 0 0 0 4005 91 0 0 0 0 623 3357 116 0 0 0 0
0 0 0 6 3950 140 0 0 0 0 0 3937 159 0 0 0 0 330 3621 145 0 0 0 0
0 0 0 50 4031 15 0 0 0 0 102 3979 15 0 0 0 0 720 3349 27 0 0 0 0
0 0 3 296 3681 116 0 0 0 0 246 3835 15 0 0 0 0 976 3091 29 0 0 0 0
0 0 0 1029 3067 0 0 0 0 0 1425 2671 0 0 0 0 0 2752 1344 0 0 0 0 0
0 0 76 1855 2165 0 0 0 0 12 1956 2128 0 0 0 0 0 3022 1074 0 0 0 0 0
0 0 76 2281 1739 0 0 0 0 10 2635 1451 0 0 0 0 0 3412 684 0 0 0 0 0
0 0 2 1355 2739 0 0 0 0 0 1430 2666 0 0 0 0 0 2173 1923 0 0 0 0 0
0 0 0 1677 2363 24 23 9 0 0 1818 2176 59 12 27 4 0 2219 1644 177 15 11 15 15
0 0 0 804 2224 125 141 802 0 0 676 2285 129 86 131 789 0 1257 1611 138 83 68 79 860
0 0 0 792 1193 118 136 1857 0 0 683 1224 125 92 116 1856 0 636 1171 139 81 76 78 1915
0 0 0 94 850 103 164 2885 0 0 31 828 121 79 167 2870 0 97 660 135 81 69 88 2966
0 0 0 0 116 213 365 3402 0 0 0 57 65 209 346 3419 0 0 28 36 35 164 219 3614
0 0 0 0 81 186 341 3488 0 0 0 0 73 184 309 3530 0 0 0 0 1 188 196 3711
0 0 0 0 45 240 381 3430 0 0 0 0 38 244 358 3456 0 0 0 0 5 195 206 3690
0 37 360 307 242 425 984 1741 0 129 359 242 228 464 952 1722 0 155 299 217 155 313 590 2367
0 15 700 1515 819 287 640 120 0 244 1424 1211 192 286 674 65 0 746 1733 310 164 205 337 601
0 1885 1335 876 0 0 0 0 0 2048 2048 0 0 0 0 0 0 3232 864 0 0 0 0 0
0 479 3617 0 0 0 0 0 0 723 3373 0 0 0 0 0 0 0 965 3131 0 0 0 0
0 0 0 131 3737 228 0 0 0 0 288 3797 11 0 0 0 0 970 3114 12 0 0 0 0
0 0 0 130 3579 387 0 0 0 0 450 3586 60 0 0 0 0 1613 2483 0 0 0 0 0
0 0 24 345 3169 558 0 0 0 0 975 2917 204 0 0 0 0 1680 2416 0 0 0 0 0
0 0 0 55 3646 395 0 0 0 0 244 3751 101 0 0 0 0 1369 2726 1 0 0 0 0
0 0 0 22 3798 276 0 0 0 0 49 4034 13 0 0 0 0 606 3465 25 0 0 0 0
0 0 7 224 3851 14 0 0 0 0 473 3619 4 0 0 0 0 1888 2208 0 0 0 0 0
0 0 0 195 3900 1 0 0 0 0 499 3579 18 0 0 0 0 2496 1577 23 0 0 0 0
0 0 0 41 4055 0 0 0 0 0 55 4041 0 0 0 0 0 1739 2357 0 0 0 0 0
0 0 0 264 3832 0 0 0 0 0 364 3732 0 0 0 0 0 2248 1848 0 0 0 0 0
0 0 0 394 3702 0 0 0 0 0 373 3723 0 0 0 0 0 2098 1998 0 0 0 0 0
0 0 43 1276 2777 0 0 0 0 0 1183 2913 0 0 0 0 0 2622 1474 0 0 0 0 0
0 0 7 1940 2149 0 0 0 0 0 2128 1968 0 0 0 0 0 3365 731 0 0 0 0 0
0 0 0 2425 1671 0 0 0 0 0 2288 1808 0 0 0 0 0 3171 925 0 0 0 0 0
0 0 0 2102 1994 0 0 0 0 0 1786 2310 0 0 0 0 0 2733 1363 0 0 0 0 0
0 0 3 2840 1204 46 3 0 0 66 2645 1373 12 0 0 0 0 2904 1173 19 0 0 0 0
0 0 0 2452 1425 73 50 96 0 17 1929 1891 82 44 42 91 0 2259 1512 91 51 36 37 110
0 0 0 2070 861 108 133 924 0 0 1799 1049 123 84 125 916 0 1522 1229 137 85 69 78 976
0 0 0 1139 735 105 120 1997 0 0 1006 785 117 86 113 1989 0 824 874 125 78 72 74 2049
0 0 93 509 294 170 478 2552 21 97 348 339 116 159 443 2573 41 337 328 110 92 88 238 2862
0 0 545 2222 317 284 704 24 0 27 2298 556 232 279 684 20 0 761 1823 225 187 202 344 554
0 1616 1074 1406 0 0 0 0 0 1822 2274 0 0 0 0 0 0 3775 321 0 0 0 0 0
0 2529 1567 0 0 0 0 0 0 3054 1042 0 0 0 0 0 0 85 3555 456 0 0 0 0
0 0 0 258 3838 0 0 0 0 0 399 3697 0 0 0 0 0 1494 2602 0 0 0 0 0
0 0 0 133 3958 5 0 0 0 0 190 3902 4 0 0 0 0 1891 2201 4 0 0 0 0
0 0 0 63 3380 653 0 0 0 0 311 3673 112 0 0 0 0 1678 2415 3 0 0 0 0
0 0 0 261 3793 42 0 0 0 0 437 3649 10 0 0 0 0 2185 1911 0 0 0 0 0
0 0 0 187 3841 68 0 0 0 0 501 3587 8 0 0 0 0 2527 1569 0 0 0 0 0
0 0 0 180 3690 226 0 0 0 0 323 3770 3 0 0 0 0 2118 1978 0 0 0 0 0
0 0 0 399 3593 104 0 0 0 0 1490 2606 0 0 0 0 0 2511 1585 0 0 0 0 0
0 0 0 320 3634 142 0 0 0 0 678 3409 9 0 0 0 0 1883 2213 0 0 0 0 0
0 0 0 508 3399 189 0 0 0 0 1119 2899 78 0 0 0 0 2403 1693 0 0 0 0 0
0 0 0 235 3859 2 0 0 0 0 607 3489 0 0 0 0 0 2042 2054 0 0 0 0 0
0 0 0 508 3587 1 0 0 0 0 731 3365 0 0 0 0 0 2002 2094 0 0 0 0 0
0 0 0 1739 2357 0 0 0 0 0 1940 2156 0 0 0 0 0 3302 794 0 0 0 0 0
0 0 32 1837 1826 355 46 0 0 773 1782 1443 98 0 0 0 191 2850 954 101 0 0 0 0
0 0 0 846 3044 192 14 0 0 218 1010 2851 17 0 0 0 31 2403 1633 29 0 0 0 0
0 0 0 2081 1640 235 140 0 0 731 1841 1341 164 19 0 0 36 2893 991 172 4 0 0 0
0 0 0 2768 1103 180 45 0 0 956 1882 1157 101 0 0 0 36 3235 720 105 0 0 0 0
0 0 4 2899 1193 0 0 0 0 0 2413 1683 0 0 0 0 0 2988 1108 0 0 0 0 0
0 0 100 3837 159 0 0 0 0 23 3874 199 0 0 0 0 1 3699 396 0 0 0 0 0
0 12 532 3297 255 0 0 0 178 381 3102 435 0 0 0 0 347 3237 512 0 0 0 0 0
0 0 235 3830 31 0 0 0 0 25 3771 300 0 0 0 0 0 3342 754 0 0 0 0 0
1 1298 253 2544 0 0 0 0 163 1229 2695 9 0 0 0 0 278 3618 200 0 0 0 0 0
870 3225 1 0 0 0 0 0 1165 2931 0 0 0 0 0 0 1150 1234 1712 0 0 0 0 0
0 0 0 31 4008 57 0 0 0 0 67 3983 46 0 0 0 0 761 3278 57 0 0 0 0
0 0 0 121 3876 99 0 0 0 0 119 3910 67 0 0 0 0 1386 2666 44 0 0 0 0
0 0 0 351 3588 157 0 0 0 0 438 3612 46 0 0 0 0 1706 2390 0 0 0 0 0
0 0 1 271 3811 13 0 0 0 0 424 3672 0 0 0 0 0 2145 1951 0 0 0 0 0
0 0 0 320 3585 191 0 0 0 0 643 3410 43 0 0 0 0 2497 1599 0 0 0 0 0
0 0 0 279 3612 205 0 0 0 0 238 3831 27 0 0 0 0 1889 2207 0 0 0 0 0
0 0 0 637 3390 69 0 0 0 0 643 3453 0 0 0 0 0 2507 1589 0 0 0 0 0
0 0 0 508 3504 84 0 0 0 0 456 3640 0 0 0 0 0 2158 1938 0 0 0 0 0
0 0 0 736 3326 34 0 0 0 0 1527 2559 10 0 0 0 0 2695 1401 0 0 0 0 0
0 0 0 745 3328 23 0 0 0 0 1410 2686 0 0 0 0 0 2611 1485 0 0 0 0 0
0 0 0 883 3213 0 0 0 0 0 1011 3085 0 0 0 0 0 2875 1221 0 0 0 0 0
0 0 17 1106 2973 0 0 0 0 0 1233 2863 0 0 0 0 0 3214 882 0 0 0 0 0
0 0 0 1649 2350 97 0 0 0 369 2292 1434 1 0 0 0 17 3364 710 5 0 0 0 0
0 0 291 2123 1536 107 39 0 0 1626 1667 721 78 4 0 0 539 3023 469 65 0 0 0 0
0 0 7 1273 2582 220 14 0 0 261 1622 2100 113 0 0 0 44 2613 1364 75 0 0 0 0
0 0 305 2650 952 142 47 0 0 1444 1916 671 63 2 0 0 658 2835 539 64 0 0 0 0
0 0 1 2175 953 633 334 0 0 302 1880 1251 590 73 0 0 6 2462 1106 519 3 0 0 0
0 0 0 3424 671 1 0 0 0 0 3086 1010 0 0 0 0 0 3731 365 0 0 0 0 0
0 18 496 3467 115 0 0 0 222 308 3435 131 0 0 0 0 373 3641 82 0 0 0 0 0
0 0 80 3981 35 0 0 0 0 5 4046 45 0 0 0 0 0 4003 93 0 0 0 0 0
0 333 422 3290 51 0 0 0 4 532 3525 35 0 0 0 0 388 3598 110 0 0 0 0 0
86 3956 54 0 0 0 0 0 2423 1669 4 0 0 0 0 0 4065 31 0 0 0 0 0 0
0 0 0 142 3952 2 0 0 0 0 139 3957 0 0 0 0 0 1334 2757 5 0 0 0 0
0 0 0 6 4027 63 0 0 0 0 93 3994 9 0 0 0 0 1797 2282 17 0 0 0 0
0 0 0 135 3886 75 0 0 0 0 186 3893 17 0 0 0 0 2001 2080 15 0 0 0 0
0 0 0 145 3907 44 0 0 0 0 586 3464 46 0 0 0 0 2586 1452 58 0 0 0 0
0 0 0 176 3910 10 0 0 0 0 581 3505 10 0 0 0 0 2374 1712 10 0 0 0 0
0 0 0 329 3750 17 0 0 0 0 393 3703 0 0 0 0 0 2150 1943 3 0 0 0 0
0 0 0 760 3336 0 0 0 0 0 1270 2826 0 0 0 0 0 3066 1030 0 0 0 0 0
0 0 0 933 3161 2 0 0 0 0 1579 2517 0 0 0 0 0 2933 1163 0 0 0 0 0
0 0 0 668 3428 0 0 0 0 0 705 3391 0 0 0 0 0 2703 1393 0 0 0 0 0
0 0 0 1417 2575 93 11 0 0 124 2105 1849 18 0 0 0 17 3076 981 22 0 0 0 0
0 0 0 1404 2598 79 15 0 0 502 2675 901 18 0 0 0 131 3358 585 22 0 0 0 0
0 0 0 1576 2338 160 22 0 0 483 2420 1166 27 0 0 0 48 3266 751 31 0 0 0 0
0 0 0 3387 705 4 0 0 0 8 3878 210 0 0 0 0 0 3829 266 1 0 0 0 0
0 0 27 3090 979 0 0 0 0 361 3076 659 0 0 0 0 47 3623 426 0 0 0 0 0
0 0 0 2135 1268 494 199 0 0 894 1900 1012 241 49 0 0 17 2781 1078 220 0 0 0 0
0 0 0 2180 853 667 396 0 0 0 2284 1064 596 152 0 0 0 2585 1082 426 3 0 0 0
0 0 0 2868 1056 130 42 0 0 548 2803 641 100 4 0 0 15 3500 522 59 0 0 0 0
0 0 0 2076 796 826 398 0 0 219 2329 750 757 41 0 0 0 2712 925 459 0 0 0 0
0 264 1086 2496 244 6 0 0 250 922 2618 306 0 0 0 0 615 3307 174 0 0 0 0 0
0 185 1284 2549 78 0 0 0 0 903 2992 201 0 0 0 0 153 3720 223 0 0 0 0 0
0 0 1607 2489 0 0 0 0 0 902 3194 0 0 0 0 0 138 3958 0 0 0 0 0 0
0 3043 784 269 0 0 0 0 45 3441 610 0 0 0 0 0 3290 806 0 0 0 0 0 0
0 0 22 461 3612 1 0 0 0 0 909 3187 0 0 0 0 0 3125 968 3 0 0 0 0
0 0 14 445 3599 38 0 0 0 0 512 3572 12 0 0 0 0 2359 1713 24 0 0 0 0
0 0 0 140 3854 102 0 0 0 0 117 3976 3 0 0 0 0 1561 2526 9 0 0 0 0
0 0 0 126 3939 31 0 0 0 0 196 3898 2 0 0 0 0 2474 1611 11 0 0 0 0
0 0 0 276 3815 5 0 0 0 0 1246 2850 0 0 0 0 0 2914 1176 6 0 0 0 0
0 0 0 186 3908 2 0 0 0 0 535 3561 0 0 0 0 0 2869 1227 0 0 0 0 0
0 0 0 697 3399 0 0 0 0 0 2078 2018 0 0 0 0 0 2916 1174 6 0 0 0 0
0 0 0 596 3421 27 28 24 0 0 1235 2806 10 14 31 0 0 3011 1023 14 15 32 1 0
0 10 247 1172 2028 206 211 222 0 37 1743 1718 146 148 278 26 0 2294 1210 141 151 289 11 0
0 0 0 1590 2435 38 15 18 0 36 2434 1559 30 18 18 1 0 3223 810 28 17 18 0 0
0 0 240 2229 1553 63 11 0 0 1035 2312 732 15 2 0 0 324 3100 657 15 0 0 0 0
0 0 1 1876 2022 197 0 0 0 709 2463 924 0 0 0 0 93 2833 1170 0 0 0 0 0
0 0 3 1780 2313 0 0 0 0 0 1982 2114 0 0 0 0 0 2790 1306 0 0 0 0 0
0 0 0 2227 1733 21 45 70 0 0 2411 1546 16 26 89 8 0 2678 1279 16 24 84 15 0
0 0 1 2611 1025 234 170 55 0 137 2902 579 203 156 113 6 37 3023 557 182 162 129 6 0
0 0 233 1920 513 751 612 67 0 944 1458 342 759 485 107 1 332 2056 415 855 325 110 3 0
0 0 0 2159 619 756 420 142 0 42 2287 448 746 430 142 1 4 2310 456 793 406 127 0 0
167 151 470 1685 629 738 181 75 235 1183 1233 370 772 156 135 12 425 2099 428 822 162 132 28 0
140 255 286 530 878 1464 463 80 206 693 667 678 1428 286 135 3 350 1110 818 1332 319 161 6 0
202 1570 296 152 310 1169 274 123 853 1137 200 237 1126 307 201 35 1351 569 271 1165 472 213 55 0
0 14 1586 630 391 1080 238 157 0 1244 974 275 1113 247 207 36 139 2074 256 995 369 215 48 0
0 1024 1053 118 211 1239 349 102 4 1730 456 152 1138 453 141 22 1216 958 119 1069 547 158 29 0
0 0 0 370 3269 150 201 106 0 0 651 3013 94 167 149 22 0 2083 1586 77 144 172 34 0
0 0 37 1107 2275 308 257 112 0 4 1599 1788 249 279 154 23 0 2825 564 189 283 199 36 0
0 0 67 1366 1644 604 299 116 0 4 1638 1461 503 285 183 22 1 2473 612 476 279 221 34 0
0 0 17 1611 1237 662 426 143 0 14 1708 1131 569 404 234 36 18 2258 563 526 378 304 49 0
0 0 11 781 1614 1013 504 173 0 0 911 1672 618 607 247 41 0 1235 1328 501 649 311 72 0
0 0 68 238 2103 866 685 136 0 12 309 2210 527 756 249 33 1 1192 1314 434 772 338 45 0
0 0 6 242 2213 1109 422 104 0 5 683 1738 898 580 172 20 3 1682 724 699 754 205 29 0
0 56 192 457 1645 1166 440 140 184 188 799 1178 965 552 214 16 250 1328 680 920 663 239 16 0
595 1051 413 222 523 824 427 41 1026 1035 329 518 653 404 131 0 1287 1008 713 650 381 57 0 0
0 27 159 813 1803 952 243 99 172 593 804 1323 792 281 131 0 416 1356 1143 708 344 129 0 0
0 0 118 1158 1380 1045 307 88 0 577 1170 826 1014 322 187 0 118 1965 454 858 459 238 4 0
0 0 113 1017 1443 1178 284 61 0 249 1433 827 1091 361 130 5 91 1986 396 906 558 154 5 0
0 0 81 1481 1137 1017 284 96 0 258 1475 851 1076 265 163 8 51 1920 563 1068 290 197 7 0
0 3 124 2095 646 980 204 44 0 109 2102 555 940 305 84 1 63 2210 445 850 428 97 3 0
0 9 186 2139 692 1046 24 0 3 138 2195 601 1121 38 0 0 72 2165 617 1173 69 0 0 0
0 9 213 2511 587 775 1 0 3 171 2419 646 837 20 0 0 101 2401 706 830 58 0 0 0
816 174 393 1868 263 582 0 0 920 691 1545 332 608 0 0 0 985 2004 481 625 1 0 0 0
3371 217 52 41 52 363 0 0 3463 149 46 39 399 0 0 0 1754 1811 88 430 11 2 0 0
2608 624 543 184 55 81 1 0 2868 949 132 59 86 2 0 0 2072 1709 162 139 9 4 1 0
3942 154 0 0 0 0 0 0 4025 71 0 0 0 0 0 0 1220 2826 50 0 0 0 0 0
1142 947 1444 563 0 0 0 0 1325 1549 1222 0 0 0 0 0 164 3196 622 114 0 0 0 0
0 840 2896 360 0 0 0 0 6 2383 1707 0 0 0 0 0 1264 2832 0 0 0 0 0 0
0 7 110 700 2175 1042 62 0 3 107 1026 1800 975 185 0 0 82 1759 1068 857 329 1 0 0
0 23 147 718 2338 841 29 0 5 141 1416 1606 823 105 0 0 100 2265 791 688 252 0 0 0
0 5 142 896 2418 550 85 0 2 165 1939 1351 430 209 0 0 101 2637 713 340 305 0 0 0
0 9 148 1035 2546 246 112 0 4 153 2113 1464 211 123 28 0 119 2993 620 183 142 39 0 0
0 14 162 1053 2751 38 78 0 2 190 2471 1324 31 78 0 0 115 3198 678 26 78 1 0 0
0 5 117 1248 2726 0 0 0 3 169 2357 1567 0 0 0 0 88 3337 671 0 0 0 0 0
0 21 219 1584 2272 0 0 0 9 230 2842 1015 0 0 0 0 108 3226 762 0 0 0 0 0
0 5 464 1546 2001 80 0 0 271 254 2262 1309 0 0 0 0 421 2931 744 0 0 0 0 0
350 285 1448 1069 942 2 0 0 933 1696 1086 381 0 0 0 0 2149 1580 367 0 0 0 0 0
0 6 280 1839 1971 0 0 0 41 295 2283 1477 0 0 0 0 225 3183 684 4 0 0 0 0
172 110 669 2175 968 2 0 0 188 1655 1527 724 2 0 0 0 707 2870 512 7 0 0 0 0
0 9 210 1664 2098 64 51 0 1 389 1557 2037 65 47 0 0 118 3018 855 86 19 0 0 0
280 164 1008 1637 1007 0 0 0 352 1572 1456 714 2 0 0 0 981 2662 443 8 2 0 0 0
0 22 267 1810 1997 0 0 0 8 206 1947 1935 0 0 0 0 108 3310 678 0 0 0 0 0
0 8 236 3081 771 0 0 0 4 164 3234 694 0 0 0 0 101 3541 454 0 0 0 0 0
0 12 251 3157 676 0 0 0 1 210 3212 673 0 0 0 0 134 3571 391 0 0 0 0 0
0 8 294 3655 139 0 0 0 3 258 3555 280 0 0 0 0 127 3665 304 0 0 0 0 0
1473 482 363 1180 414 184 0 0 1679 600 1478 329 10 0 0 0 1493 2393 210 0 0 0 0 0
2131 951 204 175 431 204 0 0 2468 756 489 375 8 0 0 0 1302 2096 686 12 0 0 0 0
4033 63 0 0 0 0 0 0 4024 72 0 0 0 0 0 0 2397 1699 0 0 0 0 0 0
1643 757 488 1208 0 0 0 0 1807 710 1552 27 0 0 0 0 326 3282 456 30 2 0 0 0
0 122 3468 506 0 0 0 0 6 2177 1913 0 0 0 0 0 405 3691 0 0 0 0 0 0
0 9 132 883 3070 2 0 0 4 129 1308 2655 0 0 0 0 124 2447 1521 4 0 0 0 0
0 13 308 1891 1884 0 0 0 3 241 2541 1311 0 0 0 0 102 3182 812 0 0 0 0 0
0 11 258 1362 2465 0 0 0 8 240 1951 1897 0 0 0 0 161 3084 851 0 0 0 0 0
0 6 95 746 3249 0 0 0 1 120 1222 2753 0 0 0 0 70 3300 726 0 0 0 0 0
0 16 221 2226 1633 0 0 0 6 234 2543 1313 0 0 0 0 107 3374 615 0 0 0 0 0
0 5 161 1364 2566 0 0 0 2 128 2178 1788 0 0 0 0 67 3412 617 0 0 0 0 0
0 14 153 968 2499 310 152 0 6 157 1605 2015 305 8 0 0 84 2562 1167 282 1 0 0 0
0 5 63 1915 1659 433 21 0 4 673 1930 1339 150 0 0 0 148 2851 959 138 0 0 0 0
0 10 184 1767 2135 0 0 0 3 280 2908 905 0 0 0 0 172 3329 595 0 0 0 0 0
0 25 324 1637 2110 0 0 0 14 316 2772 994 0 0 0 0 217 3355 524 0 0 0 0 0
1975 343 705 775 298 0 0 0 2088 1152 649 207 0 0 0 0 2147 1640 288 21 0 0 0 0
877 319 522 795 868 308 402 5 1007 756 901 829 313 290 0 0 537 1712 1148 503 196 0 0 0
1468 544 756 609 571 84 56 8 1660 1311 371 620 70 54 10 0 1364 1729 874 83 46 0 0 0
40 59 272 2420 1218 70 17 0 58 240 2739 980 70 9 0 0 134 3194 696 70 2 0 0 0
0 11 267 2592 1226 0 0 0 5 159 3042 890 0 0 0 0 111 3750 235 0 0 0 0 0
0 10 226 2701 1159 0 0 0 4 181 2924 987 0 0 0 0 118 3657 321 0 0 0 0 0
0 24 331 3326 415 0 0 0 6 287 3333 470 0 0 0 0 166 3749 181 0 0 0 0 0
1876 258 405 1385 154 18 0 0 2011 367 1572 146 0 0 0 0 1842 2189 65 0 0 0 0 0
3174 439 74 76 293 40 0 0 3355 320 283 138 0 0 0 0 1998 1889 206 3 0 0 0 0
3663 384 24 9 16 0 0 0 3725 323 25 12 11 0 0 0 1089 2819 158 14 16 0 0 0
1191 656 686 1563 0 0 0 0 1413 608 2051 24 0 0 0 0 41 3812 203 40 0 0 0 0
0 36 2987 1073 0 0 0 0 3 1432 2661 0 0 0 0 0 211 3885 0 0 0 0 0 0
0 19 325 1950 1798 4 0 0 10 315 2701 1070 0 0 0 0 190 3274 627 5 0 0 0 0
0 24 459 2601 935 75 2 0 3 359 3032 661 41 0 0 0 151 3439 482 24 0 0 0 0
10 795 997 1025 757 408 103 1 202 1470 1271 721 349 83 0 0 1208 1753 842 277 16 0 0 0
0 35 134 635 1209 974 907 202 18 169 1035 1188 1042 605 39 0 113 1314 1200 1031 435 3 0 0
0 22 264 1253 2532 19 6 0 8 260 2514 1299 14 1 0 0 154 3524 406 12 0 0 0 0
0 21 157 1165 2492 127 134 0 7 143 2104 1623 127 92 0 0 89 3094 710 147 56 0 0 0
0 0 82 1388 1295 917 411 3 0 390 1692 1220 554 240 0 0 137 2073 1141 598 147 0 0 0
0 24 285 1800 1987 0 0 0 11 354 2495 1236 0 0 0 0 206 3336 554 0 0 0 0 0
0 19 210 1285 2582 0 0 0 8 214 2064 1810 0 0 0 0 137 2966 993 0 0 0 0 0
0 17 278 1591 2210 0 0 0 5 236 2316 1539 0 0 0 0 133 3228 734 1 0 0 0 0
2225 247 171 599 835 19 0 0 2338 270 863 625 0 0 0 0 1952 1783 361 0 0 0 0 0
692 668 1259 963 513 1 0 0 796 1475 1300 525 0 0 0 0 1082 2381 633 0 0 0 0 0
76 1332 1367 910 410 1 0 0 228 2241 1179 447 1 0 0 0 1568 2078 449 1 0 0 0 0
185 563 505 2180 663 0 0 0 272 820 2487 517 0 0 0 0 162 3038 800 96 0 0 0 0
0 11 232 3165 688 0 0 0 5 202 3370 519 0 0 0 0 116 3659 321 0 0 0 0 0
0 17 251 2874 954 0 0 0 7 197 3446 446 0 0 0 0 114 3581 401 0 0 0 0 0
0 24 504 3269 299 0 0 0 9 396 3607 84 0 0 0 0 219 3718 159 0 0 0 0 0
2205 511 180 1159 41 0 0 0 2447 368 1269 12 0 0 0 0 715 2949 432 0 0 0 0 0
3820 276 0 0 0 0 0 0 3885 211 0 0 0 0 0 0 1608 2257 231 0 0 0 0 0
3515 510 70 1 0 0 0 0 3593 466 37 0 0 0 0 0 1951 1821 324 0 0 0 0 0
1010 471 881 1734 0 0 0 0 1124 668 2298 6 0 0 0 0 310 3660 123 3 0 0 0 0
0 68 3174 854 0 0 0 0 8 1366 2722 0 0 0 0 0 207 3889 0 0 0 0 0 0
0 66 329 985 2699 17 0 0 13 318 2021 1724 20 0 0 0 228 3049 775 44 0 0 0 0
24 1802 692 444 1124 10 0 0 964 1463 870 796 3 0 0 0 2065 1655 373 3 0 0 0 0
761 2284 877 164 10 0 0 0 2007 1980 106 3 0 0 0 0 3413 674 9 0 0 0 0 0
2 20 338 1224 1500 949 63 0 14 789 1553 1605 135 0 0 0 253 2129 1606 106 2 0 0 0
427 393 417 1319 488 339 522 191 626 605 1435 406 271 433 296 24 496 1991 494 286 428 362 39 0
2500 281 198 870 200 47 0 0 2625 491 843 91 36 10 0 0 2623 1263 159 33 18 0 0 0
0 12 195 1902 1987 0 0 0 4 318 2418 1356 0 0 0 0 201 3425 470 0 0 0 0 0
0 20 248 1275 2553 0 0 0 6 227 2050 1813 0 0 0 0 167 3342 587 0 0 0 0 0
0 11 201 1554 2330 0 0 0 3 188 2614 1291 0 0 0 0 146 3393 557 0 0 0 0 0
0 26 274 1818 1978 0 0 0 8 276 2673 1139 0 0 0 0 211 3580 305 0 0 0 0 0
1313 322 246 961 1254 0 0 0 1485 348 1983 280 0 0 0 0 1405 2482 209 0 0 0 0 0
238 2186 740 674 258 0 0 0 1104 2121 816 55 0 0 0 0 3246 850 0 0 0 0 0 0
6 4053 37 0 0 0 0 0 2009 2087 0 0 0 0 0 0 4042 54 0 0 0 0 0 0
0 124 885 2975 112 0 0 0 6 798 3207 85 0 0 0 0 378 3543 175 0 0 0 0 0
0 23 397 3371 305 0 0 0 4 251 3632 209 0 0 0 0 145 3742 209 0 0 0 0 0
0 22 445 3507 122 0 0 0 7 327 3637 125 0 0 0 0 207 3762 127 0 0 0 0 0
1 37 534 3520 4 0 0 0 13 334 3714 35 0 0 0 0 154 3804 138 0 0 0 0 0
1884 641 229 1327 15 0 0 0 2135 491 1467 3 0 0 0 0 412 3146 527 11 0 0 0 0
2619 892 579 6 0 0 0 0 3110 986 0 0 0 0 0 0 2724 1372 0 0 0 0 0 0
2550 1333 164 47 2 0 0 0 3078 898 100 20 0 0 0 0 1321 2060 691 23 1 0 0 0
992 391 1676 1037 0 0 0 0 1058 1135 1903 0 0 0 0 0 906 3168 22 0 0 0 0 0
0 204 3741 151 0 0 0 0 14 2850 1232 0 0 0 0 0 512 3584 0 0 0 0 0 0
0 174 908 2211 803 0 0 0 12 974 3067 43 0 0 0 0 640 3425 31 0 0 0 0 0
48 900 821 1958 274 29 66 0 762 895 2294 46 25 71 3 0 1322 2614 52 19 47 42 0 0
1734 1051 133 92 186 224 441 235 2539 327 109 153 212 337 389 30 2415 480 139 232 288 441 101 0
902 477 393 593 654 889 187 1 1171 924 685 1024 281 11 0 0 1144 1232 1157 544 19 0 0 0
3462 264 113 117 66 57 17 0 3659 215 98 68 46 10 0 0 3062 854 86 72 21 1 0 0
1342 240 463 1324 372 352 3 0 1450 496 1523 213 341 73 0 0 1653 1752 229 301 161 0 0 0
0 63 717 2408 908 0 0 0 8 638 3311 139 0 0 0 0 397 3522 177 0 0 0 0 0
0 25 350 2674 1047 0 0 0 3 348 3571 174 0 0 0 0 168 3708 220 0 0 0 0 0
0 7 250 2281 1558 0 0 0 4 216 3534 342 0 0 0 0 155 3629 312 0 0 0 0 0
0 17 332 2031 1716 0 0 0 9 303 2812 972 0 0 0 0 206 3382 508 0 0 0 0 0
2563 200 149 645 453 9 14 63 2694 154 976 184 9 10 22 47 1059 2813 126 11 10 19 58 0
1631 477 253 174 80 173 593 715 1866 472 186 64 133 435 815 125 1766 709 68 95 292 831 335 0
469 1266 183 153 327 457 1241 0 1075 791 169 293 391 1377 0 0 1687 271 300 323 1492 23 0 0
10 69 322 1824 118 51 695 1007 29 252 1882 174 41 479 846 393 137 1919 279 38 329 983 411 0
0 8 309 3367 341 9 10 52 5 225 3531 263 7 9 16 40 134 3616 273 9 9 16 39 0
0 13 539 3393 151 0 0 0 4 363 3455 274 0 0 0 0 214 3533 349 0 0 0 0 0
0 25 360 3506 205 0 0 0 10 289 3424 373 0 0 0 0 160 3466 470 0 0 0 0 0
636 849 384 2214 13 0 0 0 929 871 2205 91 0 0 0 0 1445 2437 214 0 0 0 0 0
1006 953 1296 841 0 0 0 0 1263 2356 477 0 0 0 0 0 2443 1653 0 0 0 0 0 0
1433 1481 773 409 0 0 0 0 1990 1863 243 0 0 0 0 0 2937 1118 41 0 0 0 0 0
857 438 2665 130 6 0 0 0 1019 2616 437 20 4 0 0 0 1662 2279 133 18 4 0 0 0
0 494 3591 11 0 0 0 0 17 3796 283 0 0 0 0 0 1841 2255 0 0 0 0 0 0
0 95 1042 2509 450 0 0 0 8 1040 2968 80 0 0 0 0 636 3459 1 0 0 0 0 0
423 686 804 1963 66 133 21 0 664 1242 2005 82 99 4 0 0 845 3044 105 93 9 0 0 0
1063 258 152 834 744 833 212 0 1231 590 896 735 644 0 0 0 1101 1376 918 701 0 0 0 0
2595 269 333 383 314 202 0 0 2791 657 219 214 215 0 0 0 3149 449 192 306 0 0 0 0
3096 162 94 92 300 352 0 0 3207 113 71 237 451 17 0 0 3183 163 150 537 63 0 0 0
850 238 1012 1988 8 0 0 0 930 1164 1992 10 0 0 0 0 1611 2476 9 0 0 0 0 0
0 43 1157 2879 17 0 0 0 8 891 3197 0 0 0 0 0 514 3580 2 0 0 0 0 0
0 154 1076 2861 5 0 0 0 7 1052 3037 0 0 0 0 0 624 3472 0 0 0 0 0 0
0 114 1153 2792 37 0 0 0 5 1079 3010 2 0 0 0 0 654 3442 0 0 0 0 0 0
0 90 1309 2671 26 0 0 0 5 1299 2792 0 0 0 0 0 654 3442 0 0 0 0 0 0
532 217 268 599 53 396 574 1457 670 283 650 46 338 406 1295 408 686 880 52 220 441 1117 700 0
0 456 267 161 179 808 1783 442 15 612 191 178 647 1803 620 30 65 625 198 563 1543 853 249 0
0 568 629 293 306 455 1845 0 31 1001 344 283 356 2013 68 0 64 1081 358 352 1824 417 0 0
0 349 291 167 178 371 2630 110 0 557 193 163 243 2557 382 1 36 600 184 223 2471 582 0 0
566 212 565 729 41 380 792 811 669 509 894 30 234 877 571 312 862 1189 43 156 918 592 336 0
0 144 1854 2097 1 0 0 0 13 1577 2506 0 0 0 0 0 691 3387 18 0 0 0 0 0
0 208 1365 2521 2 0 0 0 10 1221 2848 17 0 0 0 0 547 3448 101 0 0 0 0 0
2118 401 394 1183 0 0 0 0 2326 449 1306 15 0 0 0 0 2493 1563 40 0 0 0 0 0
4092 4 0 0 0 0 0 0 4096 0 0 0 0 0 0 0 4096 0 0 0 0 0 0 0
4094 2 0 0 0 0 0 0 4096 0 0 0 0 0 0 0 4096 0 0 0 0 0 0 0
1089 211 2762 34 0 0 0 0 1137 2386 573 0 0 0 0 0 1836 2260 0 0 0 0 0 0
0 961 3119 16 0 0 0 0 22 3864 210 0 0 0 0 0 2497 1599 0 0 0 0 0 0
0 391 888 1555 191 1049 22 0 21 1216 1765 40 941 113 0 0 794 2212 57 815 218 0 0 0
7 121 346 1645 1047 906 24 0 33 1197 1542 791 443 90 0 0 700 1964 865 432 135 0 0 0
788 288 734 1217 367 656 46 0 944 1396 972 48 573 163 0 0 1793 1468 87 523 225 0 0 0
4096 0 0 0 0 0 0 0 4096 0 0 0 0 0 0 0 4096 0 0 0 0 0 0 0
3988 35 16 28 29 0 0 0 4003 26 26 41 0 0 0 0 4004 40 52 0 0 0 0 0
967 220 1009 1039 59 619 181 2 1019 1054 1157 49 537 206 74 0 1589 1635 47 484 232 109 0 0
0 168 934 1756 68 877 293 0 4 1018 1853 45 755 328 93 0 565 2306 51 617 393 164 0 0
0 46 646 2136 44 935 270 19 10 552 2251 47 826 307 103 0 429 2370 49 686 390 172 0 0
0 39 700 2034 61 985 277 0 5 842 1928 41 916 283 81 0 526 2243 47 777 331 172 0 0
24 85 942 1716 284 882 163 0 42 966 1761 189 868 248 22 0 548 2207 128 876 246 91 0 0
3378 160 117 68 144 219 10 0 3460 156 89 122 254 15 0 0 3509 161 90 283 52 1 0 0
2012 231 121 137 258 1043 294 0 2140 162 140 247 1009 388 10 0 2171 179 203 1017 461 65 0 0
2319 257 96 78 113 1187 46 0 2471 146 96 113 742 528 0 0 2494 162 99 315 1026 0 0 0
2701 206 90 91 99 765 144 0 2820 134 101 87 763 191 0 0 2863 129 98 437 569 0 0 0
2858 143 72 79 163 581 200 0 2944 99 87 144 492 330 0 0 2968 129 149 506 344 0 0 0
651 225 1565 440 390 669 156 0 703 1665 502 311 694 210 11 0 1512 1360 248 715 197 64 0 0
0 23 1536 810 501 1028 198 0 0 1438 937 382 1001 334 4 0 481 1884 345 998 351 37 0 0
1542 242 320 290 303 1248 151 0 1705 314 372 264 1176 260 5 0 1813 548 278 1135 291 31 0 0
2076 148 81 83 443 1027 238 0 2170 108 95 370 1032 299 22 0 2221 120 317 1067 295 76 0 0
2028 183 76 97 483 1153 76 0 2146 117 115 448 1041 229 0 0 2223 124 432 993 324 0 0 0
358 196 863 313 753 1473 140 0 395 1001 422 881 1178 219 0 0 688 1075 939 1072 322 0 0 0
0 719 592 356 937 1386 106 0 2 1359 598 851 1154 132 0 0 900 1033 1001 964 198 0 0 0
