135 425 1698 1555 179 77 27 0 399 1733 1457 390 33 84 0 0 1689 1561 729 27 84 6 0 0
176 569 2615 693 26 16 1 0 1218 2592 208 55 14 9 0 0 3572 435 65 15 9 0 0 0
395 903 2450 348 0 0 0 0 1385 2706 5 0 0 0 0 0 4022 74 0 0 0 0 0 0
95 621 1691 871 415 281 104 18 702 1995 575 380 172 241 19 12 2355 795 436 140 241 106 19 4
96 451 875 562 658 464 465 525 394 911 553 604 446 365 580 243 1012 686 566 470 366 353 533 110
239 981 1184 347 344 389 421 191 1118 1264 294 309 296 380 330 105 2255 324 272 278 377 333 252 5
195 984 1605 728 186 155 208 35 1105 1729 661 185 122 149 136 9 2448 1001 158 144 130 185 25 5
254 916 826 1601 156 127 188 28 1100 1025 1451 165 91 143 118 3 1725 1813 148 107 117 163 23 0
51 546 1089 1944 151 114 180 21 529 1163 1906 148 99 144 107 0 1174 2389 151 100 104 137 41 0
0 441 1778 1574 93 86 122 2 296 1522 1947 91 61 119 60 0 1171 2567 93 58 94 97 16 0
1092 315 281 1758 650 0 0 0 1242 262 1612 976 4 0 0 0 1376 1272 1441 7 0 0 0 0
0 8 843 3245 0 0 0 0 2 856 3238 0 0 0 0 0 393 3703 0 0 0 0 0 0
17 26 758 3295 0 0 0 0 39 1177 2880 0 0 0 0 0 706 3387 3 0 0 0 0 0
0 1 59 1193 2843 0 0 0 2 16 1369 2709 0 0 0 0 6 1276 2642 172 0 0 0 0
246 197 694 773 2186 0 0 0 343 710 768 2270 5 0 0 0 707 933 2087 369 0 0 0 0
20 536 1756 1552 232 0 0 0 392 1834 1649 221 0 0 0 0 1422 2402 267 5 0 0 0 0
0 0 505 2691 900 0 0 0 0 71 3371 654 0 0 0 0 0 2760 1336 0 0 0 0 0
0 0 96 2134 1866 0 0 0 0 0 2212 1884 0 0 0 0 0 1687 2409 0 0 0 0 0
168 58 941 1800 1129 0 0 0 200 35 2444 1417 0 0 0 0 225 1826 2045 0 0 0 0 0
0 0 1588 2497 11 0 0 0 0 2 3919 175 0 0 0 0 0 3118 978 0 0 0 0 0
370 323 2873 463 67 0 0 0 533 507 2919 125 12 0 0 0 836 3105 132 23 0 0 0 0
0 12 3473 302 185 123 1 0 6 872 2885 181 149 3 0 0 79 3664 196 151 6 0 0 0
0 0 3643 162 118 173 0 0 0 874 2926 127 130 39 0 0 20 3790 136 110 40 0 0 0
0 0 1041 2714 151 190 0 0 0 29 3380 468 156 63 0 0 0 2099 1785 154 58 0 0 0
180 122 1663 1814 146 154 17 0 226 540 2944 139 158 89 0 0 295 2243 1278 184 96 0 0 0
710 1509 1343 240 168 119 7 0 1191 2075 479 179 133 37 2 0 2178 1484 222 135 70 7 0 0
475 289 2811 295 217 9 0 0 584 668 2657 170 17 0 0 0 812 3052 213 17 2 0 0 0
97 106 2225 1296 371 1 0 0 152 250 3394 272 28 0 0 0 245 3535 272 44 0 0 0 0
389 1203 1933 394 177 0 0 0 831 1483 1681 101 0 0 0 0 1549 2431 114 2 0 0 0 0
126 152 3295 375 148 0 0 0 165 949 2973 9 0 0 0 0 369 3720 7 0 0 0 0 0
138 232 1869 1209 648 0 0 0 359 497 3226 14 0 0 0 0 1717 2375 4 0 0 0 0 0
126 123 1231 1034 1134 448 0 0 241 241 2957 649 8 0 0 0 1021 3002 65 8 0 0 0 0
115 119 776 699 1006 1380 1 0 210 151 2133 1579 23 0 0 0 569 3469 48 10 0 0 0 0
92 98 136 632 980 1947 211 0 173 111 1146 1836 830 0 0 0 307 3370 419 0 0 0 0 0
68 80 84 205 986 1689 984 0 127 84 543 1345 1993 4 0 0 216 2945 935 0 0 0 0 0
93 99 292 498 885 1410 819 0 239 410 1096 1243 1100 8 0 0 1467 2481 148 0 0 0 0 0
19 28 76 342 1123 2380 128 0 49 289 416 2011 1328 3 0 0 557 3363 167 3 6 0 0 0
0 1 17 58 1562 2458 0 0 1 30 125 3700 240 0 0 0 115 3940 41 0 0 0 0 0
0 0 42 179 2833 1042 0 0 1 65 1541 2489 0 0 0 0 1135 2960 1 0 0 0 0 0
0 0 0 159 3936 1 0 0 0 2 2798 1296 0 0 0 0 450 3646 0 0 0 0 0 0
0 18 39 130 3861 48 0 0 18 174 3801 103 0 0 0 0 3722 374 0 0 0 0 0 0
0 14 52 58 2429 1543 0 0 36 83 2977 989 11 0 0 0 3288 806 2 0 0 0 0 0
0 0 0 0 124 3965 7 0 0 0 537 3518 41 0 0 0 2819 1276 1 0 0 0 0 0
0 0 0 0 0 3156 940 0 0 0 0 2522 1569 5 0 0 575 3261 260 0 0 0 0 0
0 0 0 0 0 1627 2469 0 0 0 0 706 3330 60 0 0 3 3195 898 0 0 0 0 0
0 0 0 0 0 2538 1558 0 0 0 0 1975 2119 2 0 0 172 3760 164 0 0 0 0 0
0 6 63 31 26 3568 402 0 20 54 33 2813 1176 0 0 0 372 3654 70 0 0 0 0 0
0 21 79 79 184 3728 5 0 50 78 130 3588 250 0 0 0 770 3300 26 0 0 0 0 0
0 21 60 75 823 3117 0 0 37 58 475 3526 0 0 0 0 1332 2757 7 0 0 0 0 0
0 0 8 57 3079 952 0 0 2 20 1756 2318 0 0 0 0 2161 1935 0 0 0 0 0 0
4 60 52 1536 2444 0 0 0 67 1409 2620 0 0 0 0 0 4076 20 0 0 0 0 0 0
0 90 60 308 3472 166 0 0 96 432 3557 11 0 0 0 0 3999 97 0 0 0 0 0 0
14 95 55 57 2343 1532 0 0 120 78 3126 772 0 0 0 0 3968 128 0 0 0 0 0 0
21 107 51 59 1046 2798 14 0 135 70 1996 1849 46 0 0 0 3235 860 1 0 0 0 0 0
4 86 59 41 141 3658 107 0 68 86 199 3055 688 0 0 0 523 3549 24 0 0 0 0 0
0 0 0 0 1 4042 53 0 0 0 0 3405 691 0 0 0 28 4068 0 0 0 0 0 0
0 0 0 0 3 4093 0 0 0 0 0 4093 3 0 0 0 818 3278 0 0 0 0 0 0
0 0 0 0 304 3792 0 0 0 0 384 3712 0 0 0 0 2769 1327 0 0 0 0 0 0
0 21 25 26 1986 2038 0 0 23 31 1909 2133 0 0 0 0 3580 514 2 0 0 0 0 0
0 73 57 61 3660 245 0 0 81 64 3477 474 0 0 0 0 3872 222 2 0 0 0 0 0
1806 94 55 1934 207 0 0 0 1901 1713 482 0 0 0 0 0 4091 5 0 0 0 0 0 0
213 105 30 776 2972 0 0 0 316 941 2839 0 0 0 0 0 4065 31 0 0 0 0 0 0
0 0 0 88 4008 0 0 0 0 596 3500 0 0 0 0 0 4096 0 0 0 0 0 0 0
0 0 0 3 4022 71 0 0 0 163 3932 1 0 0 0 0 4096 0 0 0 0 0 0 0
0 12 6 5 3102 971 0 0 6 36 3230 810 14 0 0 0 3345 746 5 0 0 0 0 0
0 116 59 45 2085 1791 0 0 35 152 2101 1750 58 0 0 0 2268 1787 41 0 0 0 0 0
8 137 52 47 1416 2436 0 0 116 86 1374 2520 0 0 0 0 1785 2309 2 0 0 0 0 0
26 145 47 39 1682 2157 0 0 153 63 1399 2481 0 0 0 0 2359 1736 1 0 0 0 0 0
88 107 46 53 2881 921 0 0 180 64 2291 1561 0 0 0 0 3050 1046 0 0 0 0 0 0
98 124 53 64 3638 119 0 0 206 67 3467 356 0 0 0 0 3440 656 0 0 0 0 0 0
