0 19 219 1180 1488 193 99 898 0 25 273 1773 929 100 93 903 6 72 593 1925 405 90 87 918
0 8 111 357 1095 173 188 2164 0 3 86 1122 350 157 185 2193 0 5 271 1024 245 161 184 2206
0 7 116 243 1014 215 210 2291 0 6 122 901 324 221 184 2338 0 1 146 920 268 217 190 2354
0 41 512 650 494 243 225 1931 0 146 611 642 253 272 196 1976 19 323 492 570 224 279 190 1999
0 58 800 934 307 234 203 1560 3 283 1021 520 236 246 172 1615 42 634 843 285 222 251 181 1638
0 58 1184 1341 236 139 153 985 8 572 1664 418 137 145 130 1022 213 1276 968 170 149 144 127 1049
15 95 1518 1782 296 162 57 171 36 935 2165 531 149 61 49 170 333 2120 1089 219 53 52 54 176
0 54 1579 1778 502 131 40 12 10 968 2343 595 125 51 4 0 477 2201 1085 265 57 10 0 1
773 532 212 1206 997 376 0 0 1020 328 557 1063 1112 16 0 0 1320 388 539 1321 528 0 0 0
1068 1173 565 672 310 36 29 243 1536 976 808 406 81 22 25 242 1985 1193 456 146 34 23 25 234
1189 977 462 463 240 89 46 630 1518 930 514 293 103 62 47 629 1991 847 316 138 72 58 49 625
829 659 424 443 908 113 156 564 1185 511 511 766 349 120 153 501 1477 665 345 699 183 145 88 494
838 656 408 275 958 208 196 557 1002 666 333 754 483 209 90 559 1232 571 300 925 306 117 87 558
177 220 333 249 552 643 606 1316 232 390 279 328 691 602 347 1227 388 380 167 479 628 547 271 1236
193 312 322 299 431 980 540 1019 295 444 334 244 721 867 192 999 499 407 237 302 872 635 139 1005
0 0 26 125 311 734 587 2313 2 20 117 98 336 751 561 2211 11 66 89 86 311 818 483 2232
818 533 844 758 297 136 637 73 855 413 847 938 558 485 0 0 1149 375 1678 808 85 1 0 0
742 979 487 451 402 432 452 151 1193 754 500 489 518 582 48 12 1713 566 853 511 332 108 13 0
363 1061 811 460 375 225 398 403 961 1063 586 465 316 575 101 29 1757 763 731 533 184 98 30 0
785 1044 825 452 273 161 234 322 947 959 863 511 279 513 23 1 1434 852 1197 479 98 34 1 1
787 1346 762 406 307 204 196 88 1323 1267 683 395 224 197 7 0 2001 984 625 296 151 38 1 0
1444 766 772 363 213 197 198 143 1857 975 436 204 227 236 86 75 2464 661 265 203 196 177 60 70
1425 344 261 160 191 324 360 1031 1537 403 155 169 370 346 97 1019 1694 276 158 235 390 286 34 1023
99 208 181 184 243 512 393 2276 142 230 184 199 272 459 367 2243 225 201 262 259 167 330 317 2335
1191 475 486 1295 297 127 58 167 1159 646 1344 631 75 61 113 67 1568 1159 1039 75 58 122 73 2
217 688 607 565 471 614 400 534 636 871 542 802 387 427 330 101 1385 674 710 484 456 297 87 3
425 549 684 783 842 407 224 182 345 743 740 1298 458 320 99 93 657 823 1237 641 429 224 78 7
575 650 841 762 687 354 179 48 297 789 707 1322 661 223 63 34 671 698 1063 740 634 224 62 4
286 397 529 548 769 642 447 478 289 725 766 1022 656 334 193 111 655 784 1302 701 421 183 49 1
256 492 785 703 589 529 405 337 234 849 726 780 785 441 130 151 773 832 958 619 503 248 151 12
110 551 636 411 732 743 358 555 898 929 389 675 617 286 212 90 1551 467 713 603 483 209 66 4
130 291 383 380 546 818 722 826 256 445 289 649 1295 605 411 146 642 629 1210 1044 437 97 13 24
2 14 74 3463 355 188 0 0 6 15 3703 372 0 0 0 0 14 2285 1797 0 0 0 0 0
0 2 12 2682 1204 168 27 1 1 26 3540 453 42 31 3 0 8 1965 2031 43 34 15 0 0
0 0 0 1751 2266 79 0 0 0 0 3706 364 26 0 0 0 0 625 3377 94 0 0 0 0
7 25 27 1165 2603 238 31 0 19 43 3333 594 94 13 0 0 48 583 3249 194 20 2 0 0
2 15 21 333 3502 184 39 0 15 30 3354 636 53 8 0 0 36 131 3759 157 13 0 0 0
0 7 6 182 3571 293 37 0 3 7 1298 2585 168 35 0 0 6 13 3587 390 92 8 0 0
30 198 229 745 2519 304 71 0 140 263 1144 2204 221 114 10 0 275 503 2211 875 177 54 1 0
208 164 164 603 2381 543 33 0 126 312 810 1991 836 21 0 0 385 406 827 2049 420 9 0 0
0 0 848 3241 7 0 0 0 0 730 3364 2 0 0 0 0 0 3813 283 0 0 0 0 0
0 0 0 3824 268 4 0 0 0 7 3912 177 0 0 0 0 0 1329 2752 15 0 0 0 0
0 0 0 3621 461 14 0 0 0 3 3906 187 0 0 0 0 0 1293 2782 21 0 0 0 0
0 0 0 3456 618 22 0 0 0 4 3991 100 1 0 0 0 0 545 3544 7 0 0 0 0
0 0 0 3350 746 0 0 0 0 0 4057 39 0 0 0 0 0 735 3361 0 0 0 0 0
0 0 0 1902 2193 1 0 0 0 0 3027 1069 0 0 0 0 0 360 3458 278 0 0 0 0
0 0 0 2489 1592 15 0 0 0 0 3078 1009 9 0 0 0 0 714 3080 302 0 0 0 0
0 0 2 2580 1437 65 12 0 0 4 2260 1620 194 17 1 0 0 558 2110 1233 183 12 0 0
