0 4096 0 0 0 0 0 0 124 3972 0 0 0 0 0 0 973 3123 0 0 0 0 0 0
0 4096 0 0 0 0 0 0 99 3997 0 0 0 0 0 0 1010 3086 0 0 0 0 0 0
5 4085 6 0 0 0 0 0 64 4032 0 0 0 0 0 0 885 3211 0 0 0 0 0 0
0 3789 307 0 0 0 0 0 14 4081 1 0 0 0 0 0 611 3485 0 0 0 0 0 0
0 1147 2665 106 54 75 49 0 5 2885 990 55 53 93 15 0 8 3665 219 55 56 93 0 0
0 824 2839 184 236 13 0 0 0 2212 1595 281 8 0 0 0 0 3434 423 237 2 0 0 0
0 1 689 180 736 682 1627 181 0 54 760 769 463 470 1483 97 0 302 490 741 498 382 1203 480
0 1530 1390 94 181 409 491 1 0 2255 721 71 217 382 450 0 23 2617 334 65 167 367 517 6
0 261 3835 0 0 0 0 0 0 883 3213 0 0 0 0 0 0 2218 1878 0 0 0 0 0
0 30 4066 0 0 0 0 0 0 120 3976 0 0 0 0 0 0 530 3566 0 0 0 0 0
0 20 4076 0 0 0 0 0 0 25 4071 0 0 0 0 0 0 954 3142 0 0 0 0 0
0 0 4096 0 0 0 0 0 0 6 4090 0 0 0 0 0 0 292 3804 0 0 0 0 0
0 68 4028 0 0 0 0 0 0 505 3591 0 0 0 0 0 0 1374 2722 0 0 0 0 0
0 0 4092 4 0 0 0 0 0 5 4091 0 0 0 0 0 0 50 4046 0 0 0 0 0
0 0 4088 8 0 0 0 0 0 0 4096 0 0 0 0 0 0 0 4096 0 0 0 0 0
0 4096 0 0 0 0 0 0 3 4093 0 0 0 0 0 0 380 3716 0 0 0 0 0 0
33 4063 0 0 0 0 0 0 319 3777 0 0 0 0 0 0 1306 2790 0 0 0 0 0 0
29 4067 0 0 0 0 0 0 181 3915 0 0 0 0 0 0 648 3448 0 0 0 0 0 0
13 4055 28 0 0 0 0 0 85 4010 1 0 0 0 0 0 826 3270 0 0 0 0 0 0
0 1352 2455 113 67 59 50 0 39 3062 804 43 46 70 32 0 4 3731 177 41 52 91 0 0
0 821 2729 220 241 84 1 0 0 2097 1632 260 44 63 0 0 0 3020 709 261 44 62 0 0
5 201 427 273 1388 1273 529 0 2 425 438 1535 716 375 605 0 2 563 426 1564 553 271 681 36
13 2111 705 136 338 636 157 0 17 2348 513 143 317 621 137 0 132 2322 434 121 317 523 247 0
0 52 3234 43 112 595 60 0 0 219 3081 42 134 620 0 0 0 536 2761 42 105 652 0 0
0 0 3059 43 205 690 99 0 0 12 3068 35 221 748 12 0 0 28 3049 38 202 755 24 0
0 0 2844 52 142 1022 36 0 0 37 2822 49 153 1013 22 0 0 278 2579 48 154 1015 22 0
0 15 2648 55 158 1061 159 0 0 14 2668 53 152 1146 63 0 0 123 2560 50 148 1161 54 0
0 148 2484 83 88 1099 194 0 0 224 2425 73 104 1175 95 0 3 331 2311 76 94 1155 126 0
0 184 2425 83 85 1046 273 0 0 230 2393 82 83 1147 161 0 0 465 2157 77 88 1122 187 0
0 256 2356 68 73 950 393 0 0 385 2251 56 83 989 332 0 0 491 2142 58 82 986 337 0
1 3585 473 37 0 0 0 0 36 3850 162 45 3 0 0 0 797 3144 118 37 0 0 0 0
0 2980 1017 64 35 0 0 0 0 3930 91 72 3 0 0 0 29 3932 60 74 1 0 0 0
0 3090 553 308 139 6 0 0 0 3405 313 302 76 0 0 0 16 3463 279 273 65 0 0 0
88 1613 514 313 372 758 438 0 176 1788 329 310 422 758 313 0 233 1775 311 317 438 720 302 0
33 1319 1186 280 242 976 59 1 263 1994 553 116 250 888 32 0 265 2393 155 115 221 903 44 0
1 705 2130 39 76 1145 0 0 8 1591 1243 35 130 1089 0 0 36 2451 358 38 90 1123 0 0
0 676 1495 257 801 867 0 0 3 1233 1190 953 311 406 0 0 23 1815 874 861 109 414 0 0
13 1942 221 284 789 846 1 0 83 2004 361 1031 219 398 0 0 382 1781 503 881 142 407 0 0
4 906 2583 25 94 470 14 0 14 1483 1997 29 109 458 6 0 56 2541 899 32 98 466 4 0
0 634 3059 30 72 291 10 0 6 871 2815 32 58 296 18 0 15 1958 1724 30 71 293 5 0
0 699 3148 86 38 110 15 0 2 1005 2868 61 37 111 12 0 11 1686 2178 64 45 104 8 0
0 738 3341 9 8 0 0 0 7 1203 2870 8 8 0 0 0 11 2123 1949 6 7 0 0 0
2 598 3467 29 0 0 0 0 5 843 3227 21 0 0 0 0 6 1510 2571 9 0 0 0 0
2 401 3693 0 0 0 0 0 4 715 3377 0 0 0 0 0 12 1322 2762 0 0 0 0 0
3 609 3484 0 0 0 0 0 4 794 3298 0 0 0 0 0 11 1224 2861 0 0 0 0 0
319 3048 295 282 146 6 0 0 1091 2295 293 357 60 0 0 0 1477 1948 301 326 44 0 0 0
0 3521 291 211 73 0 0 0 0 3680 191 210 15 0 0 0 29 3673 197 191 6 0 0 0
0 4096 0 0 0 0 0 0 1 4095 0 0 0 0 0 0 146 3950 0 0 0 0 0 0
66 2639 172 93 109 548 469 0 207 2582 115 95 129 737 231 0 479 2316 109 95 127 612 358 0
27 1719 2097 153 23 37 40 0 196 3137 647 30 29 31 26 0 261 3569 159 21 38 28 20 0
164 1549 1636 298 343 106 0 0 224 2464 972 409 27 0 0 0 292 2952 506 346 0 0 0 0
0 1100 1736 237 511 512 0 0 4 2092 948 953 99 0 0 0 70 2569 627 829 1 0 0 0
26 2249 136 206 722 757 0 0 111 2276 367 1310 32 0 0 0 940 1520 530 1106 0 0 0 0
14 1052 3030 0 0 0 0 0 26 1473 2597 0 0 0 0 0 100 2415 1581 0 0 0 0 0
2 509 3585 0 0 0 0 0 3 864 3229 0 0 0 0 0 17 1482 2597 0 0 0 0 0
0 601 3495 0 0 0 0 0 3 810 3283 0 0 0 0 0 13 1175 2908 0 0 0 0 0
0 579 3517 0 0 0 0 0 7 766 3323 0 0 0 0 0 19 1107 2970 0 0 0 0 0
0 595 3501 0 0 0 0 0 4 810 3282 0 0 0 0 0 17 1153 2926 0 0 0 0 0
0 539 3159 174 141 78 5 0 7 877 2989 157 66 0 0 0 22 1643 2225 154 52 0 0 0
0 778 3318 0 0 0 0 0 4 982 3110 0 0 0 0 0 24 1291 2781 0 0 0 0 0
54 3583 191 137 109 22 0 0 568 3061 189 131 117 29 1 0 1683 1952 187 126 120 27 1 0
0 4013 83 0 0 0 0 0 0 4096 0 0 0 0 0 0 31 4065 0 0 0 0 0 0
0 3012 716 45 41 243 39 0 0 3648 103 40 48 254 3 0 0 3700 53 41 48 239 15 0
205 2256 515 55 70 434 561 0 584 2260 138 59 65 693 297 0 832 2078 73 56 65 386 606 0
438 2027 1296 157 37 63 77 1 569 2885 418 58 44 58 64 0 765 2977 156 35 59 64 40 0
1010 588 149 341 579 1268 161 0 1291 634 319 1114 540 128 70 0 1334 607 322 1095 521 39 178 0
0 162 146 373 1713 1660 37 5 734 562 280 1501 983 7 29 0 394 917 484 2149 114 3 24 11
40 3037 347 132 289 251 0 0 233 3021 295 515 32 0 0 0 712 2639 254 491 0 0 0 0
135 1201 2760 0 0 0 0 0 169 1624 2303 0 0 0 0 0 81 3363 652 0 0 0 0 0
380 835 2877 4 0 0 0 0 373 1079 2640 4 0 0 0 0 82 1750 2260 2 2 0 0 0
546 633 2917 0 0 0 0 0 534 802 2760 0 0 0 0 0 35 1836 2225 0 0 0 0 0
694 784 2618 0 0 0 0 0 697 1033 2366 0 0 0 0 0 56 2222 1818 0 0 0 0 0
502 970 1843 197 126 458 0 0 539 1234 1716 87 330 190 0 0 195 1917 1398 96 322 168 0 0
715 1186 525 404 686 574 6 0 748 1242 682 649 743 32 0 0 690 1389 624 672 705 16 0 0
1083 1089 1924 0 0 0 0 0 1062 1232 1802 0 0 0 0 0 88 2299 1709 0 0 0 0 0
1614 1512 488 168 171 95 40 8 1794 1312 491 175 170 98 46 10 1685 1226 620 208 196 94 54 13
2562 1207 175 72 80 0 0 0 2603 1244 107 73 69 0 0 0 2140 1631 118 115 92 0 0 0
2114 569 255 111 183 435 429 0 2154 684 116 133 181 497 331 0 1240 1577 128 104 207 422 418 0
3460 364 62 30 40 130 10 0 3524 317 38 35 38 127 17 0 2036 1795 39 31 40 123 32 0
2984 898 99 82 25 8 0 0 3221 764 67 25 13 6 0 0 2790 1210 56 24 13 3 0 0
1314 207 302 234 186 486 1321 46 1481 292 224 173 192 497 1237 0 1422 267 228 178 156 280 638 927
34 29 55 135 436 298 1185 1924 276 229 92 126 82 223 1816 1252 132 331 130 104 61 111 338 2889
3540 39 28 37 77 364 11 0 3493 87 30 33 107 339 7 0 2651 913 28 32 49 368 55 0
4096 0 0 0 0 0 0 0 4092 4 0 0 0 0 0 0 1592 2504 0 0 0 0 0 0
4096 0 0 0 0 0 0 0 4096 0 0 0 0 0 0 0 1277 2819 0 0 0 0 0 0
4096 0 0 0 0 0 0 0 4096 0 0 0 0 0 0 0 1356 2740 0 0 0 0 0 0
4096 0 0 0 0 0 0 0 4096 0 0 0 0 0 0 0 1363 2733 0 0 0 0 0 0
1412 186 190 344 925 1039 0 0 1452 246 256 812 1146 184 0 0 336 1349 271 880 1048 212 0 0
3135 664 181 33 36 47 0 0 3081 767 164 42 40 2 0 0 2556 1271 184 41 35 9 0 0
2267 188 187 568 616 262 6 2 2300 294 581 688 224 8 1 0 325 2286 684 583 207 10 1 0
201 900 2995 0 0 0 0 0 57 633 3405 1 0 0 0 0 10 477 2409 1200 0 0 0 0
2334 1165 418 179 0 0 0 0 2387 902 807 0 0 0 0 0 2255 582 1259 0 0 0 0 0
1738 517 542 674 47 267 311 0 1991 581 876 35 55 341 217 0 2062 972 411 35 49 264 303 0
3482 41 38 27 47 187 274 0 3470 50 39 27 47 196 267 0 2822 685 37 33 45 156 318 0
3508 530 35 13 10 0 0 0 3728 320 28 15 5 0 0 0 3657 394 26 15 4 0 0 0
494 59 409 312 229 619 1081 893 864 257 134 141 241 631 1097 731 701 355 152 126 166 381 716 1499
0 0 0 0 0 64 1041 2991 0 0 0 0 0 63 1437 2596 0 0 0 0 0 24 324 3748
2870 34 50 32 249 665 179 17 2865 37 51 30 264 684 149 16 2795 97 32 43 99 516 446 68
4096 0 0 0 0 0 0 0 4096 0 0 0 0 0 0 0 2465 1631 0 0 0 0 0 0
4096 0 0 0 0 0 0 0 4096 0 0 0 0 0 0 0 1855 2241 0 0 0 0 0 0
4096 0 0 0 0 0 0 0 4096 0 0 0 0 0 0 0 635 3461 0 0 0 0 0 0
4096 0 0 0 0 0 0 0 4096 0 0 0 0 0 0 0 549 3547 0 0 0 0 0 0
3343 80 85 138 162 288 0 0 3344 86 107 175 364 20 0 0 233 3172 103 176 299 113 0 0
1035 293 259 648 991 870 0 0 1064 323 406 1017 1243 43 0 0 283 1030 447 1005 1185 146 0 0
1782 394 356 625 753 183 3 0 909 1251 556 924 418 21 17 0 348 552 858 1588 657 47 20 26
1071 1272 1753 0 0 0 0 0 289 1551 2256 0 0 0 0 0 14 1566 2209 307 0 0 0 0
2788 1241 67 0 0 0 0 0 2744 719 633 0 0 0 0 0 2624 240 1232 0 0 0 0 0
2377 506 422 422 185 141 43 0 2088 923 505 311 104 154 11 0 2233 941 351 288 122 147 14 0
2852 151 145 68 50 314 516 0 2899 216 64 43 49 535 290 0 2712 424 42 40 43 289 546 0
2910 691 123 55 78 79 160 0 3177 453 107 52 59 83 165 0 2861 764 86 72 47 79 148 39
611 84 23 33 58 460 1774 1053 625 71 24 45 307 323 1997 704 498 185 27 95 246 99 752 2194
0 0 0 201 266 726 762 2141 0 0 48 357 849 243 604 1995 0 0 146 273 942 94 217 2424
2136 80 114 270 592 757 140 7 2158 88 253 678 523 257 138 1 2096 140 268 655 417 269 225 26
3330 69 53 64 204 376 0 0 3368 67 72 410 179 0 0 0 2321 1114 81 388 192 0 0 0
3355 90 91 210 269 81 0 0 3400 118 244 295 39 0 0 0 2022 1465 254 269 86 0 0 0
4096 0 0 0 0 0 0 0 4096 0 0 0 0 0 0 0 1770 2326 0 0 0 0 0 0
4096 0 0 0 0 0 0 0 4096 0 0 0 0 0 0 0 1313 2783 0 0 0 0 0 0
4096 0 0 0 0 0 0 0 4096 0 0 0 0 0 0 0 1515 2581 0 0 0 0 0 0
3788 268 26 14 0 0 0 0 3121 928 32 15 0 0 0 0 1136 2116 271 376 197 0 0 0
2727 432 162 96 87 123 205 264 224 2862 192 125 84 103 123 383 0 29 478 1515 1354 128 115 477
902 1356 1799 39 0 0 0 0 225 1719 2097 55 0 0 0 0 7 1691 2106 290 2 0 0 0
1642 1021 539 175 88 311 320 0 1665 615 1012 136 54 391 223 0 1610 402 1195 199 66 291 333 0
2001 279 252 232 279 749 304 0 2008 392 263 128 301 842 162 0 2025 420 213 129 288 699 322 0
1680 263 296 461 598 604 194 0 1745 407 445 135 744 464 156 0 1782 638 180 113 531 639 213 0
2692 142 94 138 654 277 87 12 2686 145 96 178 710 185 73 23 2377 425 91 185 664 252 61 41
2673 105 58 91 223 733 212 1 2717 85 62 199 916 60 57 0 2631 172 77 463 591 81 81 0
1413 84 151 597 478 825 548 0 1446 85 482 719 1302 62 0 0 1438 124 662 546 1299 27 0 0
1927 194 180 539 924 332 0 0 1948 210 354 685 747 152 0 0 1581 564 402 684 661 203 1 0
1628 134 178 569 1135 452 0 0 1644 173 475 821 791 192 0 0 771 1003 456 750 894 222 0 0
2513 114 219 390 655 204 1 0 2533 153 372 309 544 184 1 0 1315 1345 405 320 511 197 3 0
2896 45 110 107 709 214 15 0 2895 48 109 223 608 201 12 0 826 2110 92 286 546 217 19 0
2867 78 68 177 702 202 2 0 2866 77 70 209 689 183 2 0 569 2355 79 222 681 188 2 0
2834 118 13 150 701 255 25 0 2833 119 20 164 693 250 17 0 781 2157 23 189 658 236 52 0
2734 178 91 147 675 254 17 0 2127 783 73 160 713 232 8 0 437 1735 158 617 860 264 25 0
2429 360 131 104 682 290 95 5 13 2728 99 152 744 268 57 35 0 0 71 923 2631 322 95 54
540 1144 2386 22 4 0 0 0 251 978 2838 25 4 0 0 0 21 962 2579 529 5 0 0 0
2014 1194 671 194 17 6 0 0 2044 1109 921 8 7 7 0 0 1926 945 1049 160 8 6 2 0
1974 293 1072 757 0 0 0 0 2097 1019 980 0 0 0 0 0 2142 1806 148 0 0 0 0 0
3268 370 371 87 0 0 0 0 3339 592 165 0 0 0 0 0 3193 800 103 0 0 0 0 0
4096 0 0 0 0 0 0 0 4096 0 0 0 0 0 0 0 3668 428 0 0 0 0 0 0
4096 0 0 0 0 0 0 0 4096 0 0 0 0 0 0 0 4063 33 0 0 0 0 0 0
3400 80 77 442 97 0 0 0 3419 77 268 332 0 0 0 0 3424 92 416 164 0 0 0 0
3956 27 35 78 0 0 0 0 3964 35 84 13 0 0 0 0 3079 920 97 0 0 0 0 0
4096 0 0 0 0 0 0 0 4096 0 0 0 0 0 0 0 747 3349 0 0 0 0 0 0
4096 0 0 0 0 0 0 0 4096 0 0 0 0 0 0 0 251 3845 0 0 0 0 0 0
4096 0 0 0 0 0 0 0 4096 0 0 0 0 0 0 0 226 3870 0 0 0 0 0 0
4096 0 0 0 0 0 0 0 4096 0 0 0 0 0 0 0 156 3940 0 0 0 0 0 0
4096 0 0 0 0 0 0 0 4096 0 0 0 0 0 0 0 82 4014 0 0 0 0 0 0
4017 79 0 0 0 0 0 0 3133 963 0 0 0 0 0 0 105 3019 157 471 344 0 0 0
4061 35 0 0 0 0 0 0 27 4069 0 0 0 0 0 0 4 17 29 1061 2985 0 0 0
733 1132 2231 0 0 0 0 0 460 816 2813 7 0 0 0 0 64 1021 2387 624 0 0 0 0
3171 721 204 0 0 0 0 0 3153 276 667 0 0 0 0 0 2973 270 849 4 0 0 0 0
677 568 1825 746 280 0 0 0 743 1956 596 772 29 0 0 0 555 2278 371 692 200 0 0 0
2911 270 366 142 407 0 0 0 2948 519 93 372 164 0 0 0 2536 921 81 156 402 0 0 0
4096 0 0 0 0 0 0 0 4096 0 0 0 0 0 0 0 3821 275 0 0 0 0 0 0
1797 117 98 158 1155 771 0 0 1860 111 230 1644 251 0 0 0 1773 188 407 1519 209 0 0 0
1137 56 131 482 2290 0 0 0 1156 90 354 2493 3 0 0 0 1155 133 453 2355 0 0 0 0
2337 66 74 296 1253 67 3 0 2348 83 319 1235 54 57 0 0 2280 169 573 959 41 74 0 0
4096 0 0 0 0 0 0 0 4096 0 0 0 0 0 0 0 1175 2921 0 0 0 0 0 0
4096 0 0 0 0 0 0 0 4096 0 0 0 0 0 0 0 148 3948 0 0 0 0 0 0
4096 0 0 0 0 0 0 0 4096 0 0 0 0 0 0 0 90 4006 0 0 0 0 0 0
4096 0 0 0 0 0 0 0 4096 0 0 0 0 0 0 0 27 4069 0 0 0 0 0 0
4096 0 0 0 0 0 0 0 4096 0 0 0 0 0 0 0 24 4072 0 0 0 0 0 0
4081 15 0 0 0 0 0 0 4056 40 0 0 0 0 0 0 1354 2738 4 0 0 0 0 0
4079 17 0 0 0 0 0 0 3919 177 0 0 0 0 0 0 3843 74 74 85 20 0 0 0
644 1024 2410 18 0 0 0 0 549 560 2928 59 0 0 0 0 293 637 2255 911 0 0 0 0
3237 607 252 0 0 0 0 0 3210 328 558 0 0 0 0 0 1830 1585 668 13 0 0 0 0
1768 473 288 712 848 7 0 0 1765 521 315 1365 130 0 0 0 567 1590 291 631 979 38 0 0
2149 240 199 674 834 0 0 0 2155 274 227 1263 177 0 0 0 925 1395 188 603 985 0 0 0
3766 159 17 22 16 31 67 18 3801 127 14 23 19 31 77 4 1769 2138 31 16 18 27 63 34
391 83 56 140 1789 1311 303 23 426 65 153 2667 410 84 286 5 318 176 242 2858 122 59 266 55
1589 191 240 691 1059 296 30 0 1647 206 658 1147 110 308 20 0 687 1169 797 988 66 288 101 0
904 87 119 180 702 1500 603 1 1054 81 64 518 304 1345 730 0 602 514 49 514 200 757 1426 34
4020 76 0 0 0 0 0 0 4085 11 0 0 0 0 0 0 1948 2148 0 0 0 0 0 0
4058 38 0 0 0 0 0 0 4083 13 0 0 0 0 0 0 1670 2426 0 0 0 0 0 0
4044 52 0 0 0 0 0 0 4076 20 0 0 0 0 0 0 1841 2255 0 0 0 0 0 0
3946 150 0 0 0 0 0 0 4017 79 0 0 0 0 0 0 1768 2328 0 0 0 0 0 0
3894 202 0 0 0 0 0 0 4026 70 0 0 0 0 0 0 1813 2283 0 0 0 0 0 0
3094 198 114 220 412 58 0 0 3159 176 176 431 154 0 0 0 1486 1851 222 389 148 0 0 0
500 149 155 355 779 2158 0 0 545 154 306 660 2431 0 0 0 479 206 333 704 2374 0 0 0
0 1200 2896 0 0 0 0 0 0 14 4073 9 0 0 0 0 0 0 3743 353 0 0 0 0
932 2736 398 30 0 0 0 0 1709 1727 654 6 0 0 0 0 664 2693 723 16 0 0 0 0
180 1926 1085 788 112 5 0 0 242 2194 976 605 79 0 0 0 73 2228 855 773 149 18 0 0
743 1205 688 980 318 44 78 40 1320 1670 516 380 92 38 58 22 336 2525 516 416 184 31 54 34
61 265 215 1702 934 94 510 315 968 2153 39 27 41 83 553 232 83 3010 54 32 36 62 306 513
83 1258 71 129 356 675 1208 316 150 1193 72 166 306 739 1234 236 12 1324 68 144 220 673 925 730
1464 2445 115 40 19 10 1 2 2078 1930 37 33 12 5 1 0 740 3268 47 19 12 8 2 0
145 649 631 1826 103 323 397 22 2364 837 45 50 95 310 361 34 207 2972 63 44 96 275 385 54
1903 1877 72 82 133 29 0 0 2149 1647 71 83 133 13 0 0 384 3395 71 83 140 23 0 0
1406 2690 0 0 0 0 0 0 1612 2484 0 0 0 0 0 0 110 3986 0 0 0 0 0 0
1616 2480 0 0 0 0 0 0 1917 2179 0 0 0 0 0 0 59 4037 0 0 0 0 0 0
1324 2772 0 0 0 0 0 0 1787 2309 0 0 0 0 0 0 69 3871 156 0 0 0 0 0
1864 2232 0 0 0 0 0 0 2011 2085 0 0 0 0 0 0 28 3841 227 0 0 0 0 0
2276 1705 49 59 7 0 0 0 2282 1719 78 17 0 0 0 0 36 3804 255 1 0 0 0 0
177 204 178 441 1119 1315 638 24 196 238 283 1021 1558 142 600 58 26 323 362 970 1546 128 322 419
0 1542 2554 0 0 0 0 0 0 3 4093 0 0 0 0 0 0 0 3796 300 0 0 0 0
1 3526 569 0 0 0 0 0 934 2669 493 0 0 0 0 0 754 2770 572 0 0 0 0 0
19 1462 397 222 288 673 786 249 46 1675 211 213 313 635 800 203 43 1551 331 184 312 490 801 384
142 1096 461 352 283 551 657 554 168 1253 346 356 333 575 503 562 124 1038 534 392 322 554 484 648
237 3250 300 269 25 6 9 0 606 3448 25 6 4 7 0 0 92 3310 675 6 4 8 1 0
429 3635 32 0 0 0 0 0 20 4076 0 0 0 0 0 0 0 2900 1196 0 0 0 0 0
929 3153 14 0 0 0 0 0 80 4013 3 0 0 0 0 0 1 2485 1610 0 0 0 0 0
546 1734 144 108 355 683 409 117 117 2185 120 111 358 666 393 146 26 1160 1201 96 211 734 396 272
65 676 312 346 593 1054 695 355 121 745 256 336 555 1004 693 386 19 726 294 295 504 921 723 614
1843 1537 99 86 75 79 139 238 457 2922 104 83 78 78 142 232 25 1668 1742 95 83 83 138 262
2768 1328 0 0 0 0 0 0 683 3413 0 0 0 0 0 0 0 918 3178 0 0 0 0 0
3380 716 0 0 0 0 0 0 1048 3048 0 0 0 0 0 0 0 1042 3054 0 0 0 0 0
3661 435 0 0 0 0 0 0 975 3121 0 0 0 0 0 0 0 1089 3007 0 0 0 0 0
3645 451 0 0 0 0 0 0 807 3289 0 0 0 0 0 0 0 1182 2914 0 0 0 0 0
224 229 110 98 189 657 2407 182 109 327 104 104 173 505 2338 436 0 61 413 106 106 264 1178 1968
0 1139 2957 0 0 0 0 0 0 0 4096 0 0 0 0 0 0 0 3776 320 0 0 0 0
106 2838 1150 2 0 0 0 0 1230 2451 415 0 0 0 0 0 438 1660 1975 23 0 0 0 0
10 1572 344 341 351 603 781 94 4 1588 273 376 369 593 798 95 3 164 1604 340 384 530 870 201
228 3139 224 209 192 78 18 8 42 3330 207 209 199 66 32 11 12 310 3139 231 213 139 40 12
389 3707 0 0 0 0 0 0 8 4088 0 0 0 0 0 0 0 40 4056 0 0 0 0 0
412 3684 0 0 0 0 0 0 32 4064 0 0 0 0 0 0 0 75 4021 0 0 0 0 0
776 3320 0 0 0 0 0 0 27 4069 0 0 0 0 0 0 0 259 3837 0 0 0 0 0
798 3043 23 33 55 56 87 1 51 3790 19 28 51 56 95 6 0 186 3658 32 45 50 85 40
551 2913 63 95 100 139 174 61 24 3433 61 87 102 121 180 88 4 90 3387 81 91 120 166 157
716 3089 17 24 17 35 140 58 31 3772 19 24 16 35 117 82 0 76 3734 20 21 32 45 168
1737 2359 0 0 0 0 0 0 31 4065 0 0 0 0 0 0 0 88 4008 0 0 0 0 0
2098 1998 0 0 0 0 0 0 62 4034 0 0 0 0 0 0 0 118 3978 0 0 0 0 0
2277 1819 0 0 0 0 0 0 64 4032 0 0 0 0 0 0 0 106 3990 0 0 0 0 0
2421 1675 0 0 0 0 0 0 75 4021 0 0 0 0 0 0 0 67 4029 0 0 0 0 0
636 517 123 163 210 359 1893 195 101 1033 131 163 192 302 1850 324 0 203 976 153 169 214 666 1715
0 2515 1581 0 0 0 0 0 0 6 4089 1 0 0 0 0 0 0 3805 291 0 0 0 0
98 3042 945 11 0 0 0 0 1778 1995 323 0 0 0 0 0 1176 1069 1837 14 0 0 0 0
19 3774 41 44 46 96 76 0 13 3773 46 42 45 77 100 0 8 238 3572 42 43 57 136 0
2 4094 0 0 0 0 0 0 2 4094 0 0 0 0 0 0 0 121 3975 0 0 0 0 0
27 4069 0 0 0 0 0 0 0 4096 0 0 0 0 0 0 0 59 4037 0 0 0 0 0
24 4072 0 0 0 0 0 0 2 4094 0 0 0 0 0 0 0 115 3981 0 0 0 0 0
98 3998 0 0 0 0 0 0 4 4092 0 0 0 0 0 0 0 36 4060 0 0 0 0 0
171 3925 0 0 0 0 0 0 0 4096 0 0 0 0 0 0 0 97 3999 0 0 0 0 0
255 3841 0 0 0 0 0 0 7 4089 0 0 0 0 0 0 0 16 4080 0 0 0 0 0
266 3830 0 0 0 0 0 0 0 4096 0 0 0 0 0 0 0 24 4072 0 0 0 0 0
462 3584 33 17 0 0 0 0 15 4028 48 5 0 0 0 0 0 58 3996 42 0 0 0 0
615 3154 215 112 0 0 0 0 15 3792 220 69 0 0 0 0 0 308 3620 168 0 0 0 0
831 2954 226 85 0 0 0 0 32 3764 250 50 0 0 0 0 0 1006 2947 143 0 0 0 0
749 3027 186 134 0 0 0 0 20 3771 203 102 0 0 0 0 0 1798 2125 165 8 0 0 0
145 995 292 249 352 585 1130 348 47 1082 282 256 372 602 1109 346 0 750 539 222 361 542 1137 545
591 2268 1237 0 0 0 0 0 207 1004 2885 0 0 0 0 0 1 381 3470 244 0 0 0 0
1217 2327 536 16 0 0 0 0 1939 2065 92 0 0 0 0 0 558 2578 960 0 0 0 0 0
0 4096 0 0 0 0 0 0 5 4091 0 0 0 0 0 0 0 1108 2988 0 0 0 0 0
43 4053 0 0 0 0 0 0 1 4095 0 0 0 0 0 0 0 414 3682 0 0 0 0 0
45 3840 90 117 4 0 0 0 1 3911 87 97 0 0 0 0 0 73 3904 119 0 0 0 0
18 3742 261 75 0 0 0 0 3 3810 232 51 0 0 0 0 0 582 3404 110 0 0 0 0
28 3734 237 97 0 0 0 0 0 3814 237 45 0 0 0 0 0 1232 2732 132 0 0 0 0
13 3773 244 66 0 0 0 0 2 3817 225 52 0 0 0 0 0 1896 2072 128 0 0 0 0
36 3586 343 131 0 0 0 0 0 3796 248 52 0 0 0 0 0 2421 1517 158 0 0 0 0
50 3426 530 90 0 0 0 0 0 3779 256 61 0 0 0 0 0 2961 1010 125 0 0 0 0
3 3683 308 102 0 0 0 0 0 3838 193 65 0 0 0 0 0 3544 404 148 0 0 0 0
0 3951 145 0 0 0 0 0 0 4090 6 0 0 0 0 0 0 3828 268 0 0 0 0 0
0 4040 56 0 0 0 0 0 0 4090 6 0 0 0 0 0 0 3943 153 0 0 0 0 0
0 4084 12 0 0 0 0 0 0 4096 0 0 0 0 0 0 0 4002 94 0 0 0 0 0
11 945 432 552 708 710 674 64 1 978 362 523 696 689 710 137 0 721 404 400 622 714 781 454
464 3319 151 162 0 0 0 0 2 3808 144 142 0 0 0 0 0 1387 2508 197 4 0 0 0
358 2887 621 195 35 0 0 0 346 3159 406 178 7 0 0 0 0 2042 1740 294 20 0 0 0
0 1102 2689 181 124 0 0 0 0 2736 1131 199 30 0 0 0 0 1572 2074 360 90 0 0 0
0 575 3263 192 66 0 0 0 0 2750 1133 211 2 0 0 0 0 1857 1985 231 23 0 0 0
0 588 3316 190 2 0 0 0 0 2753 1196 147 0 0 0 0 0 1939 1982 173 2 0 0 0
0 1224 2698 174 0 0 0 0 0 3199 752 145 0 0 0 0 0 2626 1329 141 0 0 0 0
0 1601 2338 157 0 0 0 0 0 3548 418 130 0 0 0 0 0 3278 684 134 0 0 0 0
0 2255 1647 191 3 0 0 0 0 3485 459 152 0 0 0 0 0 3209 729 158 0 0 0 0
0 2622 1298 176 0 0 0 0 0 3597 340 159 0 0 0 0 0 3459 470 167 0 0 0 0
0 2584 1342 169 1 0 0 0 0 3469 499 128 0 0 0 0 0 3007 953 136 0 0 0 0
0 2839 1081 159 17 0 0 0 0 3599 344 147 6 0 0 0 0 3274 670 144 8 0 0 0
0 2917 1004 164 11 0 0 0 0 3617 340 139 0 0 0 0 0 3050 899 147 0 0 0 0
0 2922 976 177 21 0 0 0 0 3574 336 186 0 0 0 0 0 3145 756 193 2 0 0 0
0 2652 1249 195 0 0 0 0 0 3328 590 178 0 0 0 0 0 2598 1321 177 0 0 0 0
133 1180 2346 270 117 37 13 0 36 1290 2445 193 79 27 26 0 55 952 2486 406 130 18 22 27
