0 3 7 6 69 1245 2483 283 0 6 8 11 330 3385 356 0 0 3 8 7 120 2638 1320 0
0 0 0 0 7 295 2764 1030 0 0 0 0 95 1879 2122 0 0 0 0 0 49 1363 2681 3
0 0 5 109 17 899 2661 405 3 70 30 35 161 2030 1767 0 0 11 60 30 108 1808 2077 2
0 3 57 160 176 1374 2309 17 4 102 68 98 246 2648 930 0 0 36 83 100 222 1710 1944 1
0 12 540 1491 177 24 1357 495 29 227 165 1780 52 468 1375 0 1 94 146 150 727 1183 1795 0
79 174 908 1940 225 31 221 518 38 286 231 2229 548 72 691 1 45 35 131 241 502 2387 728 27
0 1 843 2528 512 156 50 6 2 47 47 2671 1061 227 41 0 0 2 28 39 452 3162 376 37
91 181 1328 1746 494 178 68 10 136 137 456 2559 612 131 64 1 82 113 204 455 1042 1944 215 41
2 1529 2208 182 121 46 8 0 0 20 2807 1091 105 64 9 0 0 3 50 319 2937 773 14 0
64 1796 1646 265 205 98 21 1 46 41 1592 1997 308 97 15 0 40 10 32 148 1330 2382 153 1
48 63 824 1128 1079 644 293 17 60 52 173 1287 1494 766 256 8 54 63 73 100 335 1819 1409 243
27 613 1789 945 444 212 61 5 25 17 572 2403 742 243 87 7 12 19 35 150 696 2525 579 80
