0 0 1188 2908 0 0 0 0 0 1496 2599 1 0 0 0 0 0 37 3532 527 0 0 0 0
0 0 816 3280 0 0 0 0 0 1902 2194 0 0 0 0 0 0 6 3068 1022 0 0 0 0
0 0 991 3105 0 0 0 0 0 1386 2710 0 0 0 0 0 0 15 2635 1446 0 0 0 0
0 62 2461 1573 0 0 0 0 148 2457 1491 0 0 0 0 0 0 581 2851 664 0 0 0 0
3 789 1083 372 696 1015 107 31 978 1293 1035 642 102 19 17 10 911 1267 1344 516 32 26 0 0
0 80 694 1139 775 510 463 435 375 1760 980 490 156 91 133 111 569 1587 1800 77 31 18 12 2
182 221 837 1654 405 312 270 215 829 2321 499 240 93 50 49 15 741 2468 862 16 6 3 0 0
1932 187 1965 12 0 0 0 0 2778 1318 0 0 0 0 0 0 2019 1975 102 0 0 0 0 0
1 605 732 2117 592 49 0 0 1134 2365 509 87 1 0 0 0 755 2809 524 8 0 0 0 0
0 152 812 1332 880 401 237 282 1148 1928 494 175 81 84 136 50 960 2817 296 15 5 3 0 0
84 194 1975 891 543 200 122 87 2606 1100 218 66 40 39 26 1 801 3256 36 2 1 0 0 0
675 3179 242 0 0 0 0 0 4096 0 0 0 0 0 0 0 2875 1221 0 0 0 0 0 0
0 3110 962 24 0 0 0 0 3931 159 6 0 0 0 0 0 508 3566 22 0 0 0 0 0
0 2277 1753 53 6 4 1 2 3970 110 9 4 1 2 0 0 407 3662 20 5 0 2 0 0
0 2141 1928 26 1 0 0 0 4016 77 3 0 0 0 0 0 356 3732 8 0 0 0 0 0
57 3941 98 0 0 0 0 0 4093 3 0 0 0 0 0 0 1708 2388 0 0 0 0 0 0
