223 1514 1662 470 127 53 36 11 207 1632 1610 421 109 63 36 18 466 2031 1173 217 98 57 40 14
52 431 1318 602 134 79 56 1424 54 536 1348 485 117 78 54 1424 64 848 1308 234 105 68 54 1415
0 73 60 22 18 15 19 3889 0 75 57 23 19 14 19 3889 0 91 53 15 19 17 17 3884
0 0 0 0 0 0 0 4096 0 0 0 0 0 0 0 4096 0 0 0 0 0 0 0 4096
962 1413 1079 343 127 120 50 2 955 1539 1057 296 121 112 16 0 1140 1675 839 238 125 74 5 0
332 1705 1369 490 122 55 23 0 342 1885 1340 376 104 44 5 0 475 2046 1234 219 85 31 6 0
23 629 1240 749 392 264 171 628 36 837 1281 666 324 186 150 616 55 1022 1238 592 288 158 142 601
16 36 78 116 166 1541 221 1922 12 40 94 101 46 118 1657 2028 0 41 74 126 50 35 1260 2510
50 1638 1028 334 331 321 275 119 61 215 1583 962 729 323 207 16 89 218 1419 1188 754 307 120 1
178 1508 1894 282 72 103 57 2 134 475 987 930 1424 121 25 0 45 363 775 915 1641 348 9 0
85 197 1177 1315 907 311 91 13 86 120 267 411 1419 1369 413 11 69 116 201 397 696 1724 872 21
201 139 217 393 1835 1267 44 0 211 168 220 132 119 1391 1846 9 193 154 218 157 113 521 2541 199
0 85 1170 1699 592 429 114 7 0 3 111 1048 1837 805 273 19 2 1 66 979 2123 743 175 7
0 14 545 2909 624 4 0 0 0 0 2 248 2337 1491 18 0 0 0 0 140 1706 2215 35 0
0 0 18 1371 2383 322 2 0 0 0 0 0 488 2864 742 2 0 0 0 0 113 2588 1378 17
57 51 201 843 1997 943 4 0 39 40 40 188 756 1939 1092 2 26 28 28 50 333 1594 1986 51
