0 0 0 4096 0 0 0 0 0 0 0 0 2926 1170 0 0 0 0 0 0 0 0 4096 0
0 0 0 4096 0 0 0 0 0 0 0 0 1996 2100 0 0 0 0 0 0 0 0 4096 0
0 0 0 4096 0 0 0 0 0 0 0 0 1374 2722 0 0 0 0 0 0 0 0 4096 0
0 0 0 4088 8 0 0 0 0 0 0 0 1048 3048 0 0 0 0 0 0 0 0 4096 0
0 0 0 4096 0 0 0 0 0 0 0 0 912 3184 0 0 0 0 0 0 0 0 4096 0
0 0 0 4080 16 0 0 0 0 0 0 0 898 3198 0 0 0 0 0 0 0 0 4096 0
0 0 0 4096 0 0 0 0 0 0 0 0 745 3351 0 0 0 0 0 0 0 0 4096 0
0 0 0 4096 0 0 0 0 0 0 0 0 968 3128 0 0 0 0 0 0 0 0 4096 0
0 0 0 4096 0 0 0 0 0 0 0 0 802 3294 0 0 0 0 0 0 0 0 4096 0
0 0 0 4096 0 0 0 0 0 0 0 0 1095 3001 0 0 0 0 0 0 0 0 4096 0
0 0 0 4096 0 0 0 0 0 0 0 0 1072 3024 0 0 0 0 0 0 0 0 4096 0
0 0 0 4096 0 0 0 0 0 0 0 0 1128 2968 0 0 0 0 0 0 0 0 4096 0
0 0 0 4096 0 0 0 0 0 0 0 0 1526 2570 0 0 0 0 0 0 0 0 4096 0
0 0 0 4096 0 0 0 0 0 0 0 0 2240 1856 0 0 0 0 0 0 0 0 4096 0
0 0 0 4096 0 0 0 0 0 0 0 0 2271 1825 0 0 0 0 0 0 0 0 4096 0
0 0 0 4082 14 0 0 0 0 0 0 0 2655 1441 0 0 0 0 0 0 0 0 4096 0
0 0 0 832 2738 526 0 0 0 0 0 0 0 4096 0 0 0 0 0 0 0 0 4096 0
0 0 0 1080 2480 536 0 0 0 0 0 0 0 4096 0 0 0 0 0 0 0 0 4096 0
0 0 0 1200 2510 386 0 0 0 0 0 0 0 4096 0 0 0 0 0 0 0 0 4096 0
0 0 0 1423 2372 301 0 0 0 0 0 0 0 4096 0 0 0 0 0 0 0 0 4096 0
0 0 0 964 3084 48 0 0 0 0 0 0 0 4096 0 0 0 0 0 0 0 0 4096 0
0 0 0 1352 2744 0 0 0 0 0 0 0 0 4096 0 0 0 0 0 0 0 0 4096 0
0 0 0 1056 3040 0 0 0 0 0 0 0 0 4096 0 0 0 0 0 0 0 0 4096 0
0 0 0 1288 2808 0 0 0 0 0 0 0 0 4096 0 0 0 0 0 0 0 0 4096 0
0 0 0 2267 1829 0 0 0 0 0 0 0 0 4096 0 0 0 0 0 0 0 0 4096 0
0 0 0 3330 726 40 0 0 0 0 0 0 0 4096 0 0 0 0 0 0 0 0 4082 14
0 0 0 2104 1977 15 0 0 0 0 0 0 0 4096 0 0 0 0 0 0 0 0 4095 1
0 0 0 1101 2995 0 0 0 0 0 0 0 0 4096 0 0 0 0 0 0 0 0 4096 0
0 0 0 3577 519 0 0 0 0 0 0 0 0 4096 0 0 0 0 0 0 0 0 4096 0
0 0 0 4096 0 0 0 0 0 0 0 0 0 4096 0 0 0 0 0 0 0 0 4096 0
0 0 0 3247 849 0 0 0 0 0 0 0 0 4096 0 0 0 0 0 0 0 0 4096 0
0 0 0 452 3644 0 0 0 0 0 0 0 0 4096 0 0 0 0 0 0 0 0 4096 0
0 0 0 0 0 4096 0 0 0 0 0 0 0 4096 0 0 0 0 0 0 0 0 4096 0
0 0 0 0 0 4082 14 0 0 0 0 0 0 4068 28 0 0 0 0 0 0 0 4086 10
0 0 0 0 0 3822 274 0 0 0 0 0 0 3774 322 0 0 0 0 0 0 0 3997 99
0 0 0 0 0 4096 0 0 0 0 0 0 0 3631 465 0 0 0 0 0 0 0 4096 0
0 0 0 0 18 4078 0 0 0 0 0 0 0 3078 1018 0 0 0 0 0 0 0 4096 0
0 0 0 0 699 3397 0 0 0 0 0 0 0 3909 187 0 0 0 0 0 0 0 4096 0
0 0 0 0 1060 3036 0 0 0 0 0 0 0 3985 111 0 0 0 0 0 0 0 4096 0
0 0 0 0 2440 1656 0 0 0 0 0 0 0 4096 0 0 0 0 0 0 0 0 4096 0
0 0 0 0 3006 1090 0 0 0 0 0 0 0 4096 0 0 0 0 0 0 0 0 4096 0
0 0 0 8 4040 48 0 0 0 0 0 0 0 4096 0 0 0 0 0 0 0 0 4079 17
0 0 0 0 3685 411 0 0 0 0 0 0 0 3912 184 0 0 0 0 0 0 0 4076 20
0 0 0 0 4096 0 0 0 0 0 0 0 0 4096 0 0 0 0 0 0 0 0 4096 0
0 0 0 607 3489 0 0 0 0 0 0 0 0 4096 0 0 0 0 0 0 0 0 4096 0
0 0 0 1041 2811 244 0 0 0 0 0 0 0 4096 0 0 0 0 0 0 0 0 4096 0
0 0 0 59 4037 0 0 0 0 0 0 0 0 4096 0 0 0 0 0 0 0 0 4096 0
0 0 0 0 4096 0 0 0 0 0 0 0 0 4096 0 0 0 0 0 0 0 0 4096 0
0 0 0 0 193 2682 1049 172 0 0 0 0 0 2587 1459 50 0 0 0 0 0 0 3962 134
0 0 0 0 0 1674 1638 784 0 0 0 0 0 1605 2110 381 0 0 0 0 0 0 3315 781
0 0 0 0 0 662 3337 97 0 0 0 0 0 478 3593 25 0 0 0 0 0 0 3711 385
0 0 0 0 0 1687 1987 422 0 0 0 0 0 1132 2659 305 0 0 0 0 0 0 3132 964
0 0 0 0 0 3621 472 3 0 0 0 0 0 2649 1447 0 0 0 0 0 0 0 3923 173
0 0 0 0 0 2751 1345 0 0 0 0 0 0 1869 2227 0 0 0 0 0 0 0 3744 352
0 0 0 0 0 3433 663 0 0 0 0 0 0 2586 1510 0 0 0 0 0 0 0 3913 183
0 0 0 0 0 2019 2038 39 0 0 0 0 0 859 3215 22 0 0 0 0 0 0 3568 528
0 0 0 0 71 2727 1061 237 0 0 0 0 0 2325 1622 149 0 0 0 0 0 1 3560 535
0 0 0 0 1471 2506 119 0 0 0 0 0 0 3861 235 0 0 0 0 0 0 0 4030 66
0 0 0 0 2743 1242 111 0 0 0 0 0 0 3682 414 0 0 0 0 0 0 0 4036 60
0 0 0 0 4007 89 0 0 0 0 0 0 0 4096 0 0 0 0 0 0 0 0 4096 0
0 0 0 0 4080 16 0 0 0 0 0 0 0 4096 0 0 0 0 0 0 0 0 4096 0
0 0 0 0 3876 220 0 0 0 0 0 0 0 4096 0 0 0 0 0 0 0 0 4096 0
0 0 0 0 4096 0 0 0 0 0 0 0 0 4096 0 0 0 0 0 0 0 0 4096 0
0 0 0 90 4006 0 0 0 0 0 0 0 0 4096 0 0 0 0 0 0 0 0 4096 0
0 0 0 0 45 3240 811 0 0 0 0 0 0 2671 1425 0 0 0 0 0 0 0 4095 1
0 0 0 0 0 2016 2072 8 0 0 0 0 0 1529 2566 1 0 0 0 0 0 0 4044 52
0 0 0 0 0 2735 1361 0 0 0 0 0 0 1476 2620 0 0 0 0 0 0 0 4090 6
0 0 0 0 0 2056 1997 43 0 0 0 0 0 1076 2992 28 0 0 0 0 0 0 4006 90
0 0 0 0 320 2377 1399 0 0 0 0 0 0 1521 2575 0 0 0 0 0 0 0 4063 33
0 0 0 0 503 3443 150 0 0 0 0 0 0 2776 1320 0 0 0 0 0 0 0 4095 1
0 0 0 0 708 3322 66 0 0 0 0 0 0 3167 929 0 0 0 0 0 0 0 4088 8
0 0 0 0 1810 2155 131 0 0 0 0 0 0 3042 1054 0 0 0 0 0 0 0 4077 19
0 0 0 0 2863 1225 8 0 0 0 0 0 0 3690 406 0 0 0 0 0 0 0 4096 0
0 0 0 0 4061 35 0 0 0 0 0 0 0 4096 0 0 0 0 0 0 0 0 4096 0
0 0 0 0 4080 16 0 0 0 0 0 0 0 4096 0 0 0 0 0 0 0 0 4096 0
0 0 0 0 4096 0 0 0 0 0 0 0 0 4096 0 0 0 0 0 0 0 0 4096 0
0 0 0 0 4096 0 0 0 0 0 0 0 0 4096 0 0 0 0 0 0 0 0 4096 0
0 0 0 0 4096 0 0 0 0 0 0 0 0 4096 0 0 0 0 0 0 0 0 4096 0
0 0 0 0 4096 0 0 0 0 0 0 0 0 4096 0 0 0 0 0 0 0 0 4096 0
0 0 0 0 4096 0 0 0 0 0 0 0 0 4096 0 0 0 0 0 0 0 0 4096 0
0 0 0 0 3528 568 0 0 0 0 0 0 0 4096 0 0 0 0 0 0 0 0 4096 0
0 0 0 0 2943 1153 0 0 0 0 0 0 0 4096 0 0 0 0 0 0 0 0 4096 0
0 0 0 0 2961 1135 0 0 0 0 0 0 0 4096 0 0 0 0 0 0 0 0 4096 0
0 0 0 0 3066 1030 0 0 0 0 0 0 0 3985 111 0 0 0 0 0 0 0 4096 0
0 0 0 0 4009 87 0 0 0 0 0 0 0 4096 0 0 0 0 0 0 0 0 4096 0
0 0 0 0 4069 27 0 0 0 0 0 0 0 4096 0 0 0 0 0 0 0 0 4096 0
0 0 0 0 3374 722 0 0 0 0 0 0 0 4096 0 0 0 0 0 0 0 0 4096 0
0 0 0 0 4012 84 0 0 0 0 0 0 0 4096 0 0 0 0 0 0 0 0 4096 0
0 0 0 0 3897 199 0 0 0 0 0 0 0 4096 0 0 0 0 0 0 0 0 4096 0
0 0 0 0 4096 0 0 0 0 0 0 0 0 4096 0 0 0 0 0 0 0 0 4096 0
0 0 0 0 4096 0 0 0 0 0 0 0 0 4096 0 0 0 0 0 0 0 0 4096 0
0 0 0 0 4096 0 0 0 0 0 0 0 0 4096 0 0 0 0 0 0 0 0 4096 0
0 0 0 0 4096 0 0 0 0 0 0 0 0 4096 0 0 0 0 0 0 0 0 4096 0
0 0 0 0 4096 0 0 0 0 0 0 0 0 4096 0 0 0 0 0 0 0 0 4096 0
0 0 0 128 3968 0 0 0 0 0 0 0 0 4096 0 0 0 0 0 0 0 0 4096 0
0 0 0 522 3574 0 0 0 0 0 0 0 0 4096 0 0 0 0 0 0 0 0 4096 0
0 0 679 1750 1577 65 20 5 0 0 0 484 2114 1456 31 11 0 0 0 3 2040 785 1243 25
0 0 837 1678 1500 70 8 3 0 0 0 709 2004 1344 32 7 0 0 0 2 2091 795 1185 23
0 0 432 1914 1631 75 19 25 0 0 4 718 1927 1387 31 29 0 0 4 93 1885 905 1175 34
0 0 536 1975 1519 50 5 11 0 0 0 726 1997 1344 21 8 0 0 0 56 1953 976 1100 11
0 0 1029 1532 1508 22 3 2 0 0 0 885 1913 1286 9 3 0 0 0 63 1954 954 1117 8
0 0 1166 1432 1488 10 0 0 0 0 0 1005 1803 1288 0 0 0 0 0 84 1968 973 1071 0
0 0 1653 1265 1172 6 0 0 0 0 0 928 2012 1156 0 0 0 0 0 4 2087 945 1060 0
0 0 1671 1199 1208 11 4 3 0 0 0 1101 1921 1059 9 6 0 0 0 18 2112 968 986 12
0 0 1841 1093 1110 36 16 0 0 0 0 1056 1993 1017 25 5 0 0 0 18 2197 930 939 12
0 0 2244 761 982 64 28 17 0 0 0 977 2051 986 63 19 0 0 0 42 2277 800 948 29
0 0 2543 685 841 15 12 0 0 0 0 1107 2034 928 16 11 0 0 0 11 2269 960 839 17
0 0 2709 652 733 2 0 0 0 0 0 1250 1989 855 1 1 0 0 0 10 2447 850 787 2
0 3 2997 455 641 0 0 0 0 0 0 1639 1705 752 0 0 0 0 0 12 2577 790 717 0
0 0 3151 445 500 0 0 0 0 0 0 1916 1494 686 0 0 0 0 0 18 2734 652 692 0
0 17 3152 555 344 8 11 9 0 0 10 1907 1490 664 11 14 0 0 2 62 2656 695 663 18
0 0 3228 717 150 1 0 0 0 0 0 2392 1004 697 2 1 0 0 0 111 2768 617 599 1
0 0 1545 2551 0 0 0 0 0 0 0 1390 2706 0 0 0 0 0 0 290 3730 76 0 0
0 0 1984 2112 0 0 0 0 0 0 0 1413 2452 231 0 0 0 0 0 419 3650 27 0 0
0 0 1766 2330 0 0 0 0 0 0 0 1170 2757 169 0 0 0 0 0 371 3636 89 0 0
3 5 1499 2267 76 54 50 142 2 6 3 982 2633 252 58 160 2 6 3 260 3459 146 58 162
0 10 1788 2161 56 32 27 22 0 0 1 1036 2554 419 34 52 0 0 2 239 3648 120 33 54
0 4 2001 2066 25 0 0 0 0 0 0 811 3027 258 0 0 0 0 0 281 3714 100 1 0
0 19 2254 1823 0 0 0 0 0 0 7 1123 2778 188 0 0 0 0 0 356 3627 113 0 0
0 0 2392 1704 0 0 0 0 0 0 0 1414 2402 280 0 0 0 0 0 414 3551 131 0 0
0 0 2256 1840 0 0 0 0 0 0 0 529 3009 558 0 0 0 0 0 271 3414 411 0 0
6 66 1848 1660 74 93 124 225 4 13 70 501 2248 837 115 308 3 12 63 385 2525 679 101 328
0 33 2667 1396 0 0 0 0 0 0 0 667 2438 991 0 0 0 0 0 334 3411 351 0 0
0 64 3001 1031 0 0 0 0 0 0 0 691 2625 780 0 0 0 0 0 360 3433 303 0 0
0 56 3025 1015 0 0 0 0 0 0 0 623 2850 623 0 0 0 0 0 455 3320 321 0 0
0 75 3284 737 0 0 0 0 0 0 0 781 2695 620 0 0 0 0 0 600 3258 238 0 0
0 19 3448 629 0 0 0 0 0 0 0 709 2786 601 0 0 0 0 0 606 3338 152 0 0
0 43 3409 644 0 0 0 0 0 0 0 990 3014 92 0 0 0 0 0 667 3390 39 0 0
0 0 3666 430 0 0 0 0 0 0 22 3871 203 0 0 0 0 0 0 3125 971 0 0 0
0 0 3298 798 0 0 0 0 0 0 6 3209 873 8 0 0 0 0 0 2836 1254 6 0 0
0 0 3101 995 0 0 0 0 0 0 3 2851 1241 1 0 0 0 0 1 2856 1238 1 0 0
0 0 3094 1002 0 0 0 0 0 0 0 2826 1267 3 0 0 0 0 0 3015 1081 0 0 0
0 0 3653 443 0 0 0 0 0 0 6 3395 680 15 0 0 0 0 4 3153 934 5 0 0
0 0 3819 277 0 0 0 0 0 0 8 3528 540 20 0 0 0 0 4 3271 818 3 0 0
0 0 3942 154 0 0 0 0 0 0 23 3470 603 0 0 0 0 0 16 3303 777 0 0 0
0 0 3370 717 8 1 0 0 0 0 108 3482 505 1 0 0 0 26 658 2654 758 0 0 0
0 22 3518 540 14 1 1 0 0 5 344 3151 588 7 1 0 0 79 598 2664 748 7 0 0
0 25 2667 1294 106 4 0 0 0 14 541 2633 843 63 2 0 0 103 1108 1925 905 55 0 0
0 5 2473 1506 102 6 3 1 0 4 571 3358 151 8 3 1 0 131 1399 2214 346 4 1 1
1 101 2219 1183 174 105 85 228 3 63 784 2464 372 101 77 232 2 177 1454 1618 440 97 82 226
0 14 1903 1836 212 43 26 62 0 12 495 3225 239 42 26 57 0 138 1722 1868 254 37 22 55
0 99 1772 2068 142 7 5 3 0 23 693 2932 435 5 5 3 1 268 1987 1523 307 4 4 2
0 67 1842 2079 107 1 0 0 0 3 647 3184 260 2 0 0 0 187 2239 1502 168 0 0 0
0 92 1942 1982 79 1 0 0 0 9 901 2946 239 1 0 0 1 246 2266 1447 136 0 0 0
0 2 4087 7 0 0 0 0 0 0 652 3444 0 0 0 0 0 0 336 3760 0 0 0 0
0 117 3938 41 0 0 0 0 0 0 741 3355 0 0 0 0 0 0 469 3627 0 0 0 0
0 87 3850 159 0 0 0 0 0 0 551 3545 0 0 0 0 0 0 459 3634 3 0 0 0
0 1 3681 414 0 0 0 0 0 0 197 3883 16 0 0 0 0 0 154 3938 4 0 0 0
0 0 2427 1591 51 17 10 0 0 0 19 3527 519 21 10 0 0 0 66 3913 89 21 7 0
0 0 883 1877 1170 132 32 2 0 0 12 1849 1985 211 38 1 0 0 73 2784 1115 99 24 1
1 14 798 1303 1550 326 79 25 1 13 217 1741 1653 379 76 16 2 68 781 1862 1174 134 60 15
0 32 919 2614 321 101 55 54 1 28 697 2802 374 104 48 42 2 119 2553 1099 164 85 43 31
1 77 1227 2339 371 60 14 7 0 47 1007 2531 429 57 17 8 2 368 2342 1205 120 41 14 4
0 51 1507 2358 169 11 0 0 0 26 1234 2617 206 13 0 0 2 611 2992 461 29 1 0 0
0 28 1232 2574 244 16 2 0 0 13 1039 2744 284 14 2 0 1 592 2780 665 48 9 1 0
0 40 1423 2409 217 6 1 0 0 30 1228 2575 254 8 1 0 4 590 2945 535 20 2 0 0
0 52 1353 2466 216 8 1 0 0 35 1206 2642 205 7 1 0 2 634 2777 662 20 1 0 0
0 53 1052 2501 383 72 25 10 1 53 1016 2584 352 59 24 7 14 593 2613 733 104 22 15 2
0 20 1282 2626 160 5 3 0 0 17 1088 2779 202 8 2 0 3 542 2919 601 28 3 0 0
0 49 1592 2389 66 0 0 0 0 28 1255 2704 109 0 0 0 6 836 2950 299 5 0 0 0
0 0 2136 1960 0 0 0 0 0 0 6 4090 0 0 0 0 0 0 3 4093 0 0 0 0
0 0 1564 2532 0 0 0 0 0 0 0 4091 5 0 0 0 0 0 33 4063 0 0 0 0
0 0 1143 2834 115 4 0 0 0 0 44 3877 171 4 0 0 0 8 891 3167 30 0 0 0
0 0 671 3220 205 0 0 0 0 0 11 3736 349 0 0 0 0 4 479 3599 14 0 0 0
0 0 688 3201 207 0 0 0 0 0 17 3840 239 0 0 0 0 9 209 3855 23 0 0 0
0 0 174 3454 466 2 0 0 0 0 33 3439 623 1 0 0 0 39 336 3648 73 0 0 0
0 113 1190 2269 498 23 3 0 0 62 949 2498 550 34 2 1 7 584 1818 1532 147 7 1 0
0 23 1189 2028 737 103 14 2 0 17 950 2223 778 109 17 2 8 611 2233 1035 174 30 5 0
1 75 1138 2333 508 38 3 0 1 43 987 2519 504 37 5 0 21 749 2403 850 64 8 1 0
0 87 1633 2073 279 23 1 0 0 47 1361 2314 344 29 1 0 19 1036 2475 516 49 1 0 0
2 115 1424 2182 320 43 9 1 2 64 1260 2371 352 37 9 1 38 985 2448 519 86 14 6 0
0 50 1354 2536 156 0 0 0 0 36 1150 2729 179 2 0 0 15 1099 2681 294 7 0 0 0
8 178 1674 2110 120 5 1 0 7 115 1545 2298 125 5 1 0 63 1298 2479 241 14 1 0 0
108 58 1321 2354 252 3 0 0 110 37 1327 2455 165 2 0 0 125 788 2663 507 13 0 0 0
0 61 1196 2609 220 9 1 0 0 36 1125 2730 196 8 1 0 11 924 2711 424 21 5 0 0
1 98 1523 2285 185 4 0 0 0 84 1424 2398 187 3 0 0 24 1067 2582 411 12 0 0 0
