0 0 12 170 155 1065 2085 609 0 0 14 178 139 47 3013 705 0 0 26 166 131 36 516 3221
0 0 2 121 144 1003 2683 143 0 0 2 120 142 20 3623 189 0 0 2 115 139 20 612 3208
0 2 313 362 68 1120 2231 0 0 2 289 371 72 35 3327 0 0 0 286 344 89 38 483 2856
0 300 1707 766 53 379 735 156 0 199 1744 824 53 41 870 365 0 352 1625 766 71 41 64 1177
10 77 1365 1536 982 120 6 0 1 73 909 2130 866 65 52 0 0 187 1267 1730 797 56 59 0
0 25 829 1273 1277 688 4 0 0 30 582 1505 816 838 325 0 0 72 697 1322 648 513 844 0
0 45 1416 1217 853 548 17 0 0 33 793 1513 630 881 246 0 0 82 1041 1088 541 711 633 0
34 912 2286 680 150 34 0 0 2 742 2076 1083 162 30 1 0 6 975 1995 919 152 47 2 0
36 207 717 2619 294 177 40 6 84 300 389 990 2225 91 14 3 59 281 373 446 2673 247 15 2
1 74 346 3436 215 22 2 0 1 94 137 566 3178 119 1 0 3 94 131 318 2108 1441 1 0
0 10 719 2916 451 0 0 0 0 8 6 751 2897 434 0 0 0 6 7 495 1914 1674 0 0
0 152 2368 1573 3 0 0 0 0 0 492 2749 855 0 0 0 0 0 493 2310 1293 0 0 0
76 951 2593 297 155 21 3 0 224 568 942 2226 133 3 0 0 357 742 612 1963 414 8 0 0
0 0 3052 1029 9 6 0 0 0 0 3 2801 1286 6 0 0 0 0 3 1169 2913 11 0 0
300 320 1111 1760 178 171 256 0 266 236 396 1446 1739 11 2 0 295 210 398 877 2271 42 3 0
0 0 1328 2768 0 0 0 0 0 0 0 3123 973 0 0 0 0 0 0 1258 2838 0 0 0
