0 0 0 261 3740 95 0 0 0 0 0 87 3039 970 0 0 0 0 0 140 3503 453 0 0
0 1 268 511 3276 40 0 0 0 0 183 493 2781 639 0 0 0 6 392 404 3122 172 0 0
0 12 941 512 2424 154 53 0 0 5 931 342 2539 264 15 0 0 480 727 244 2623 22 0 0
0 0 382 2359 1238 117 0 0 0 0 31 2013 1790 262 0 0 0 0 196 2203 1530 167 0 0
0 0 300 2202 1354 240 0 0 0 0 245 2154 1509 188 0 0 0 92 1150 2152 636 66 0 0
0 4 233 542 760 1570 961 26 0 17 510 507 999 1748 313 2 41 572 445 1100 1732 201 5 0
0 0 1 611 2235 1248 1 0 0 0 0 411 1912 1772 1 0 0 0 154 501 2154 1287 0 0
0 0 1591 1585 377 543 0 0 0 1 1742 1550 209 594 0 0 1 1220 1918 247 334 376 0 0
0 62 597 2046 1165 211 15 0 13 286 933 2303 488 71 2 0 435 1133 2172 310 44 2 0 0
0 1100 878 446 1101 548 23 0 0 1422 518 412 1100 616 28 0 1072 702 326 527 1198 263 8 0
0 780 2669 537 93 17 0 0 0 1941 1732 341 53 29 0 0 1788 1990 235 7 75 1 0 0
0 2 1407 2461 183 43 0 0 0 18 3049 945 79 5 0 0 59 3473 513 51 0 0 0 0
0 3654 435 7 0 0 0 0 134 3873 79 10 0 0 0 0 3821 241 34 0 0 0 0 0
2 1052 2663 378 1 0 0 0 5 2138 1875 77 1 0 0 0 2074 1996 26 0 0 0 0 0
4 120 2028 609 122 595 591 27 49 526 2157 143 377 721 123 0 702 2130 242 475 521 26 0 0
