0 0 0 0 0 3296 768 32 0 0 0 0 0 1175 2894 27 0 0 0 0 0 0 2358 1738
0 0 0 0 0 3143 858 95 0 0 0 0 0 1267 2711 118 0 0 0 0 0 0 1837 2259
0 0 0 0 0 2791 1202 103 0 0 0 0 0 730 3236 130 0 0 0 0 0 0 937 3159
0 0 0 0 0 2382 1350 364 0 0 0 0 0 93 3518 485 0 0 0 0 0 0 109 3987
0 5 1312 287 60 172 2260 0 0 0 1 1429 234 64 2333 35 0 0 0 1342 313 71 915 1455
0 72 1260 287 64 65 1762 586 0 0 196 1241 244 62 1219 1134 0 0 33 1299 347 56 550 1811
449 618 624 405 41 33 1216 710 417 415 615 631 60 34 238 1686 233 509 568 648 181 33 152 1772
2301 384 112 58 30 36 1083 92 2261 419 110 63 30 25 151 1037 2238 456 105 51 31 26 57 1132
0 68 4025 3 0 0 0 0 0 1 161 3934 0 0 0 0 0 3 27 4066 0 0 0 0
0 253 3741 102 0 0 0 0 0 0 880 3215 1 0 0 0 0 5 73 3884 134 0 0 0
397 854 2653 192 0 0 0 0 349 403 1221 2120 3 0 0 0 254 228 608 2794 212 0 0 0
1986 1316 769 21 4 0 0 0 1993 399 1437 263 4 0 0 0 2101 339 1404 252 0 0 0 0
479 1457 2029 122 9 0 0 0 546 1243 1249 1050 8 0 0 0 1656 912 507 1021 0 0 0 0
92 580 2166 1078 154 25 1 0 129 629 1556 1630 129 23 0 0 1479 1391 616 593 14 3 0 0
1 209 1945 1014 557 288 82 0 10 372 586 2456 372 266 34 0 428 548 679 2013 294 130 4 0
85 751 1474 1122 516 126 22 0 164 840 1484 1223 310 64 11 0 1201 1289 1095 374 101 35 1 0
