0 0 3 997 1226 1760 110 0 0 0 0 35 2018 2013 30 0 0 0 0 41 331 3724 0 0
0 0 0 1007 1731 1358 0 0 0 0 0 0 2196 1900 0 0 0 0 0 0 65 4031 0 0
0 0 0 672 2089 1335 0 0 0 0 0 0 1821 2275 0 0 0 0 0 0 73 4023 0 0
1 11 23 480 2145 1415 21 0 1 9 22 55 1650 2350 9 0 10 9 14 41 261 3761 0 0
32 1676 1417 249 520 195 7 0 17 208 2485 631 480 265 10 0 19 52 1856 1243 275 645 6 0
2 1693 1321 299 655 114 10 2 0 48 2670 523 600 241 12 2 0 15 1302 1728 413 627 10 1
86 579 1289 824 741 332 144 101 40 454 1468 880 539 512 147 56 266 730 1002 881 409 726 80 2
36 378 979 1692 799 80 75 57 54 484 1525 1632 254 48 74 25 725 1764 1057 241 150 138 21 0
39 2730 900 210 130 65 20 2 3 457 3149 275 135 60 16 1 15 498 3139 274 121 44 5 0
111 2341 698 242 219 179 218 88 19 451 2605 321 241 211 230 18 122 405 2479 462 267 319 42 0
177 783 515 280 285 385 933 738 168 476 835 314 336 563 1149 255 448 283 781 417 562 1344 259 2
49 396 1303 1647 485 45 100 71 61 609 1990 1151 92 56 115 22 709 2571 594 27 42 128 25 0
767 2690 428 130 65 15 1 0 71 2837 948 160 67 13 0 0 1058 2322 538 124 49 5 0 0
69 2481 610 263 271 247 142 13 5 2010 1121 315 291 265 88 1 377 2303 591 308 312 189 16 0
0 109 129 137 301 630 1575 1215 0 65 182 180 394 941 1957 377 6 167 158 321 969 2209 266 0
244 759 1176 749 229 281 320 338 249 914 1437 425 234 310 336 191 1044 1503 397 252 337 440 123 0
