0 0 0 0 18 4078 0 0 0 0 0 0 0 523 3573 0 0 0 0 0 0 0 4096 0
0 0 0 0 25 4070 1 0 0 0 0 0 0 467 3629 0 0 0 0 0 0 0 4087 9
0 0 0 0 27 4069 0 0 0 0 0 0 0 612 3484 0 0 0 0 0 0 0 4096 0
0 0 0 0 55 4041 0 0 0 0 0 0 0 900 3196 0 0 0 0 0 0 0 4096 0
0 0 0 0 373 3723 0 0 0 0 0 0 0 924 3172 0 0 0 0 0 0 0 4096 0
0 0 0 0 107 3962 27 0 0 0 0 0 0 789 3307 0 0 0 0 0 0 0 4096 0
0 0 0 0 137 3957 2 0 0 0 0 0 0 778 3318 0 0 0 0 0 0 0 4096 0
0 0 0 10 235 3839 8 4 0 0 7 11 20 817 3237 4 0 0 7 7 20 24 4034 4
0 301 2088 969 387 158 158 35 0 21 1202 1671 696 322 154 30 4 5 56 860 2406 538 221 6
86 70 1092 836 821 615 440 136 95 66 444 1260 949 748 428 106 128 89 197 853 1679 733 362 55
763 259 887 688 656 618 186 39 829 272 376 1031 789 699 89 11 947 383 451 866 721 461 266 1
1369 234 570 685 717 299 123 99 1458 222 311 871 605 477 61 91 1616 471 424 420 486 339 264 76
42 1853 1734 467 0 0 0 0 2 449 2250 1206 189 0 0 0 0 0 186 2438 1454 18 0 0
37 1161 1917 730 157 60 28 6 3 274 1713 1596 385 89 25 11 3 5 232 2238 1462 120 26 10
147 1221 1882 487 231 85 34 9 154 198 2285 1127 218 69 34 11 206 187 688 2465 470 54 17 9
177 1216 1643 358 360 232 98 12 213 182 2673 444 354 171 53 6 350 298 1087 2180 154 25 2 0
