894 29 29 47 77 165 300 2555 863 59 44 91 158 356 2475 50 829 78 29 115 201 997 1840 7
0 0 0 3 76 134 872 3011 0 0 1 71 129 967 2928 0 0 0 2 79 135 2010 1870 0
0 0 0 14 118 145 2405 1414 0 0 3 93 160 2515 1325 0 0 0 4 95 158 3772 67 0
0 0 0 4 108 171 3570 243 0 0 0 77 180 3630 209 0 0 0 0 88 177 3809 22 0
0 0 0 1 50 60 3853 132 0 0 0 38 66 3933 59 0 0 0 0 42 66 3980 8 0
0 0 0 0 0 0 3249 847 0 0 0 0 0 3847 249 0 0 0 0 0 0 4096 0 0
8 9 6 4 3 5 1086 2975 13 2 10 3 3 1368 2691 6 2 12 9 5 3 3885 176 4
0 0 0 0 0 0 0 4096 0 0 0 0 0 14 4082 0 0 0 0 0 0 3970 126 0
0 0 0 0 0 0 0 4096 0 0 0 0 0 0 4096 0 0 0 0 0 0 3949 147 0
0 0 0 0 0 0 0 4096 0 0 0 0 0 553 3543 0 0 0 0 0 0 4091 5 0
0 0 0 0 0 0 0 4096 0 0 0 0 0 275 3821 0 0 0 0 0 0 4090 6 0
0 0 0 0 0 0 1708 2388 0 0 0 0 0 3247 849 0 0 0 0 0 0 4096 0 0
0 0 0 0 0 15 4051 30 0 0 0 0 0 4096 0 0 0 0 0 0 0 4096 0 0
0 0 0 0 0 1836 2260 0 0 0 0 0 624 3472 0 0 0 0 0 0 0 4096 0 0
0 0 0 0 0 3891 205 0 0 0 0 0 1409 2687 0 0 0 0 0 0 0 4096 0 0
0 0 0 0 580 3409 107 0 0 0 0 0 3445 651 0 0 0 0 0 0 0 4096 0 0
0 0 0 818 3050 228 0 0 0 0 0 434 3662 0 0 0 0 0 0 0 0 4096 0 0
0 511 1119 1128 1329 9 0 0 0 0 29 2426 1641 0 0 0 0 0 0 0 290 3806 0 0
0 2374 1278 439 5 0 0 0 0 0 191 3846 59 0 0 0 0 0 0 0 1087 3009 0 0
0 239 1259 2094 504 0 0 0 0 0 24 3183 889 0 0 0 0 0 0 0 468 3628 0 0
0 0 605 1689 1209 593 0 0 0 0 0 2077 2019 0 0 0 0 0 0 0 419 3677 0 0
0 677 1747 1102 489 81 0 0 0 0 440 2963 693 0 0 0 0 0 0 0 2073 2023 0 0
1521 1378 1126 71 0 0 0 0 0 0 2433 1663 0 0 0 0 0 0 0 0 3753 343 0 0
3411 659 26 0 0 0 0 0 0 0 3952 144 0 0 0 0 0 0 0 0 4094 2 0 0
3908 188 0 0 0 0 0 0 0 2 4094 0 0 0 0 0 0 0 0 3 4093 0 0 0
3941 36 5 12 14 4 8 76 3877 98 11 18 8 9 57 18 3765 200 15 17 11 11 73 4
1456 27 21 33 21 25 28 2485 1453 36 42 26 25 25 2421 68 1419 53 28 36 34 93 2407 26
0 0 0 0 0 0 0 4096 0 0 0 0 0 0 4096 0 0 0 0 0 0 2105 1991 0
0 0 0 0 0 0 174 3922 0 0 0 0 0 332 3764 0 0 0 0 0 0 4023 73 0
0 0 0 0 0 0 1986 2110 0 0 0 0 0 2309 1787 0 0 0 0 0 0 4095 1 0
0 0 0 0 0 0 3757 339 0 0 0 0 0 3826 270 0 0 0 0 0 0 4094 2 0
0 0 0 0 0 0 3897 199 0 0 0 0 0 4081 15 0 0 0 0 0 0 4096 0 0
0 0 0 0 0 0 1889 2207 0 0 0 0 0 2979 1117 0 0 0 0 0 0 4085 11 0
9 7 7 4 4 10 171 3884 9 9 4 4 13 554 3495 8 6 7 9 4 7 3920 136 7
0 0 0 0 0 0 0 4096 0 0 0 0 0 0 4096 0 0 0 0 0 0 3151 945 0
0 0 0 0 0 0 0 4096 0 0 0 0 0 33 4063 0 0 0 0 0 0 4018 78 0
0 0 0 0 0 0 7 4089 0 0 0 0 0 485 3611 0 0 0 0 0 0 4095 1 0
0 0 0 0 0 0 443 3653 0 0 0 0 0 1701 2395 0 0 0 0 0 0 4095 1 0
0 0 0 0 0 43 2013 2040 0 0 0 0 0 2995 1101 0 0 0 0 0 0 4095 1 0
0 0 0 0 0 589 3465 42 0 0 0 0 15 4081 0 0 0 0 0 0 0 4096 0 0
0 0 0 0 0 1696 2400 0 0 0 0 0 530 3566 0 0 0 0 0 0 0 4096 0 0
0 0 0 0 252 3338 506 0 0 0 0 0 2560 1536 0 0 0 0 0 0 0 4096 0 0
0 0 200 811 1326 1743 16 0 0 0 0 757 2916 423 0 0 0 0 0 0 4 4092 0 0
0 0 148 1429 2297 222 0 0 0 0 0 1010 3086 0 0 0 0 0 0 0 8 4088 0 0
0 0 0 1546 2408 142 0 0 0 0 0 853 3243 0 0 0 0 0 0 0 14 4082 0 0
0 0 170 3076 850 0 0 0 0 0 0 2331 1765 0 0 0 0 0 0 0 95 4001 0 0
0 34 1103 2107 849 3 0 0 0 0 2 2919 1175 0 0 0 0 0 0 0 679 3417 0 0
39 438 1141 1667 811 0 0 0 0 0 261 2781 1054 0 0 0 0 0 0 0 1527 2569 0 0
0 999 2629 389 79 0 0 0 0 0 535 3451 110 0 0 0 0 0 0 0 3404 692 0 0
215 1545 1024 699 613 0 0 0 0 0 1580 1852 664 0 0 0 0 0 0 0 3162 934 0 0
4058 38 0 0 0 0 0 0 4000 96 0 0 0 0 0 0 4006 90 0 0 0 0 0 0
4055 12 1 6 1 2 6 13 4047 19 3 5 4 4 14 0 4006 58 4 6 1 6 15 0
1616 32 40 45 46 41 39 2237 1610 46 57 65 39 44 2155 80 1577 67 36 56 66 80 2197 17
0 0 0 0 0 0 0 4096 0 0 0 0 0 0 4096 0 0 0 0 0 0 1922 2174 0
0 0 0 0 0 0 0 4096 0 0 0 0 0 0 4096 0 0 0 0 0 0 1994 2102 0
0 0 0 0 0 0 176 3920 0 0 0 0 0 210 3886 0 0 0 0 0 0 1485 2611 0
0 0 0 0 0 0 1539 2557 0 0 0 0 0 1907 2189 0 0 0 0 0 0 3190 906 0
0 0 0 0 0 0 2474 1622 0 0 0 0 0 2871 1225 0 0 0 0 0 0 3831 265 0
0 0 0 0 0 0 1135 2961 0 0 0 0 0 2382 1714 0 0 0 0 0 0 3921 175 0
0 0 0 0 0 0 112 3984 0 0 0 0 0 363 3733 0 0 0 0 0 0 1991 2105 0
0 0 0 0 0 0 0 4096 0 0 0 0 0 0 4096 0 0 0 0 0 0 935 3161 0
0 0 0 0 0 0 0 4096 0 0 0 0 0 11 4085 0 0 0 0 0 0 3998 98 0
0 0 0 0 0 0 0 4096 0 0 0 0 0 0 4096 0 0 0 0 0 0 4017 79 0
0 0 0 0 0 0 0 4096 0 0 0 0 0 141 3955 0 0 0 0 0 0 2959 1137 0
0 0 0 0 0 0 1098 2998 0 0 0 0 0 1865 2231 0 0 0 0 0 0 3844 252 0
0 0 0 0 0 0 3412 684 0 0 0 0 0 3902 194 0 0 0 0 0 0 4096 0 0
0 0 0 0 0 339 3757 0 0 0 0 0 8 4088 0 0 0 0 0 0 0 4096 0 0
0 0 0 0 0 1219 2877 0 0 0 0 0 258 3838 0 0 0 0 0 0 0 4096 0 0
0 0 0 18 1297 2511 270 0 0 0 0 0 2966 1130 0 0 0 0 0 0 0 4096 0 0
0 0 0 20 2446 1553 77 0 0 0 0 2 3489 605 0 0 0 0 0 0 2 4094 0 0
0 0 0 1144 2575 330 47 0 0 0 0 368 3631 97 0 0 0 0 0 0 7 4089 0 0
0 0 0 559 2332 1181 24 0 0 0 0 292 3711 93 0 0 0 0 0 0 12 4084 0 0
0 0 151 1932 1244 589 180 0 0 0 0 1620 2215 261 0 0 0 0 0 0 269 3827 0 0
0 0 96 1130 1872 998 0 0 0 0 0 1048 3041 7 0 0 0 0 0 0 222 3874 0 0
0 676 2307 662 447 4 0 0 0 0 228 3390 478 0 0 0 0 0 0 0 3032 1064 0 0
4074 17 3 0 0 2 0 0 4023 65 6 0 0 2 0 0 3949 130 15 0 0 2 0 0
4095 1 0 0 0 0 0 0 4094 2 0 0 0 0 0 0 4087 9 0 0 0 0 0 0
4069 12 2 4 1 2 1 5 3988 93 2 4 2 2 1 4 3923 151 9 4 2 2 2 3
1378 42 22 14 17 30 15 2578 1352 101 12 23 28 22 1788 770 1296 141 22 16 29 76 2445 71
0 0 0 0 0 0 2 4094 0 0 0 0 0 2 4058 36 0 0 0 0 0 745 3351 0
0 0 0 0 0 0 0 4096 0 0 0 0 0 0 4094 2 0 0 0 0 0 83 4013 0
0 0 0 0 0 0 0 4096 0 0 0 0 0 0 4096 0 0 0 0 0 0 0 4096 0
0 0 0 0 0 0 0 4096 0 0 0 0 0 1 4095 0 0 0 0 0 0 233 3863 0
0 0 0 0 0 0 0 4096 0 0 0 0 0 3 4093 0 0 0 0 0 0 449 3647 0
0 0 0 0 0 0 0 4096 0 0 0 0 0 0 4096 0 0 0 0 0 0 384 3712 0
0 0 0 0 0 0 0 4096 0 0 0 0 0 0 4096 0 0 0 0 0 0 0 4096 0
0 0 0 0 0 0 0 4096 0 0 0 0 0 0 4096 0 0 0 0 0 0 415 3681 0
0 0 0 0 0 0 0 4096 0 0 0 0 0 0 4096 0 0 0 0 0 0 1924 2172 0
0 0 0 0 0 0 0 4096 0 0 0 0 0 0 4096 0 0 0 0 0 0 866 3230 0
0 0 0 0 0 0 0 4096 0 0 0 0 0 0 4096 0 0 0 0 0 0 782 3314 0
0 0 0 0 0 0 107 3989 0 0 0 0 0 532 3564 0 0 0 0 0 0 3765 331 0
0 0 0 0 0 0 3050 1046 0 0 0 0 0 3824 272 0 0 0 0 0 0 4096 0 0
0 0 0 0 0 0 4087 9 0 0 0 0 0 4096 0 0 0 0 0 0 0 4096 0 0
0 0 0 0 0 190 3900 6 0 0 0 0 1 4095 0 0 0 0 0 0 0 4096 0 0
0 0 0 0 1006 2443 647 0 0 0 0 0 2739 1357 0 0 0 0 0 0 0 4096 0 0
0 0 0 449 1187 1427 1033 0 0 0 0 130 2514 1452 0 0 0 0 0 0 0 4096 0 0
0 0 0 17 411 1020 2648 0 0 0 0 5 1129 2962 0 0 0 0 0 0 0 4096 0 0
0 0 0 0 1082 2141 873 0 0 0 0 0 2826 1270 0 0 0 0 0 0 1 4095 0 0
0 0 64 587 2038 1406 1 0 0 0 0 545 3438 113 0 0 0 0 0 0 99 3997 0 0
0 0 872 2423 775 26 0 0 0 0 0 2897 1199 0 0 0 0 0 0 0 1011 3085 0 0
4096 0 0 0 0 0 0 0 4091 5 0 0 0 0 0 0 4080 16 0 0 0 0 0 0
4096 0 0 0 0 0 0 0 4096 0 0 0 0 0 0 0 4094 2 0 0 0 0 0 0
4069 24 3 0 0 0 0 0 4005 80 11 0 0 0 0 0 3876 201 19 0 0 0 0 0
2951 51 24 19 15 15 20 1001 2952 105 12 13 19 16 341 638 2810 225 17 17 17 24 913 73
0 0 0 0 0 0 0 4096 0 0 0 0 0 0 3927 169 0 0 0 0 0 0 4096 0
0 0 0 0 0 0 0 4096 0 0 0 0 0 0 4087 9 0 0 0 0 0 0 4096 0
0 0 0 0 0 0 0 4096 0 0 0 0 0 0 4096 0 0 0 0 0 0 0 4096 0
0 0 0 0 0 0 0 4096 0 0 0 0 0 0 4058 38 0 0 0 0 0 0 4096 0
0 0 0 0 0 0 0 4096 0 0 0 0 0 0 4090 6 0 0 0 0 0 0 4096 0
0 0 0 0 0 0 0 4096 0 0 0 0 0 0 4095 1 0 0 0 0 0 0 4096 0
0 0 0 0 0 0 0 4096 0 0 0 0 0 0 4096 0 0 0 0 0 0 0 4096 0
0 0 0 0 0 0 0 4096 0 0 0 0 0 0 4096 0 0 0 0 0 0 0 4096 0
0 0 0 0 0 0 0 4096 0 0 0 0 0 0 4096 0 0 0 0 0 0 0 4096 0
0 0 0 0 0 0 0 4096 0 0 0 0 0 0 4096 0 0 0 0 0 0 0 4096 0
0 0 0 0 0 0 0 4096 0 0 0 0 0 0 4096 0 0 0 0 0 0 59 4037 0
0 0 0 0 0 0 0 4096 0 0 0 0 0 0 4096 0 0 0 0 0 0 2472 1624 0
0 0 0 0 0 0 187 3909 0 0 0 0 0 1482 2614 0 0 0 0 0 0 4096 0 0
0 0 0 0 0 0 3656 440 0 0 0 0 0 4096 0 0 0 0 0 0 0 4096 0 0
0 0 0 0 0 65 3335 696 0 0 0 0 0 4096 0 0 0 0 0 0 0 4096 0 0
0 0 0 0 270 1228 2597 1 0 0 0 0 611 3485 0 0 0 0 0 0 0 4096 0 0
0 0 0 0 112 442 2919 623 0 0 0 0 334 3762 0 0 0 0 0 0 0 4096 0 0
0 0 0 0 134 1044 2737 181 0 0 0 0 757 3339 0 0 0 0 0 0 0 4096 0 0
0 0 0 0 0 2825 1271 0 0 0 0 0 1763 2333 0 0 0 0 0 0 0 4096 0 0
0 0 0 0 1007 3089 0 0 0 0 0 0 4036 60 0 0 0 0 0 0 2 4094 0 0
0 70 433 879 1696 1018 0 0 0 0 0 1118 2978 0 0 0 0 0 0 0 326 3770 0 0
4030 61 5 0 0 0 0 0 3970 117 7 2 0 0 0 0 3949 133 12 2 0 0 0 0
4094 2 0 0 0 0 0 0 4094 2 0 0 0 0 0 0 4094 2 0 0 0 0 0 0
4094 2 0 0 0 0 0 0 4086 10 0 0 0 0 0 0 4082 14 0 0 0 0 0 0
3655 60 18 18 8 15 12 310 3684 71 17 12 9 12 51 240 3624 124 9 14 14 10 247 54
8 9 2 11 3 5 5 4053 21 9 6 5 2 3 2512 1538 12 17 2 8 3 59 3942 53
0 0 0 0 0 0 0 4096 0 0 0 0 0 0 4070 26 0 0 0 0 0 198 3898 0
0 0 0 0 0 0 0 4096 0 0 0 0 0 0 4061 35 0 0 0 0 0 0 4096 0
0 0 0 0 0 0 0 4096 0 0 0 0 0 0 3533 563 0 0 0 0 0 0 4096 0
0 0 0 0 0 0 0 4096 0 0 0 0 0 0 3802 294 0 0 0 0 0 0 4096 0
0 0 0 0 0 0 0 4096 0 0 0 0 0 0 3060 1036 0 0 0 0 0 0 4096 0
0 0 0 0 0 0 0 4096 0 0 0 0 0 0 3624 472 0 0 0 0 0 0 4096 0
0 0 0 0 0 0 0 4096 0 0 0 0 0 0 4095 1 0 0 0 0 0 0 4096 0
0 0 0 0 0 0 0 4096 0 0 0 0 0 0 4096 0 0 0 0 0 0 0 4096 0
0 0 0 0 0 0 0 4096 0 0 0 0 0 0 4096 0 0 0 0 0 0 7 4089 0
0 0 0 0 0 0 0 4096 0 0 0 0 0 0 4096 0 0 0 0 0 0 835 3261 0
0 0 0 0 0 0 0 4096 0 0 0 0 0 2 4094 0 0 0 0 0 0 2363 1733 0
0 0 0 0 0 0 0 4096 0 0 0 0 0 702 3394 0 0 0 0 0 0 4024 72 0
0 0 0 0 0 0 1050 3046 0 0 0 0 0 2296 1800 0 0 0 0 0 0 4096 0 0
0 0 0 0 0 0 2163 1933 0 0 0 0 0 3741 355 0 0 0 0 0 0 4096 0 0
0 0 0 2 3 2 2266 1823 0 0 1 3 3 3959 130 0 0 0 1 3 3 4083 6 0
0 0 0 0 0 0 994 3102 0 0 0 0 0 3921 175 0 0 0 0 0 0 4096 0 0
0 0 0 0 0 0 3635 461 0 0 0 0 0 4096 0 0 0 0 0 0 0 4096 0 0
0 0 0 0 64 1931 2101 0 0 0 0 0 927 3169 0 0 0 0 0 0 0 4096 0 0
0 0 0 472 1933 1691 0 0 0 0 0 158 3808 130 0 0 0 0 0 0 17 4079 0 0
0 365 1225 1416 1084 6 0 0 0 0 3 2406 1687 0 0 0 0 0 0 0 592 3504 0 0
4094 2 0 0 0 0 0 0 4081 15 0 0 0 0 0 0 4058 38 0 0 0 0 0 0
4096 0 0 0 0 0 0 0 4095 1 0 0 0 0 0 0 4090 6 0 0 0 0 0 0
4090 5 0 0 1 0 0 0 4088 6 1 0 1 0 0 0 4081 10 4 0 0 1 0 0
4077 16 1 1 1 0 0 0 4051 40 2 2 1 0 0 0 4010 79 4 1 2 0 0 0
806 52 20 13 16 17 20 3152 832 69 17 17 19 13 2198 931 761 133 12 21 15 24 3054 76
0 0 0 0 0 0 0 4096 0 0 0 0 0 0 3728 368 0 0 0 0 0 537 3559 0
0 0 0 0 0 0 0 4096 0 0 0 0 0 0 4050 46 0 0 0 0 0 6 4090 0
0 0 0 0 0 0 0 4096 0 0 0 0 0 0 3395 701 0 0 0 0 0 103 3993 0
0 0 0 0 0 0 0 4096 0 0 0 0 0 0 1708 2388 0 0 0 0 0 0 4096 0
0 0 0 0 0 0 0 4096 0 0 0 0 0 0 1759 2337 0 0 0 0 0 0 4096 0
0 0 0 0 0 0 0 4096 0 0 0 0 0 0 2908 1188 0 0 0 0 0 0 4096 0
0 0 0 0 0 0 0 4096 0 0 0 0 0 0 4031 65 0 0 0 0 0 0 4096 0
0 0 0 0 0 0 0 4096 0 0 0 0 0 0 3975 121 0 0 0 0 0 0 4096 0
0 0 0 0 0 0 0 4096 0 0 0 0 0 0 4096 0 0 0 0 0 0 36 4060 0
0 0 0 0 0 0 1177 2919 0 0 0 0 0 998 3098 0 0 0 0 0 0 1436 2660 0
0 0 0 0 0 0 1772 2324 0 0 0 0 0 1637 2459 0 0 0 0 0 0 3215 881 0
0 0 0 0 0 0 135 3961 0 0 0 0 0 114 3982 0 0 0 0 0 0 3303 793 0
0 0 0 0 0 0 0 4096 0 0 0 0 0 379 3717 0 0 0 0 0 0 4006 90 0
0 0 0 0 0 0 91 4005 0 0 0 0 0 1362 2734 0 0 0 0 0 0 4096 0 0
0 0 0 0 0 0 615 3481 0 0 0 0 0 2028 2068 0 0 0 0 0 0 4096 0 0
0 0 0 0 0 0 706 3390 0 0 0 0 0 3491 605 0 0 0 0 0 0 4096 0 0
0 0 0 0 0 0 2370 1726 0 0 0 0 0 4041 55 0 0 0 0 0 0 4096 0 0
0 0 0 0 0 713 3347 36 0 0 0 0 334 3762 0 0 0 0 0 0 0 4096 0 0
0 0 0 0 490 3229 377 0 0 0 0 0 2930 1166 0 0 0 0 0 0 4 4092 0 0
0 0 0 198 2155 1743 0 0 0 0 0 52 3932 112 0 0 0 0 0 0 28 4068 0 0
4095 1 0 0 0 0 0 0 4095 1 0 0 0 0 0 0 4090 6 0 0 0 0 0 0
4062 24 4 2 2 2 0 0 4012 73 5 3 1 2 0 0 3988 92 7 3 2 3 1 0
4039 51 3 2 1 0 0 0 4006 79 8 1 2 0 0 0 3953 118 21 1 3 0 0 0
4095 1 0 0 0 0 0 0 4077 19 0 0 0 0 0 0 4081 15 0 0 0 0 0 0
1784 53 22 19 8 17 20 2173 1834 50 13 17 13 16 1921 232 1771 99 15 16 20 17 2109 49
0 0 0 0 0 0 0 4096 0 0 0 0 0 0 4095 1 0 0 0 0 0 207 3889 0
0 0 0 0 0 0 0 4096 0 0 0 0 0 0 4081 15 0 0 0 0 0 2 4094 0
0 0 0 0 0 0 0 4096 0 0 0 0 0 0 3897 199 0 0 0 0 0 0 4096 0
0 0 0 0 0 0 0 4096 0 0 0 0 0 0 4062 34 0 0 0 0 0 0 4096 0
0 0 0 0 0 0 0 4096 0 0 0 0 0 0 3973 123 0 0 0 0 0 5 4091 0
0 0 0 0 0 0 0 4096 0 0 0 0 0 0 3977 119 0 0 0 0 0 0 4096 0
0 0 0 0 0 0 0 4096 0 0 0 0 0 0 4080 16 0 0 0 0 0 0 4096 0
0 0 0 0 0 0 0 4096 0 0 0 0 0 0 4091 5 0 0 0 0 0 0 4096 0
0 0 0 0 0 0 0 4096 0 0 0 0 0 0 4096 0 0 0 0 0 0 25 4071 0
0 0 0 0 0 0 0 4096 0 0 0 0 0 0 4096 0 0 0 0 0 0 30 4066 0
0 0 0 0 0 0 0 4096 0 0 0 0 0 0 4096 0 0 0 0 0 0 529 3567 0
0 0 0 0 0 0 0 4096 0 0 0 0 0 0 4096 0 0 0 0 0 0 2039 2057 0
0 0 0 0 0 0 0 4096 0 0 0 0 0 0 4096 0 0 0 0 0 0 1589 2507 0
0 0 0 0 0 0 106 3990 0 0 0 0 0 604 3492 0 0 0 0 0 0 4082 14 0
0 0 0 0 0 0 529 3567 0 0 0 0 0 1781 2315 0 0 0 0 0 0 4096 0 0
0 0 0 0 0 0 965 3131 0 0 0 0 0 3181 915 0 0 0 0 0 0 4096 0 0
0 0 0 0 0 21 1999 2076 0 0 0 0 19 4035 42 0 0 0 0 0 2 4094 0 0
0 0 0 0 81 874 3053 88 0 0 0 0 572 3524 0 0 0 0 0 0 57 4039 0 0
0 0 0 29 949 2630 488 0 0 0 0 2 2695 1399 0 0 0 0 0 0 25 4071 0 0
0 0 197 638 2916 345 0 0 0 0 0 342 3754 0 0 0 0 0 0 0 225 3871 0 0
4087 6 3 0 0 0 0 0 4077 14 5 0 0 0 0 0 4069 22 5 0 0 0 0 0
4095 1 0 0 0 0 0 0 4082 14 0 0 0 0 0 0 4078 18 0 0 0 0 0 0
4086 10 0 0 0 0 0 0 4045 50 1 0 0 0 0 0 3978 112 6 0 0 0 0 0
4063 32 1 0 0 0 0 0 4033 62 1 0 0 0 0 0 3995 97 4 0 0 0 0 0
2630 54 30 17 11 18 13 1323 2681 47 23 10 16 14 937 368 2661 62 18 18 15 17 1283 22
0 0 0 0 0 0 0 4096 0 0 0 0 0 0 4007 89 0 0 0 0 0 268 3828 0
0 0 0 0 0 0 0 4096 0 0 0 0 0 0 4087 9 0 0 0 0 0 180 3916 0
0 0 0 0 0 0 0 4096 0 0 0 0 0 0 4096 0 0 0 0 0 0 12 4084 0
0 0 0 0 0 0 0 4096 0 0 0 0 0 0 4096 0 0 0 0 0 0 0 4096 0
0 0 0 0 0 0 0 4096 0 0 0 0 0 0 4096 0 0 0 0 0 0 13 4083 0
0 0 0 0 0 0 0 4096 0 0 0 0 0 0 4096 0 0 0 0 0 0 120 3976 0
0 0 0 0 0 0 0 4096 0 0 0 0 0 0 4092 4 0 0 0 0 0 86 4010 0
0 0 0 0 0 0 0 4096 0 0 0 0 0 0 4094 2 0 0 0 0 0 53 4043 0
0 0 0 0 0 0 0 4096 0 0 0 0 0 0 4094 2 0 0 0 0 0 2 4094 0
0 0 0 0 0 0 0 4096 0 0 0 0 0 0 4096 0 0 0 0 0 0 441 3655 0
0 0 0 0 0 0 0 4096 0 0 0 0 0 0 4096 0 0 0 0 0 0 1566 2530 0
0 0 0 0 0 0 0 4096 0 0 0 0 0 0 4096 0 0 0 0 0 0 1673 2423 0
0 0 0 0 0 0 17 4079 0 0 0 0 0 764 3332 0 0 0 0 0 0 3564 532 0
0 0 0 0 0 0 941 3155 0 0 0 0 0 1902 2194 0 0 0 0 0 0 4062 34 0
0 0 0 0 0 0 2812 1284 0 0 0 0 0 3510 586 0 0 0 0 0 0 4096 0 0
0 0 0 0 0 575 3433 88 0 0 0 0 455 3641 0 0 0 0 0 0 5 4091 0 0
0 0 0 0 278 2582 1227 9 0 0 0 0 2490 1606 0 0 0 0 0 0 199 3897 0 0
0 0 0 0 1456 2632 8 0 0 0 0 3 3994 99 0 0 0 0 0 0 931 3165 0 0
0 0 0 161 1664 2271 0 0 0 0 0 255 3834 7 0 0 0 0 0 0 1326 2770 0 0
0 0 32 412 2140 1512 0 0 0 0 0 164 3932 0 0 0 0 0 0 0 1206 2890 0 0
4094 2 0 0 0 0 0 0 4090 6 0 0 0 0 0 0 4085 11 0 0 0 0 0 0
4076 18 1 1 0 0 0 0 4032 62 1 1 0 0 0 0 4032 62 1 1 0 0 0 0
4059 31 5 0 1 0 0 0 4011 77 5 2 1 0 0 0 3982 104 7 2 1 0 0 0
4096 0 0 0 0 0 0 0 4094 2 0 0 0 0 0 0 4086 10 0 0 0 0 0 0
4043 8 4 1 3 6 2 29 4044 9 3 1 3 5 10 21 4034 17 4 2 3 5 20 11
3265 112 16 13 14 9 7 660 3232 148 15 18 11 7 417 248 3178 199 20 13 17 8 599 62
3087 67 8 12 14 17 15 876 3058 98 11 12 20 12 755 130 3014 141 12 10 22 18 826 53
2102 80 19 14 9 20 34 1818 2046 135 27 11 16 25 1584 252 1975 201 33 9 20 58 1725 75
865 136 19 17 19 14 19 3007 801 208 23 21 12 21 2522 488 610 387 30 20 14 24 2922 89
225 42 7 11 7 4 11 3789 212 54 10 13 5 5 3692 105 163 94 20 12 6 905 2858 38
0 0 0 0 0 0 0 4096 0 0 0 0 0 2 4094 0 0 0 0 0 0 2428 1668 0
0 0 0 0 0 0 0 4096 0 0 0 0 0 0 4096 0 0 0 0 0 0 2696 1400 0
0 0 0 0 0 0 0 4096 0 0 0 0 0 0 4096 0 0 0 0 0 0 2633 1463 0
0 0 0 0 0 0 0 4096 0 0 0 0 0 0 4096 0 0 0 0 0 0 2521 1575 0
0 0 0 0 0 0 184 3912 0 0 0 0 0 55 4041 0 0 0 0 0 0 3747 349 0
0 0 0 0 0 0 1082 3014 0 0 0 0 0 957 3139 0 0 0 0 0 0 4076 20 0
541 16 13 12 10 16 637 2851 1 351 210 15 19 645 2852 3 0 0 26 528 31 3427 80 4
1305 20 21 13 13 10 389 2325 0 805 526 26 15 680 2043 1 0 0 11 1302 50 2656 69 8
1300 27 12 9 17 15 1457 1259 0 914 415 15 20 1969 763 0 0 0 467 850 35 2683 59 2
1424 19 11 13 16 17 2440 156 71 1215 163 18 18 2560 51 0 0 199 928 330 15 2571 52 1
1397 20 23 18 21 369 2241 7 611 794 24 29 123 2490 25 0 0 1124 280 29 48 2572 42 1
1918 45 31 30 30 1797 245 0 1366 563 55 37 1276 795 4 0 0 1738 204 54 67 2006 24 3
1949 17 14 15 165 1914 22 0 1355 610 13 12 1852 254 0 0 38 1893 36 13 85 2009 22 0
1887 18 14 14 127 2036 0 0 1480 419 18 13 2129 37 0 0 148 1732 25 14 268 1906 3 0
1830 14 22 123 1940 167 0 0 1758 83 16 52 2186 1 0 0 699 1124 18 21 1689 545 0 0
4096 0 0 0 0 0 0 0 4096 0 0 0 0 0 0 0 4094 2 0 0 0 0 0 0
4096 0 0 0 0 0 0 0 4096 0 0 0 0 0 0 0 4092 4 0 0 0 0 0 0
4096 0 0 0 0 0 0 0 4093 3 0 0 0 0 0 0 4063 33 0 0 0 0 0 0
4051 45 0 0 0 0 0 0 3871 224 1 0 0 0 0 0 3605 436 54 1 0 0 0 0
3698 315 70 13 0 0 0 0 3269 673 124 29 1 0 0 0 2330 1293 340 103 30 0 0 0
3591 402 87 15 1 0 0 0 3172 738 156 29 1 0 0 0 2441 1169 372 97 17 0 0 0
3603 313 128 46 6 0 0 0 3295 551 188 56 6 0 0 0 2782 855 293 133 32 1 0 0
3461 482 127 24 2 0 0 0 3067 808 184 35 2 0 0 0 2525 1087 378 94 12 0 0 0
3401 374 167 97 44 7 6 0 2878 904 183 84 37 10 0 0 2059 1603 233 129 52 16 4 0
2860 516 154 83 30 15 5 433 2513 833 193 82 32 6 396 41 1918 1291 273 110 55 44 381 24
1228 183 31 36 147 454 334 1683 1148 254 43 56 355 533 1675 32 998 354 75 49 355 1997 260 8
1330 204 65 62 158 315 284 1678 1292 243 71 71 262 455 1682 20 1177 333 73 71 253 1976 202 11
684 164 39 68 181 510 544 1906 674 178 42 100 397 770 1930 5 606 234 44 89 406 2528 186 3
229 187 107 127 341 664 565 1876 246 192 90 167 640 828 1922 11 269 179 75 130 635 2651 150 7
175 135 122 242 557 792 424 1649 175 162 126 233 906 788 1701 5 179 152 128 151 805 2544 131 6
339 294 266 334 461 705 557 1140 204 329 349 336 787 800 1270 21 192 166 240 429 773 2109 175 12
1285 701 401 220 365 486 596 42 291 1132 925 302 548 842 54 2 352 250 243 1557 703 934 55 2
1455 479 244 277 442 601 548 50 308 1287 561 335 691 858 56 0 183 247 895 995 727 988 59 2
1003 705 486 365 524 621 225 167 187 1213 740 472 792 498 154 40 139 393 1412 462 791 753 139 7
1345 460 426 479 549 675 96 66 580 1008 497 611 1028 287 75 10 40 1120 722 429 1005 711 68 1
1728 172 308 436 809 601 36 6 1229 686 293 549 1212 112 14 1 123 1770 229 299 1149 509 16 1
1671 353 401 486 652 259 154 120 1489 526 348 706 702 271 51 3 501 1513 277 413 1021 329 42 0
1292 472 846 939 241 105 139 62 1163 483 732 1158 369 178 12 1 416 1233 431 764 1084 152 16 0
1305 928 1175 469 70 54 93 2 1092 574 1246 1017 124 43 0 0 650 849 607 1200 754 35 1 0
1597 1475 710 70 55 155 34 0 1148 811 1546 395 190 6 0 0 819 657 891 1344 381 4 0 0
4048 39 7 2 0 0 0 0 4030 49 14 3 0 0 0 0 3970 91 29 5 1 0 0 0
3981 109 6 0 0 0 0 0 3839 245 12 0 0 0 0 0 3524 478 92 2 0 0 0 0
3889 177 22 8 0 0 0 0 3807 229 47 10 3 0 0 0 3612 309 123 37 12 3 0 0
3660 313 104 18 1 0 0 0 3574 369 130 19 4 0 0 0 3406 418 207 56 9 0 0 0
2217 863 577 318 93 25 3 0 2087 849 669 362 106 23 0 0 1799 778 763 475 220 57 4 0
1551 797 813 602 243 76 13 1 1400 837 869 647 264 71 7 1 1173 671 858 793 460 121 19 1
1301 642 610 730 578 214 19 2 1226 699 697 776 573 119 5 1 1077 619 634 805 682 257 20 2
1956 634 393 378 424 243 58 10 1952 693 459 443 369 158 21 1 1978 697 441 376 398 181 24 1
3032 412 196 136 114 112 77 17 3065 421 213 159 126 91 18 3 3037 431 234 180 130 68 14 2
1817 258 181 216 367 642 581 34 1801 282 208 295 605 826 78 1 1760 285 203 259 634 884 69 2
2683 520 337 207 112 76 120 41 2745 558 344 180 95 136 38 0 2842 589 290 131 80 141 23 0
2330 672 458 264 152 104 89 27 2419 745 437 230 150 84 31 0 2517 797 368 188 118 91 17 0
2547 472 295 235 219 148 100 80 2637 486 327 286 166 112 67 15 2694 535 349 230 116 119 40 13
1736 562 312 247 196 143 399 501 1843 577 354 235 166 469 437 15 2036 527 312 184 156 782 92 7
1109 631 523 359 277 201 830 166 1225 697 530 367 239 856 179 3 1487 670 435 269 220 932 81 2
1231 377 283 214 205 281 1418 87 1289 405 290 221 277 1471 140 3 1333 403 251 200 279 1517 108 5
1232 730 547 350 306 267 568 96 1376 814 537 365 250 646 105 3 1663 731 445 284 223 691 57 2
1527 603 470 418 415 361 263 39 1654 639 480 460 416 380 63 4 1885 569 407 358 366 443 62 6
1018 788 740 569 447 328 188 18 1204 928 789 527 373 246 29 0 1632 894 645 376 252 261 35 1
1861 786 545 359 313 173 51 8 1995 777 597 354 296 69 8 0 2290 660 455 320 228 136 7 0
1295 684 654 537 528 288 87 23 1460 786 720 526 492 105 7 0 1727 815 657 401 333 158 5 0
1622 762 380 799 462 56 12 3 1671 822 357 753 474 13 6 0 1868 695 308 200 910 109 6 0
1149 807 609 1173 248 85 22 3 1259 865 622 1108 208 30 3 1 1553 782 452 313 955 38 2 1
1307 889 778 812 226 68 14 2 1369 981 728 829 170 16 3 0 1616 992 478 344 643 20 3 0
1221 960 995 810 92 13 5 0 1262 895 955 924 53 6 1 0 1382 855 582 647 625 4 1 0
4096 0 0 0 0 0 0 0 4096 0 0 0 0 0 0 0 4096 0 0 0 0 0 0 0
4096 0 0 0 0 0 0 0 4096 0 0 0 0 0 0 0 4096 0 0 0 0 0 0 0
4025 54 13 3 1 0 0 0 4022 57 13 3 1 0 0 0 4026 53 13 3 1 0 0 0
2874 637 366 169 31 15 4 0 2877 671 342 162 33 8 3 0 2842 666 364 162 48 11 3 0
1206 612 694 676 521 303 75 9 1249 642 733 717 519 204 32 0 1179 575 671 734 614 280 43 0
957 827 858 724 478 230 22 0 1133 913 859 636 421 130 4 0 1299 918 667 560 437 206 9 0
2031 647 530 373 310 152 52 1 2134 670 524 388 254 114 12 0 2100 703 494 346 300 130 22 1
1999 400 345 290 420 355 240 47 2050 425 356 379 465 337 83 1 1908 547 358 377 473 355 77 1
1723 709 480 348 288 247 235 66 1876 694 484 354 297 294 93 4 1909 712 447 352 319 284 70 3
2364 475 347 190 147 144 382 47 2471 493 343 181 140 400 66 2 2561 532 288 133 157 392 33 0
1929 555 365 250 233 369 347 48 2041 582 366 236 327 457 87 0 2204 526 307 214 305 487 53 0
1623 586 489 438 384 325 174 77 1773 643 528 455 407 216 67 7 1929 673 460 395 383 199 54 3
1762 700 486 393 282 266 153 54 1971 741 508 372 287 174 41 2 2181 707 484 336 235 134 19 0
2121 614 418 314 235 161 178 55 2303 643 420 305 186 181 55 3 2454 665 386 246 140 163 40 2
1057 426 296 231 315 1086 653 32 1144 438 318 272 542 1330 51 1 1228 414 293 229 539 1349 43 1
1043 525 491 471 425 700 403 38 1176 614 566 492 508 680 58 2 1304 700 513 420 412 690 56 1
1246 725 536 394 387 359 382 67 1463 772 563 407 404 415 69 3 1651 781 517 369 315 423 40 0
1534 533 471 379 321 442 348 68 1701 629 507 369 378 449 55 8 1908 669 467 349 261 395 44 3
1960 759 365 253 161 456 130 12 2183 706 350 201 357 283 16 0 2407 636 266 168 241 355 23 0
1630 767 517 396 360 296 110 20 1880 797 523 390 382 114 8 2 2337 670 441 287 225 131 4 1
1066 683 641 573 571 326 179 57 1286 826 719 528 533 174 29 1 1648 845 622 430 410 133 8 0
1385 811 700 695 303 143 48 11 1585 889 694 631 216 68 13 0 1686 890 656 415 387 52 10 0
1174 667 1463 660 105 19 7 1 1255 612 1146 1018 54 8 2 1 1309 599 352 1020 805 8 2 1
210 646 2477 674 74 13 2 0 237 245 2540 1019 49 6 0 0 312 223 200 2644 708 9 0 0
89 1317 1990 617 55 23 5 0 134 446 2146 1330 37 3 0 0 257 280 258 2534 765 2 0 0
3102 523 288 132 42 5 3 1 3196 521 259 100 13 6 0 1 3203 544 251 81 10 5 1 1
3074 447 289 166 82 33 5 0 3147 478 258 149 52 11 1 0 3141 494 264 148 37 11 1 0
2598 806 436 163 64 25 3 1 2728 796 388 126 46 10 1 1 2639 868 400 142 33 11 2 1
3167 460 281 108 54 14 10 2 3250 468 242 89 32 8 6 1 3264 509 213 71 24 12 3 0
2722 757 359 150 63 34 9 2 2933 701 286 106 46 21 3 0 3087 625 243 83 44 12 2 0
3373 342 201 109 37 22 9 3 3453 365 165 70 26 13 4 0 3531 351 126 53 27 5 3 0
3646 316 83 25 18 6 1 1 3699 291 74 23 7 2 0 0 3633 368 78 14 3 0 0 0
3884 203 8 1 0 0 0 0 3900 188 8 0 0 0 0 0 3819 265 10 2 0 0 0 0
2701 287 253 193 179 417 61 5 2788 311 253 171 299 263 11 0 2861 309 186 145 228 342 25 0
2129 586 340 205 198 511 114 13 2237 588 314 189 355 386 20 7 2356 559 276 143 248 482 31 1
2731 324 214 185 256 345 35 6 2834 311 217 158 389 172 14 1 2872 312 214 123 225 329 21 0
2825 559 266 186 128 64 44 24 2993 515 244 177 90 58 19 0 3002 554 248 163 86 41 2 0
3587 313 113 59 17 4 3 0 3658 293 89 44 7 4 1 0 3681 307 67 29 6 6 0 0
2073 741 543 355 190 105 64 25 2300 835 527 244 114 59 15 2 2709 795 333 145 81 26 7 0
1921 611 451 398 304 253 130 28 2174 630 472 406 293 108 13 0 2360 658 469 364 199 43 3 0
2279 571 383 347 298 172 39 7 2486 590 412 300 243 56 8 1 2635 617 378 231 160 70 4 1
1070 463 301 333 1271 543 87 28 1213 475 295 400 1468 222 22 1 1341 473 258 177 1345 491 11 0
2154 696 418 369 240 155 48 16 2368 683 387 386 185 72 14 1 2642 602 308 210 271 59 4 0
1587 343 798 737 513 89 18 11 1673 388 713 884 392 35 11 0 1787 428 258 592 953 76 2 0
1001 772 636 784 723 116 48 16 1289 803 622 841 475 51 13 2 1723 737 421 317 836 55 6 1
2381 892 446 215 90 32 24 16 2702 815 351 140 45 27 9 7 3179 589 207 65 32 14 7 3
2480 716 413 216 123 92 44 12 2712 719 336 176 108 39 5 1 3120 545 233 121 61 15 1 0
3273 444 214 103 51 9 2 0 3379 406 201 75 31 4 0 0 3392 418 183 79 21 2 1 0
1278 1797 935 77 8 1 0 0 1087 1238 1620 146 4 1 0 0 1042 154 681 2171 47 1 0 0
1116 2722 258 0 0 0 0 0 222 2397 1474 3 0 0 0 0 124 182 1873 1915 2 0 0 0
3430 408 194 50 11 2 0 1 3524 397 140 28 5 1 0 1 3522 414 127 26 5 1 0 1
3434 454 171 31 5 1 0 0 3504 430 138 20 3 1 0 0 3413 500 153 26 3 1 0 0
3808 216 59 13 0 0 0 0 3851 188 50 7 0 0 0 0 3785 252 53 6 0 0 0 0
3906 174 14 1 1 0 0 0 3931 154 10 0 1 0 0 0 3825 251 19 0 1 0 0 0
3672 269 92 36 23 4 0 0 3709 280 75 26 5 1 0 0 3581 410 86 16 3 0 0 0
3504 177 165 124 70 35 16 5 3588 209 146 89 41 18 4 1 3617 235 127 75 29 11 1 1
3648 265 92 40 32 14 4 1 3723 233 71 45 17 4 3 0 3703 249 84 43 11 5 1 0
3221 314 212 123 82 88 35 21 3348 300 199 104 82 39 23 1 3324 365 197 107 69 28 6 0
1831 426 474 670 534 122 31 8 2021 427 391 734 454 62 7 0 2087 429 279 316 858 122 5 0
1429 168 774 1165 511 32 5 12 1450 161 435 1491 514 33 4 8 1376 216 119 543 1701 124 13 4
1366 218 521 1253 682 55 1 0 1395 198 366 1493 613 31 0 0 1389 181 54 522 1771 177 2 0
3492 419 66 44 31 18 17 9 3691 252 72 38 20 16 7 0 3811 172 56 25 21 10 1 0
2771 477 454 154 100 65 41 34 2972 342 417 187 89 53 22 14 3035 293 143 342 217 47 15 4
2040 477 1179 261 68 39 19 13 2157 301 1095 459 52 22 8 2 2205 279 143 971 478 15 4 1
3528 268 109 60 37 39 35 20 3600 184 163 49 34 46 18 2 3582 201 105 128 39 32 8 1
3379 369 136 93 52 41 19 7 3512 300 154 68 39 15 8 0 3619 287 105 61 17 7 0 0
2367 628 477 285 185 104 41 9 2650 660 402 221 116 37 10 0 2921 658 301 141 59 12 4 0
3011 428 228 145 111 86 67 20 3152 412 200 146 105 62 17 2 3231 413 200 130 81 33 8 0
1436 791 1185 576 89 17 1 1 1467 673 1265 640 46 4 1 0 1452 155 578 1621 285 4 1 0
948 1753 1258 115 19 3 0 0 991 1366 1622 107 9 1 0 0 980 227 1332 1512 41 4 0 0
2787 936 217 101 34 16 4 1 2914 877 218 65 16 6 0 0 2991 286 671 130 15 3 0 0
2391 505 410 322 216 148 83 21 2605 527 427 279 159 75 19 5 2781 578 391 194 109 36 5 2
3022 509 192 122 106 70 49 26 2993 626 202 124 78 50 22 1 2974 351 513 161 63 31 3 0
1439 2483 170 4 0 0 0 0 670 3038 380 8 0 0 0 0 486 267 3017 321 5 0 0 0
2143 1896 56 1 0 0 0 0 116 3817 162 1 0 0 0 0 17 201 3716 161 1 0 0 0
3605 400 68 14 7 2 0 0 3697 333 52 7 7 0 0 0 3709 325 47 9 6 0 0 0
3484 487 107 17 1 0 0 0 3616 402 70 7 1 0 0 0 3641 393 53 9 0 0 0 0
3915 132 34 13 1 1 0 0 3949 103 34 8 1 1 0 0 3931 121 33 9 1 1 0 0
4061 31 2 1 0 1 0 0 4069 25 0 1 1 0 0 0 4057 37 0 1 1 0 0 0
3878 176 29 11 2 0 0 0 3924 142 21 8 1 0 0 0 3876 178 31 9 2 0 0 0
3674 315 106 1 0 0 0 0 3655 286 153 2 0 0 0 0 3528 178 184 203 3 0 0 0
2273 1034 699 78 9 1 1 1 2278 730 992 89 5 0 2 0 2167 249 462 1164 49 3 2 0
2474 422 976 205 19 0 0 0 2468 296 1109 210 13 0 0 0 2414 134 234 1210 101 3 0 0
1774 978 924 302 102 16 0 0 1748 707 1259 301 70 11 0 0 1700 87 673 1404 213 18 1 0
19 1058 2743 225 48 3 0 0 15 694 3002 332 50 3 0 0 12 7 533 3215 312 17 0 0
4 1116 2676 294 6 0 0 0 1 795 2889 403 8 0 0 0 0 5 732 3047 306 6 0 0
846 1513 1225 337 97 44 21 13 927 1122 1616 330 61 25 14 1 973 312 886 1721 175 24 3 2
594 2487 963 38 12 2 0 0 615 2008 1412 58 3 0 0 0 608 84 1413 1940 51 0 0 0
2 2963 1102 26 3 0 0 0 0 2321 1725 46 4 0 0 0 0 0 1980 2062 51 2 1 0
224 3464 401 6 0 0 1 0 221 3018 847 9 0 0 1 0 173 83 2535 1287 17 0 0 1
456 2729 254 148 131 154 123 101 496 2358 720 152 152 115 75 28 491 266 1919 1160 146 82 31 1
1723 1657 245 113 102 121 72 63 1767 1560 383 121 118 74 54 19 1699 325 1445 417 107 64 33 6
2559 1386 128 14 9 0 0 0 2227 1729 115 15 9 1 0 0 1910 513 1601 56 15 1 0 0
1339 1727 933 96 1 0 0 0 971 2301 786 38 0 0 0 0 651 803 2400 239 3 0 0 0
1602 1969 414 102 9 0 0 0 1075 2551 403 63 4 0 0 0 0 1360 2495 223 18 0 0 0
621 3440 34 1 0 0 0 0 350 3694 51 1 0 0 0 0 34 484 3529 48 1 0 0 0
954 2952 121 33 22 11 2 1 717 3234 98 21 21 3 2 0 614 912 2513 41 13 3 0 0
1732 677 564 441 313 199 114 56 1975 780 562 369 225 128 47 10 2144 795 568 312 189 66 20 2
2713 550 322 206 147 89 54 15 2554 893 248 194 125 59 18 5 2077 1002 617 215 122 47 14 2
3972 124 0 0 0 0 0 0 3296 800 0 0 0 0 0 0 0 3502 594 0 0 0 0 0
3919 123 34 10 5 2 2 1 3950 103 26 11 2 2 1 1 3954 100 26 10 3 1 2 0
3519 228 174 109 56 9 1 0 3605 242 141 89 16 3 0 0 3615 238 137 89 16 0 1 0
2478 517 441 347 208 77 25 3 2681 538 441 266 116 46 7 1 2657 576 457 260 107 33 6 0
2391 622 476 314 173 88 28 4 2632 613 427 238 117 58 8 3 2558 668 436 259 120 48 5 2
3673 241 102 41 23 9 7 0 3724 235 71 42 11 10 3 0 3611 267 142 44 20 10 2 0
2174 1179 326 196 97 56 35 33 2257 1247 310 126 71 39 31 15 1931 909 923 198 66 32 27 10
1324 2503 237 21 10 0 0 1 1244 2364 468 14 5 0 0 1 926 445 1958 760 6 0 0 1
152 2821 1094 28 1 0 0 0 144 2602 1324 26 0 0 0 0 10 233 2605 1236 12 0 0 0
538 2864 600 88 6 0 0 0 354 2808 875 56 3 0 0 0 0 489 2613 978 16 0 0 0
262 2431 1348 53 2 0 0 0 168 2456 1410 60 2 0 0 0 0 480 2445 1136 35 0 0 0
486 2071 1395 142 2 0 0 0 364 2233 1429 70 0 0 0 0 0 576 2582 921 17 0 0 0
601 3106 380 8 0 1 0 0 432 3093 561 9 0 1 0 0 0 725 2816 549 5 1 0 0
154 3538 386 16 2 0 0 0 106 3561 417 11 1 0 0 0 0 688 3179 225 3 1 0 0
224 2692 579 250 122 91 74 64 319 2839 515 188 92 81 50 12 312 741 2626 243 98 54 21 1
663 2371 476 242 139 91 65 49 786 2444 437 196 99 69 43 22 654 743 2232 248 116 64 32 7
1121 1597 610 287 214 139 81 47 1539 1535 479 244 157 95 36 11 957 1814 872 251 130 54 18 0
2946 696 177 101 74 46 27 29 3061 647 176 82 62 31 26 11 1968 1572 339 102 59 31 21 4
2982 1053 60 1 0 0 0 0 2685 1371 39 1 0 0 0 0 17 3239 822 18 0 0 0 0
2592 1293 196 15 0 0 0 0 2301 1652 131 12 0 0 0 0 34 3131 881 45 5 0 0 0
3807 282 6 1 0 0 0 0 3529 558 8 1 0 0 0 0 19 3774 298 4 1 0 0 0
3164 929 2 1 0 0 0 0 2766 1327 2 1 0 0 0 0 74 3313 706 2 1 0 0 0
2104 1866 121 5 0 0 0 0 2043 1999 52 2 0 0 0 0 12 3290 775 17 2 0 0 0
3325 713 45 10 1 2 0 0 3395 661 31 6 2 1 0 0 1514 2359 208 12 3 0 0 0
4017 51 18 8 1 0 1 0 4028 46 16 4 1 0 1 0 1394 2678 17 5 1 0 1 0
4089 7 0 0 0 0 0 0 4084 11 1 0 0 0 0 0 40 4050 6 0 0 0 0 0
3033 614 317 97 14 10 4 7 3258 557 200 55 11 5 2 8 3246 560 205 61 11 3 6 4
2694 797 384 173 39 8 1 0 2953 726 299 98 16 4 0 0 2851 796 325 101 20 3 0 0
2589 784 438 203 63 16 2 1 2856 702 364 126 42 4 1 1 2730 784 398 135 40 7 1 1
3028 542 291 136 69 22 5 3 3209 485 234 108 41 13 5 1 3053 593 269 123 41 12 5 0
2860 761 243 124 72 24 7 5 2984 741 216 89 47 12 5 2 2623 689 581 133 49 13 6 2
2208 1694 115 43 21 13 0 2 1759 2175 100 36 16 8 2 0 665 1345 1988 63 21 12 0 2
2092 1941 59 1 2 0 0 1 1837 2204 51 1 2 0 0 1 19 2210 1801 62 1 2 0 1
1767 2033 291 3 0 2 0 0 1688 2152 251 3 0 2 0 0 9 2275 1643 165 2 0 2 0
607 2967 517 5 0 0 0 0 754 3033 305 4 0 0 0 0 1 2114 1916 65 0 0 0 0
2220 1551 268 48 7 1 1 0 2130 1654 264 41 5 1 1 0 5 2749 1148 163 25 4 2 0
1335 2442 301 15 2 0 1 0 1338 2563 180 11 3 0 1 0 13 2328 1663 83 7 1 0 1
594 2855 645 2 0 0 0 0 744 3137 213 2 0 0 0 0 34 2744 1289 29 0 0 0 0
35 2991 1058 11 1 0 0 0 202 3699 188 6 1 0 0 0 3 2883 1196 13 1 0 0 0
1480 1728 641 168 47 21 9 2 1877 1702 397 81 23 11 4 1 575 2770 620 103 16 10 2 0
3472 493 60 27 17 19 2 6 3546 443 51 25 17 7 5 2 961 2912 160 31 23 5 4 0
3196 870 27 3 0 0 0 0 3268 806 19 3 0 0 0 0 317 3622 148 9 0 0 0 0
3741 342 13 0 0 0 0 0 3819 269 8 0 0 0 0 0 726 3322 46 2 0 0 0 0
4024 70 1 1 0 0 0 0 4011 83 1 1 0 0 0 0 1254 2825 16 1 0 0 0 0
3630 442 23 1 0 0 0 0 3745 331 20 0 0 0 0 0 950 3077 63 6 0 0 0 0
3646 438 8 4 0 0 0 0 3773 311 8 4 0 0 0 0 1028 3035 26 5 2 0 0 0
3760 324 11 1 0 0 0 0 3816 271 8 1 0 0 0 0 1359 2690 41 6 0 0 0 0
3970 124 2 0 0 0 0 0 4000 94 2 0 0 0 0 0 750 3335 11 0 0 0 0 0
3770 323 3 0 0 0 0 0 3852 240 3 1 0 0 0 0 788 3273 34 1 0 0 0 0
3946 135 15 0 0 0 0 0 3952 139 5 0 0 0 0 0 1775 2290 31 0 0 0 0 0
4046 45 5 0 0 0 0 0 4044 47 5 0 0 0 0 0 1845 2235 14 2 0 0 0 0
