64 0 437 1107 1396 308 166 618 64 0 86 959 1279 800 270 638 64 0 37 801 540 1648 353 653
64 0 17 80 1711 370 172 1682 64 0 5 33 402 1643 237 1712 64 0 0 26 23 1804 458 1721
64 0 0 0 280 602 250 2900 64 0 0 0 5 729 289 3009 64 0 0 0 0 281 733 3018
64 0 0 0 0 61 2452 1519 64 0 0 0 0 60 2047 1925 64 0 0 0 0 64 935 3033
0 271 1971 1481 295 73 5 0 0 43 1479 2223 305 46 0 0 0 2 1149 2488 411 46 0 0
0 35 1289 1455 1120 147 49 1 0 0 608 1855 1196 400 37 0 0 0 271 1866 1039 886 34 0
0 0 139 658 2367 747 178 7 0 0 73 268 1386 1963 405 1 0 0 0 257 418 2591 826 4
0 0 0 51 1612 1759 665 9 0 0 0 0 151 2608 1243 94 0 0 0 0 0 1088 2726 282
0 30 1025 985 703 570 613 170 0 7 1065 1117 715 576 554 62 0 28 1264 1056 677 602 462 7
0 17 1058 833 550 529 776 333 0 10 346 1468 696 571 795 210 0 5 283 1034 1251 657 798 68
0 6 263 1649 421 726 805 226 0 0 142 583 1648 661 908 154 0 0 84 520 829 1724 879 60
0 0 37 1918 1133 910 66 32 0 0 4 211 1883 1600 362 36 0 0 2 87 95 2448 1425 39
68 239 3677 106 6 0 0 0 64 12 293 3245 475 7 0 0 100 76 84 808 3001 27 0 0
66 30 3652 333 15 0 0 0 64 8 51 1937 2036 0 0 0 99 56 98 123 2177 1543 0 0
119 277 1080 2446 168 6 0 0 134 272 420 489 2758 23 0 0 624 404 217 150 396 2305 0 0
51 251 894 2313 553 34 0 0 125 471 1016 1117 1344 23 0 0 1323 1026 353 130 298 966 0 0
