0 0 115 1538 1741 678 24 0 0 426 1776 1862 32 0 0 0 0 0 748 2483 865 0 0 0
0 0 0 35 1181 1810 1070 0 0 205 1500 1199 1192 0 0 0 0 0 715 1627 1740 14 0 0
0 0 457 976 930 1675 58 0 0 776 1899 1203 218 0 0 0 0 147 1251 2327 371 0 0 0
0 0 1551 1872 652 21 0 0 0 1384 2371 341 0 0 0 0 0 57 1880 2159 0 0 0 0
0 0 8 324 592 1683 1153 336 3 472 676 1205 1426 227 87 0 10 956 732 1506 888 4 0 0
0 0 0 0 5 251 1910 1930 0 0 47 461 1700 695 1014 179 5 161 644 1590 1127 469 100 0
0 0 0 8 228 726 1507 1627 0 119 480 1176 894 642 667 118 76 523 1233 1342 649 245 28 0
0 0 400 807 777 790 929 393 31 1890 1075 786 223 86 5 0 216 2713 728 421 18 0 0 0
0 331 1626 1374 590 159 16 0 815 2512 659 110 0 0 0 0 313 3088 686 9 0 0 0 0
0 12 216 906 1019 864 732 347 274 1296 1274 600 488 160 4 0 393 1985 1331 345 42 0 0 0
77 362 757 731 680 628 654 207 1293 1285 754 438 275 51 0 0 1027 2208 696 162 3 0 0 0
165 1259 1430 598 431 157 36 20 3066 903 92 26 9 0 0 0 2021 2038 34 3 0 0 0 0
526 2063 1248 225 34 0 0 0 3080 1001 15 0 0 0 0 0 1778 2308 10 0 0 0 0 0
46 802 1507 1218 433 90 0 0 1925 1918 247 6 0 0 0 0 1429 2530 137 0 0 0 0 0
162 1183 1522 1006 223 0 0 0 2751 1306 39 0 0 0 0 0 2056 2006 34 0 0 0 0 0
1004 2803 289 0 0 0 0 0 4093 3 0 0 0 0 0 0 3927 169 0 0 0 0 0 0
