0 1 4095 0 0 0 0 0 0 0 21 4075 0 0 0 0 0 0 0 13 4083 0 0 0
0 0 2461 1635 0 0 0 0 0 0 0 1836 2260 0 0 0 0 0 0 0 1543 2553 0 0
0 0 69 4027 0 0 0 0 0 0 0 7 4089 0 0 0 0 0 0 0 0 4096 0 0
0 0 18 4078 0 0 0 0 0 0 0 3 4093 0 0 0 0 0 0 0 1 4095 0 0
38 1130 2447 139 117 128 85 12 0 57 1412 2146 127 117 119 118 0 9 264 1902 1509 117 116 179
7 93 2252 1077 229 188 189 61 0 12 145 2037 1199 242 195 266 0 5 37 487 2040 979 219 329
9 108 1406 2040 257 130 106 40 1 18 292 1139 2157 216 129 144 1 12 129 676 1530 1415 148 185
11 218 1195 1702 603 235 84 48 1 75 733 1153 1566 358 132 78 4 69 486 1313 997 1053 110 64
90 1777 974 552 345 196 157 5 0 164 1698 913 543 372 219 187 0 9 1056 1399 673 435 268 256
20 503 1267 717 534 470 455 130 4 35 560 1057 693 548 532 667 1 16 233 1121 823 614 522 766
130 831 1318 451 332 405 414 215 47 437 1232 543 395 352 391 699 16 267 983 903 435 340 377 775
780 1452 1043 409 229 102 58 23 499 1371 1222 468 284 118 69 65 91 1383 1547 571 263 106 67 68
115 948 800 674 609 541 352 57 37 169 869 744 633 601 584 459 17 47 702 857 689 619 604 561
136 373 901 588 577 622 667 232 98 100 293 843 592 545 635 990 39 127 192 835 649 537 629 1088
433 826 570 422 436 526 548 335 260 701 403 432 387 408 569 936 103 682 466 468 419 394 568 996
1237 1063 785 458 279 163 83 28 1103 769 756 608 372 250 150 88 598 1152 726 702 405 255 160 98
