0 0 4096 0 0 0 0 0 0 0 0 4096 0 0 0 0 0 0 0 0 0 4096 0 0
0 0 4096 0 0 0 0 0 0 0 0 4096 0 0 0 0 0 0 0 0 0 4096 0 0
0 0 4096 0 0 0 0 0 0 0 0 4096 0 0 0 0 0 0 0 0 0 4096 0 0
0 0 4096 0 0 0 0 0 0 0 0 4096 0 0 0 0 0 0 0 0 0 4096 0 0
0 0 3515 581 0 0 0 0 0 0 0 3420 676 0 0 0 0 0 0 0 0 4096 0 0
0 0 1558 2499 39 0 0 0 0 0 0 1388 2708 0 0 0 0 0 0 0 0 4096 0 0
0 0 76 4020 0 0 0 0 0 0 0 88 4008 0 0 0 0 0 0 0 0 4096 0 0
0 0 152 3944 0 0 0 0 0 0 0 162 3934 0 0 0 0 0 0 0 0 4096 0 0
0 0 0 4096 0 0 0 0 0 0 0 0 4096 0 0 0 0 0 0 0 0 4096 0 0
0 0 0 4096 0 0 0 0 0 0 0 0 4096 0 0 0 0 0 0 0 0 4096 0 0
0 0 0 4096 0 0 0 0 0 0 0 0 4096 0 0 0 0 0 0 0 0 4096 0 0
0 0 0 4096 0 0 0 0 0 0 0 0 4096 0 0 0 0 0 0 0 0 4096 0 0
0 0 0 4096 0 0 0 0 0 0 0 0 4096 0 0 0 0 0 0 0 0 3805 291 0
0 0 0 4096 0 0 0 0 0 0 0 0 4096 0 0 0 0 0 0 0 0 3674 422 0
0 0 0 3026 856 214 0 0 0 0 0 0 3440 656 0 0 0 0 0 0 0 3144 952 0
0 0 0 952 773 2001 370 0 0 0 0 0 1270 2528 298 0 0 0 0 0 0 2585 1511 0
0 0 0 1625 1834 575 62 0 0 0 0 0 2603 1442 51 0 0 0 0 0 0 896 3200 0
0 0 0 1752 2132 212 0 0 0 0 0 0 2829 1267 0 0 0 0 0 0 0 359 3737 0
0 0 0 287 3146 663 0 0 0 0 0 0 1047 3049 0 0 0 0 0 0 0 202 3894 0
0 0 0 0 3414 682 0 0 0 0 0 0 1009 3087 0 0 0 0 0 0 100 1929 2067 0
0 0 0 0 2209 1870 17 0 0 0 0 0 964 3080 52 0 0 0 0 0 315 3479 296 6
0 0 3571 525 0 0 0 0 0 0 0 3549 547 0 0 0 0 0 0 0 0 4096 0 0
0 0 4096 0 0 0 0 0 0 0 0 4062 34 0 0 0 0 0 0 0 0 4096 0 0
0 0 3862 234 0 0 0 0 0 0 0 3709 387 0 0 0 0 0 0 0 0 4096 0 0
0 0 3755 341 0 0 0 0 0 0 0 3462 634 0 0 0 0 0 0 0 0 4096 0 0
0 0 4096 0 0 0 0 0 0 0 0 3951 145 0 0 0 0 0 0 0 0 4096 0 0
0 0 3698 398 0 0 0 0 0 0 0 2496 1600 0 0 0 0 0 0 0 0 4092 4 0
0 0 925 3171 0 0 0 0 0 0 0 108 3988 0 0 0 0 0 0 0 0 4096 0 0
0 0 0 4096 0 0 0 0 0 0 0 0 4096 0 0 0 0 0 0 0 0 4096 0 0
0 0 0 4096 0 0 0 0 0 0 0 0 4096 0 0 0 0 0 0 0 0 4096 0 0
0 0 0 4096 0 0 0 0 0 0 0 0 4096 0 0 0 0 0 0 0 0 4077 19 0
0 0 0 4004 92 0 0 0 0 0 0 0 4096 0 0 0 0 0 0 0 0 4032 64 0
0 0 0 4096 0 0 0 0 0 0 0 0 4096 0 0 0 0 0 0 0 0 2987 1109 0
0 0 0 3413 683 0 0 0 0 0 0 0 4041 55 0 0 0 0 0 0 0 2361 1735 0
0 0 0 2098 1998 0 0 0 0 0 0 0 3367 729 0 0 0 0 0 0 0 2782 1314 0
0 0 0 821 3228 47 0 0 0 0 0 0 2904 1192 0 0 0 0 0 0 0 2178 1918 0
0 0 0 0 2075 2021 0 0 0 0 0 0 73 4023 0 0 0 0 0 0 0 2196 1900 0
0 0 0 0 849 3144 103 0 0 0 0 0 0 3979 117 0 0 0 0 0 0 487 3609 0
0 0 0 4 1584 1383 1125 0 0 0 0 0 147 2745 1204 0 0 0 0 0 0 934 3162 0
0 0 0 0 2471 1403 222 0 0 0 0 0 8 3902 186 0 0 0 0 0 0 1079 3017 0
0 0 0 0 413 3678 5 0 0 0 0 0 134 3962 0 0 0 0 0 0 677 3331 88 0
0 0 0 0 16 4080 0 0 0 0 0 0 16 4080 0 0 0 0 0 0 1169 2927 0 0
5 58 882 2631 512 8 0 0 0 17 103 910 3001 65 0 0 0 11 62 202 769 3050 2 0
1 18 929 3111 36 1 0 0 0 3 24 355 3708 6 0 0 0 2 10 34 136 3910 4 0
