0 349 1596 2151 0 0 0 0 105 1551 2439 1 0 0 0 0 1109 2963 24 0 0 0 0 0
7 1459 1374 113 15 22 303 803 515 2199 232 17 19 29 1064 21 1784 1134 36 14 62 659 400 7
75 2017 919 134 14 19 48 870 918 2118 108 15 17 243 673 4 2678 464 10 20 319 565 39 1
0 803 1230 1987 76 0 0 0 59 2013 2002 22 0 0 0 0 1424 2636 36 0 0 0 0 0
0 1033 2290 773 0 0 0 0 48 2688 1357 3 0 0 0 0 1399 2669 28 0 0 0 0 0
10 2360 670 37 292 157 58 512 984 2050 21 95 736 204 6 0 2473 574 410 219 398 22 0 0
19 96 13 342 889 55 492 2190 116 10 20 829 2527 592 2 0 121 7 2011 1321 633 3 0 0
602 1892 903 306 233 16 43 101 1444 1779 262 348 236 26 1 0 2594 849 131 343 179 0 0 0
2 1248 2755 91 0 0 0 0 34 2518 1487 57 0 0 0 0 191 2702 1061 140 2 0 0 0
2 570 2148 653 393 274 56 0 58 939 1861 648 418 172 0 0 54 698 1823 834 494 193 0 0
0 266 1234 638 1026 728 204 0 0 779 775 736 1146 660 0 0 0 565 714 797 1279 741 0 0
244 385 1468 629 884 442 44 0 459 822 950 749 963 153 0 0 468 711 771 958 871 316 1 0
0 31 3029 1036 0 0 0 0 0 2239 1856 1 0 0 0 0 1 2802 1291 2 0 0 0 0
0 19 1622 802 178 160 275 1040 0 753 1570 370 387 978 38 0 0 1025 1556 629 803 83 0 0
0 0 276 320 66 144 729 2561 0 0 585 98 576 2801 36 0 0 0 658 949 2195 294 0 0
0 10 1059 629 363 416 469 1150 0 549 1308 572 711 956 0 0 1 1130 1369 982 612 2 0 0
