1 615 1879 1185 217 128 53 18 0 227 1846 1430 387 140 52 14 0 132 1755 1184 805 162 45 13
0 600 1683 1403 228 116 60 6 0 82 1578 1609 639 125 57 6 0 1 576 1739 1377 323 71 9
0 141 790 1130 698 525 217 595 0 10 609 1129 949 576 212 611 0 0 130 1035 1207 765 320 639
0 0 56 66 207 599 105 3063 0 0 23 88 78 100 605 3202 0 0 2 77 85 67 50 3815
6 407 721 2065 567 234 79 17 1 330 706 2035 700 237 78 9 0 194 687 1700 1164 271 75 5
16 180 820 1049 649 611 576 195 2 128 725 1130 760 634 575 142 0 77 755 952 939 690 579 104
0 100 1076 1387 621 483 318 111 0 16 448 1475 1233 520 317 87 0 1 116 850 1572 877 568 112
0 59 361 1988 867 337 325 159 0 24 78 313 1543 1506 493 139 0 0 33 193 341 430 1787 1312
16 213 519 1337 621 330 319 741 4 161 427 1500 642 357 331 674 3 126 333 1278 950 436 393 577
25 584 2056 951 251 168 51 10 1 202 664 1481 1422 250 65 11 0 93 288 874 870 1279 657 35
56 194 1621 1766 200 155 78 26 3 187 602 755 2218 238 76 17 0 111 470 694 370 618 1810 23
11 122 888 2347 216 173 206 133 0 108 534 444 1689 980 243 98 0 65 467 500 170 271 2120 503
272 453 463 649 1046 332 358 523 209 463 376 865 1014 311 385 473 96 502 351 888 1035 373 422 429
259 443 1219 1077 383 243 238 234 138 432 444 875 1282 419 278 228 35 447 387 469 512 1168 810 268
154 834 1843 1057 88 51 39 30 37 427 945 719 1648 225 56 39 0 270 718 467 359 1043 1157 82
216 968 1462 984 200 118 105 43 50 420 1134 952 945 448 113 34 3 267 646 973 604 599 855 149
