0 260 440 253 3143 0 0 0 0 0 11 689 2881 515 0 0 0 0 0 0 492 284 3320 0
0 402 269 97 3318 10 0 0 0 0 7 680 2811 598 0 0 0 0 0 4 661 245 3186 0
0 432 336 236 3067 25 0 0 0 0 20 748 2984 344 0 0 0 0 0 0 639 154 3303 0
0 467 328 442 2846 13 0 0 0 0 147 636 3081 232 0 0 0 0 0 0 679 276 3141 0
8 3107 970 9 1 1 0 0 9 142 1930 2013 1 1 0 0 84 395 136 380 3098 3 0 0
2 2991 855 34 22 42 34 116 0 24 1772 2099 47 49 90 15 7 39 90 372 3543 39 6 0
0 3151 814 23 36 19 14 39 0 1 2134 1868 27 15 32 19 0 15 34 338 3667 25 16 1
0 3439 657 0 0 0 0 0 0 0 2673 1423 0 0 0 0 0 0 0 631 3465 0 0 0
53 697 1745 640 218 195 257 291 74 425 1544 1241 334 274 169 35 408 956 1307 946 380 86 12 1
68 562 2137 593 120 129 159 328 75 493 1500 1365 175 171 250 67 360 1226 1011 918 486 80 14 1
30 727 2767 237 137 111 33 54 19 97 930 2761 173 57 43 16 50 194 477 1404 1931 28 11 1
57 1030 2762 194 21 26 6 0 53 421 1472 2099 28 22 1 0 178 840 685 630 1745 18 0 0
219 1215 2096 455 104 7 0 0 92 823 2144 969 68 0 0 0 1541 1793 479 283 0 0 0 0
124 770 2606 588 7 1 0 0 70 468 2070 1463 24 1 0 0 1007 1994 501 330 263 1 0 0
178 897 2336 624 48 13 0 0 89 560 1571 1835 35 6 0 0 929 1569 426 258 913 1 0 0
160 892 2578 423 36 7 0 0 96 557 1605 1808 29 1 0 0 643 1251 740 1065 397 0 0 0
