868 2485 743 0 0 0 0 0 1 93 2099 1735 168 0 0 0 0 0 0 131 2271 1694 0 0
1003 2231 862 0 0 0 0 0 0 0 2012 1729 355 0 0 0 0 0 0 0 2214 1882 0 0
868 2002 1226 0 0 0 0 0 0 0 1724 1746 626 0 0 0 0 0 0 0 1667 2324 105 0
724 2142 1230 0 0 0 0 0 0 0 1757 1602 737 0 0 0 0 0 0 0 1630 2233 233 0
2155 655 1285 1 0 0 0 0 448 1677 402 1129 440 0 0 0 0 178 1649 495 672 1101 1 0
1889 624 1538 42 3 0 0 0 53 1797 424 775 1044 3 0 0 0 32 1336 733 607 1370 18 0
1529 679 1666 209 11 2 0 0 379 1174 511 713 1309 10 0 0 338 205 653 757 511 1321 311 0
731 512 1999 567 199 57 26 5 879 529 351 775 1467 89 3 3 1098 524 306 144 289 1218 514 3
3437 306 135 89 101 26 2 0 2764 913 148 101 122 46 2 0 914 2109 737 127 120 84 5 0
3535 320 102 46 47 18 15 13 2991 748 159 76 67 27 15 13 1278 2078 418 155 72 63 19 13
3378 394 162 94 35 23 5 5 3241 549 154 91 39 16 4 2 2503 1287 212 55 22 11 5 1
1395 829 521 358 386 232 242 133 1742 780 441 453 249 267 115 49 2160 708 480 287 244 153 60 4
1577 1235 648 271 223 95 38 9 1300 1276 740 357 235 149 28 11 1896 1047 433 272 255 167 23 3
2884 682 390 79 37 17 6 1 2632 924 362 128 27 17 5 1 2025 1631 294 90 38 14 3 1
3101 204 162 104 94 106 77 248 3024 276 164 112 88 124 70 238 2836 468 168 97 97 116 104 210
1770 454 253 236 202 251 211 719 1871 421 228 241 200 263 208 664 1962 388 237 218 246 235 243 567
