2 32 3635 222 103 90 12 0 0 19 66 101 3827 75 8 0 0 16 74 98 136 3584 188 0
0 0 4096 0 0 0 0 0 0 0 0 0 4096 0 0 0 0 0 0 0 0 4096 0 0
0 0 4096 0 0 0 0 0 0 0 0 0 4096 0 0 0 0 0 0 0 0 4096 0 0
0 0 4096 0 0 0 0 0 0 0 0 0 4096 0 0 0 0 0 0 0 0 4096 0 0
0 0 4096 0 0 0 0 0 0 0 0 0 4096 0 0 0 0 0 0 0 0 4096 0 0
0 0 4096 0 0 0 0 0 0 0 0 0 4096 0 0 0 0 0 0 0 0 4096 0 0
0 0 4096 0 0 0 0 0 0 0 0 0 4096 0 0 0 0 0 0 0 0 4096 0 0
0 0 4096 0 0 0 0 0 0 0 0 0 4096 0 0 0 0 0 0 0 0 4096 0 0
0 0 4096 0 0 0 0 0 0 0 0 0 4096 0 0 0 0 0 0 0 0 4096 0 0
0 0 4096 0 0 0 0 0 0 0 0 0 4096 0 0 0 0 0 0 0 0 4096 0 0
0 0 4096 0 0 0 0 0 0 0 0 0 4096 0 0 0 0 0 0 0 0 4096 0 0
0 0 4096 0 0 0 0 0 0 0 0 0 4096 0 0 0 0 0 0 0 0 4096 0 0
0 0 4096 0 0 0 0 0 0 0 0 0 4096 0 0 0 0 0 0 0 0 4096 0 0
377 316 3403 0 0 0 0 0 0 513 136 104 3343 0 0 0 0 350 241 70 70 3365 0 0
2031 547 1518 0 0 0 0 0 661 1531 300 278 1326 0 0 0 2 1886 448 180 201 1379 0 0
2881 1200 15 0 0 0 0 0 1263 2588 245 0 0 0 0 0 380 3335 372 9 0 0 0 0
2153 1539 401 3 0 0 0 0 678 2133 880 335 70 0 0 0 490 2221 710 356 186 133 0 0
3318 110 668 0 0 0 0 0 2968 334 102 233 459 0 0 0 2270 944 125 71 85 601 0 0
4089 7 0 0 0 0 0 0 3847 249 0 0 0 0 0 0 3692 404 0 0 0 0 0 0
4033 63 0 0 0 0 0 0 2929 1167 0 0 0 0 0 0 3308 788 0 0 0 0 0 0
664 712 1174 665 664 196 21 0 8 885 1274 634 921 363 11 0 0 827 1302 725 700 519 23 0
0 90 3103 465 405 33 0 0 0 1 328 263 3269 226 9 0 0 1 329 291 314 3019 142 0
0 0 4096 0 0 0 0 0 0 0 0 0 4096 0 0 0 0 0 0 0 0 3328 768 0
0 0 4096 0 0 0 0 0 0 0 0 0 4096 0 0 0 0 0 0 0 0 3904 192 0
0 0 4096 0 0 0 0 0 0 0 0 0 4096 0 0 0 0 0 0 0 0 4032 64 0
0 0 4096 0 0 0 0 0 0 0 0 0 4096 0 0 0 0 0 0 0 0 4096 0 0
0 0 4096 0 0 0 0 0 0 0 0 0 4096 0 0 0 0 0 0 0 0 4096 0 0
0 0 4096 0 0 0 0 0 0 0 0 0 4096 0 0 0 0 0 0 0 0 4096 0 0
0 0 4096 0 0 0 0 0 0 0 0 0 4096 0 0 0 0 0 0 0 0 4096 0 0
0 0 4096 0 0 0 0 0 0 0 0 0 4096 0 0 0 0 0 0 0 0 4096 0 0
0 0 4096 0 0 0 0 0 0 0 0 0 4096 0 0 0 0 0 0 0 0 4096 0 0
4 12 4080 0 0 0 0 0 0 0 6 20 4070 0 0 0 0 0 0 5 13 4078 0 0
285 445 3361 5 0 0 0 0 0 332 348 172 3244 0 0 0 0 61 474 177 138 3246 0 0
2601 374 1120 1 0 0 0 0 792 1969 157 154 1024 0 0 0 0 2442 334 131 102 1087 0 0
4053 43 0 0 0 0 0 0 3528 568 0 0 0 0 0 0 1350 2746 0 0 0 0 0 0
3869 227 0 0 0 0 0 0 3135 958 3 0 0 0 0 0 2040 2052 4 0 0 0 0 0
3939 157 0 0 0 0 0 0 3437 659 0 0 0 0 0 0 3262 834 0 0 0 0 0 0
4096 0 0 0 0 0 0 0 4096 0 0 0 0 0 0 0 4096 0 0 0 0 0 0 0
4096 0 0 0 0 0 0 0 4096 0 0 0 0 0 0 0 4096 0 0 0 0 0 0 0
4096 0 0 0 0 0 0 0 4096 0 0 0 0 0 0 0 4096 0 0 0 0 0 0 0
735 321 2371 669 0 0 0 0 1 984 74 33 3004 0 0 0 0 830 192 54 42 1048 1930 0
0 213 3629 200 54 0 0 0 0 20 442 166 3453 15 0 0 0 12 404 179 137 2066 1298 0
0 0 4096 0 0 0 0 0 0 0 0 0 4096 0 0 0 0 0 0 0 0 2752 1344 0
0 0 4096 0 0 0 0 0 0 0 0 0 4096 0 0 0 0 0 0 0 0 3136 960 0
0 0 4096 0 0 0 0 0 0 0 0 0 4096 0 0 0 0 0 0 0 0 3840 256 0
0 0 4096 0 0 0 0 0 0 0 0 0 4096 0 0 0 0 0 0 0 0 3456 640 0
0 0 4096 0 0 0 0 0 0 0 0 0 4096 0 0 0 0 0 0 0 0 3968 128 0
0 0 4096 0 0 0 0 0 0 0 0 0 4096 0 0 0 0 0 0 0 0 3904 192 0
0 0 4096 0 0 0 0 0 0 0 0 0 4096 0 0 0 0 0 0 0 0 4096 0 0
15 137 3930 14 0 0 0 0 0 11 122 44 3919 0 0 0 0 0 56 83 36 3915 6 0
447 1309 2301 39 0 0 0 0 0 902 856 155 2183 0 0 0 0 717 910 156 112 2192 9 0
1279 1503 1296 18 0 0 0 0 3 1928 890 177 1098 0 0 0 0 1486 1209 170 145 1084 2 0
3027 908 160 1 0 0 0 0 366 3134 455 104 37 0 0 0 0 3257 629 90 80 40 0 0
4039 57 0 0 0 0 0 0 2916 1180 0 0 0 0 0 0 38 4045 13 0 0 0 0 0
3921 175 0 0 0 0 0 0 3230 864 2 0 0 0 0 0 2793 1301 2 0 0 0 0 0
4021 75 0 0 0 0 0 0 3869 227 0 0 0 0 0 0 3777 319 0 0 0 0 0 0
4096 0 0 0 0 0 0 0 4095 1 0 0 0 0 0 0 3912 184 0 0 0 0 0 0
4090 6 0 0 0 0 0 0 3818 278 0 0 0 0 0 0 3360 736 0 0 0 0 0 0
4092 4 0 0 0 0 0 0 3719 377 0 0 0 0 0 0 3099 997 0 0 0 0 0 0
3947 149 0 0 0 0 0 0 2167 1929 0 0 0 0 0 0 1614 2482 0 0 0 0 0 0
0 0 128 3968 0 0 0 0 0 0 0 0 4032 64 0 0 0 0 0 0 0 0 4096 0
0 0 512 3584 0 0 0 0 0 0 0 0 4096 0 0 0 0 0 0 0 0 0 4096 0
0 0 1472 2624 0 0 0 0 0 0 0 0 4096 0 0 0 0 0 0 0 0 64 4032 0
0 0 1856 2240 0 0 0 0 0 0 0 0 4096 0 0 0 0 0 0 0 0 320 3776 0
0 0 1408 2688 0 0 0 0 0 0 0 0 4096 0 0 0 0 0 0 0 0 512 3584 0
0 0 0 4096 0 0 0 0 0 0 0 0 4096 0 0 0 0 0 0 0 0 2048 2048 0
8 46 205 3837 0 0 0 0 0 0 44 21 4031 0 0 0 0 0 11 39 17 2934 1095 0
86 400 740 2870 0 0 0 0 0 91 357 110 3538 0 0 0 0 50 304 138 93 3466 45 0
1253 811 1521 511 0 0 0 0 0 1446 543 179 1928 0 0 0 0 1156 677 220 138 1816 89 0
2703 666 645 82 0 0 0 0 28 2983 315 95 675 0 0 0 0 2705 524 115 79 595 78 0
2699 1396 1 0 0 0 0 0 39 3668 389 0 0 0 0 0 3 3707 386 0 0 0 0 0
3840 256 0 0 0 0 0 0 2042 2054 0 0 0 0 0 0 0 4040 56 0 0 0 0 0
4096 0 0 0 0 0 0 0 3789 307 0 0 0 0 0 0 16 4080 0 0 0 0 0 0
3708 388 0 0 0 0 0 0 3065 1031 0 0 0 0 0 0 978 3118 0 0 0 0 0 0
4084 12 0 0 0 0 0 0 3797 299 0 0 0 0 0 0 3032 1064 0 0 0 0 0 0
4096 0 0 0 0 0 0 0 4096 0 0 0 0 0 0 0 4096 0 0 0 0 0 0 0
4096 0 0 0 0 0 0 0 4096 0 0 0 0 0 0 0 4096 0 0 0 0 0 0 0
4096 0 0 0 0 0 0 0 4096 0 0 0 0 0 0 0 4096 0 0 0 0 0 0 0
4086 10 0 0 0 0 0 0 3657 439 0 0 0 0 0 0 3216 880 0 0 0 0 0 0
3313 783 0 0 0 0 0 0 1133 2963 0 0 0 0 0 0 632 3436 28 0 0 0 0 0
0 0 0 4096 0 0 0 0 0 0 0 0 2432 1664 0 0 0 0 0 0 0 0 4096 0
0 0 0 4096 0 0 0 0 0 0 0 0 2944 1152 0 0 0 0 0 0 0 0 4096 0
0 0 0 4096 0 0 0 0 0 0 0 0 3328 768 0 0 0 0 0 0 0 0 4096 0
0 0 0 4096 0 0 0 0 0 0 0 0 4096 0 0 0 0 0 0 0 0 1152 2944 0
101 574 96 3325 0 0 0 0 0 154 483 101 3348 10 0 0 0 1 450 232 69 883 2461 0
909 1552 174 1461 0 0 0 0 0 1182 1230 128 1546 10 0 0 0 134 2192 147 91 783 749 0
2273 1491 103 229 0 0 0 0 0 2876 860 74 281 5 0 0 0 1771 1917 85 54 216 53 0
2412 1638 46 0 0 0 0 0 0 3486 607 3 0 0 0 0 0 2836 1257 3 0 0 0 0
3792 255 45 4 0 0 0 0 12 3992 91 1 0 0 0 0 0 3951 145 0 0 0 0 0
3895 201 0 0 0 0 0 0 472 3624 0 0 0 0 0 0 1 4078 17 0 0 0 0 0
3902 194 0 0 0 0 0 0 1343 2753 0 0 0 0 0 0 2 4094 0 0 0 0 0 0
4096 0 0 0 0 0 0 0 3440 656 0 0 0 0 0 0 0 4096 0 0 0 0 0 0
4096 0 0 0 0 0 0 0 4096 0 0 0 0 0 0 0 0 4096 0 0 0 0 0 0
4008 88 0 0 0 0 0 0 3811 285 0 0 0 0 0 0 192 3904 0 0 0 0 0 0
4059 37 0 0 0 0 0 0 3452 644 0 0 0 0 0 0 863 3233 0 0 0 0 0 0
4096 0 0 0 0 0 0 0 3982 114 0 0 0 0 0 0 2659 1437 0 0 0 0 0 0
4096 0 0 0 0 0 0 0 4096 0 0 0 0 0 0 0 3007 1089 0 0 0 0 0 0
4096 0 0 0 0 0 0 0 4096 0 0 0 0 0 0 0 4048 48 0 0 0 0 0 0
4096 0 0 0 0 0 0 0 4096 0 0 0 0 0 0 0 4096 0 0 0 0 0 0 0
4096 0 0 0 0 0 0 0 4096 0 0 0 0 0 0 0 3811 285 0 0 0 0 0 0
0 0 0 4096 0 0 0 0 0 0 0 0 2920 1176 0 0 0 0 0 0 0 2072 2024 0
0 0 0 3348 748 0 0 0 0 0 0 0 525 3571 0 0 0 0 0 0 0 1635 2461 0
0 0 0 4054 42 0 0 0 0 0 0 0 1705 2391 0 0 0 0 0 0 0 1656 2440 0
0 0 0 3957 139 0 0 0 0 0 0 0 2883 1213 0 0 0 0 0 0 0 2263 1833 0
1338 1529 94 828 306 1 0 0 0 1751 1094 95 667 488 1 0 0 558 2185 144 75 751 383 0
2956 1140 0 0 0 0 0 0 0 3768 328 0 0 0 0 0 0 2001 2095 0 0 0 0 0
2156 1940 0 0 0 0 0 0 0 3168 928 0 0 0 0 0 0 2107 1989 0 0 0 0 0
3560 536 0 0 0 0 0 0 0 4035 61 0 0 0 0 0 0 3899 197 0 0 0 0 0
4056 40 0 0 0 0 0 0 0 4096 0 0 0 0 0 0 0 4081 15 0 0 0 0 0
4092 4 0 0 0 0 0 0 552 3544 0 0 0 0 0 0 0 4096 0 0 0 0 0 0
3938 158 0 0 0 0 0 0 641 3455 0 0 0 0 0 0 0 4096 0 0 0 0 0 0
4096 0 0 0 0 0 0 0 2936 1160 0 0 0 0 0 0 0 4096 0 0 0 0 0 0
4096 0 0 0 0 0 0 0 3968 128 0 0 0 0 0 0 0 4096 0 0 0 0 0 0
4096 0 0 0 0 0 0 0 2848 1248 0 0 0 0 0 0 128 3968 0 0 0 0 0 0
4088 8 0 0 0 0 0 0 2799 1297 0 0 0 0 0 0 184 3912 0 0 0 0 0 0
4096 0 0 0 0 0 0 0 4095 1 0 0 0 0 0 0 2429 1667 0 0 0 0 0 0
4096 0 0 0 0 0 0 0 4078 18 0 0 0 0 0 0 2856 1240 0 0 0 0 0 0
4096 0 0 0 0 0 0 0 4096 0 0 0 0 0 0 0 2328 1768 0 0 0 0 0 0
4096 0 0 0 0 0 0 0 4096 0 0 0 0 0 0 0 4096 0 0 0 0 0 0 0
4096 0 0 0 0 0 0 0 4096 0 0 0 0 0 0 0 4096 0 0 0 0 0 0 0
0 0 0 4096 0 0 0 0 0 0 0 0 4013 83 0 0 0 0 0 0 0 4096 0 0
0 0 0 3944 152 0 0 0 0 0 0 0 3308 788 0 0 0 0 0 0 0 4040 56 0
0 0 0 3268 828 0 0 0 0 0 0 0 2556 1540 0 0 0 0 0 0 0 3967 129 0
144 161 35 3756 0 0 0 0 0 184 115 34 3627 136 0 0 0 0 257 46 36 3757 0 0
1222 2649 41 184 0 0 0 0 0 3303 559 34 185 15 0 0 0 574 3254 46 36 186 0 0
3231 860 5 0 0 0 0 0 0 4031 63 2 0 0 0 0 0 3007 1083 6 0 0 0 0
3337 759 0 0 0 0 0 0 0 4051 45 0 0 0 0 0 0 3884 212 0 0 0 0 0
3909 187 0 0 0 0 0 0 0 4096 0 0 0 0 0 0 0 4093 3 0 0 0 0 0
4096 0 0 0 0 0 0 0 0 4096 0 0 0 0 0 0 0 4096 0 0 0 0 0 0
4076 20 0 0 0 0 0 0 16 4080 0 0 0 0 0 0 0 4096 0 0 0 0 0 0
3927 169 0 0 0 0 0 0 27 4069 0 0 0 0 0 0 0 4090 6 0 0 0 0 0
4096 0 0 0 0 0 0 0 944 3152 0 0 0 0 0 0 0 4096 0 0 0 0 0 0
4096 0 0 0 0 0 0 0 624 3472 0 0 0 0 0 0 0 4096 0 0 0 0 0 0
4096 0 0 0 0 0 0 0 1984 2112 0 0 0 0 0 0 0 4096 0 0 0 0 0 0
4047 49 0 0 0 0 0 0 1651 2445 0 0 0 0 0 0 0 4096 0 0 0 0 0 0
4014 82 0 0 0 0 0 0 3670 426 0 0 0 0 0 0 888 3208 0 0 0 0 0 0
4096 0 0 0 0 0 0 0 4096 0 0 0 0 0 0 0 4022 74 0 0 0 0 0 0
4096 0 0 0 0 0 0 0 4096 0 0 0 0 0 0 0 4091 5 0 0 0 0 0 0
4096 0 0 0 0 0 0 0 4096 0 0 0 0 0 0 0 4096 0 0 0 0 0 0 0
4096 0 0 0 0 0 0 0 4096 0 0 0 0 0 0 0 4096 0 0 0 0 0 0 0
0 0 0 4096 0 0 0 0 0 0 0 0 4096 0 0 0 0 0 0 0 0 4096 0 0
0 0 0 4096 0 0 0 0 0 0 0 0 4096 0 0 0 0 0 0 0 0 4096 0 0
0 0 0 4096 0 0 0 0 0 0 0 0 4096 0 0 0 0 0 0 0 0 4096 0 0
5 1217 361 2513 0 0 0 0 0 257 1049 262 2528 0 0 0 0 0 1136 348 139 2473 0 0
4 4030 62 0 0 0 0 0 0 1512 2584 0 0 0 0 0 0 48 4047 1 0 0 0 0
853 3229 14 0 0 0 0 0 0 3262 833 1 0 0 0 0 0 1464 2628 4 0 0 0 0
1056 3040 0 0 0 0 0 0 0 4096 0 0 0 0 0 0 0 2464 1632 0 0 0 0 0
2040 2056 0 0 0 0 0 0 0 4096 0 0 0 0 0 0 0 3448 648 0 0 0 0 0
2560 1536 0 0 0 0 0 0 0 4096 0 0 0 0 0 0 0 4016 80 0 0 0 0 0
3408 688 0 0 0 0 0 0 0 4096 0 0 0 0 0 0 0 4096 0 0 0 0 0 0
3376 720 0 0 0 0 0 0 0 4096 0 0 0 0 0 0 0 4096 0 0 0 0 0 0
3256 840 0 0 0 0 0 0 0 4096 0 0 0 0 0 0 0 4096 0 0 0 0 0 0
3537 559 0 0 0 0 0 0 0 4096 0 0 0 0 0 0 0 4096 0 0 0 0 0 0
3383 713 0 0 0 0 0 0 131 3965 0 0 0 0 0 0 0 4096 0 0 0 0 0 0
3775 321 0 0 0 0 0 0 79 4017 0 0 0 0 0 0 0 4096 0 0 0 0 0 0
4086 10 0 0 0 0 0 0 1820 2276 0 0 0 0 0 0 104 3992 0 0 0 0 0 0
4096 0 0 0 0 0 0 0 3896 200 0 0 0 0 0 0 1402 2694 0 0 0 0 0 0
4096 0 0 0 0 0 0 0 4088 8 0 0 0 0 0 0 1724 2372 0 0 0 0 0 0
4096 0 0 0 0 0 0 0 4096 0 0 0 0 0 0 0 4072 24 0 0 0 0 0 0
4096 0 0 0 0 0 0 0 4096 0 0 0 0 0 0 0 4096 0 0 0 0 0 0 0
0 1 2533 1562 0 0 0 0 0 0 13 2491 1592 0 0 0 0 0 0 2337 219 1540 0 0
0 0 2115 1727 136 115 3 0 0 0 0 2169 1691 159 77 0 0 0 0 1885 410 1662 134 5
0 0 1566 2180 178 140 32 0 0 0 0 1783 2004 167 136 6 0 0 0 1318 822 1770 147 39
0 1132 1723 1001 132 65 40 3 0 0 1264 1800 843 108 51 30 0 0 975 1875 552 595 61 38
0 2064 464 861 325 245 135 2 0 0 2338 583 655 307 185 28 0 2 2193 567 730 365 187 52
0 1991 1019 548 399 131 8 0 0 420 1896 888 584 286 21 1 0 1 2202 947 531 379 34 2
0 2220 701 619 161 194 191 10 0 1267 1123 1007 229 182 206 82 0 0 2348 905 350 166 208 119
0 2330 325 543 133 252 503 10 0 1152 1454 361 310 180 474 165 0 0 2565 237 446 166 421 261
0 2575 273 860 184 110 94 0 0 1919 793 553 552 125 145 9 0 197 2449 393 737 145 125 50
16 2697 267 653 324 81 58 0 0 2262 586 335 705 128 75 5 0 440 2261 303 775 205 75 37
0 2776 310 304 392 308 6 0 0 2200 753 238 434 320 151 0 0 1024 1808 293 349 350 270 2
0 2600 499 246 197 519 35 0 0 2112 854 343 106 405 271 5 0 1048 1704 424 189 244 478 9
24 2692 472 155 72 595 86 0 0 2430 656 224 66 406 313 1 0 1440 1434 350 137 123 571 41
280 2796 245 63 161 497 54 0 0 2847 354 168 88 421 218 0 0 2149 990 199 61 259 421 17
378 2758 104 60 259 536 1 0 0 2960 264 46 145 618 63 0 0 2489 720 44 99 507 237 0
1963 1394 123 150 354 112 0 0 64 3200 164 128 294 236 10 0 0 3031 346 117 190 337 75 0
2613 967 282 162 68 4 0 0 1032 2470 291 162 122 19 0 0 0 3297 305 307 143 44 0 0
2701 775 301 128 82 75 34 0 1824 1530 300 198 94 77 73 0 0 3126 326 321 142 85 88 8
3093 682 246 25 34 15 1 0 2144 1478 372 38 31 23 10 0 640 2875 371 133 27 36 14 0
3154 536 281 90 35 0 0 0 2635 879 445 95 42 0 0 0 1946 1492 516 114 28 0 0 0
0 0 1047 1213 478 1170 188 0 0 0 0 1499 872 799 890 36 0 0 0 886 1308 401 1364 137
0 0 523 698 629 1813 433 0 0 0 1 798 613 984 1632 68 0 0 1 680 489 670 1904 352
0 0 7 43 448 1960 1500 138 0 0 0 20 146 909 2379 642 0 0 0 17 78 540 2413 1048
0 0 3 664 216 1187 1853 173 0 0 0 499 212 456 1861 1068 0 0 0 350 327 255 1700 1464
0 0 81 1474 167 619 1495 260 0 0 0 1122 478 394 973 1129 0 0 0 743 831 253 811 1458
0 0 426 1036 137 446 1203 848 0 0 0 1068 435 306 769 1518 0 0 0 666 810 180 777 1663
0 0 948 309 131 807 915 986 0 0 0 1128 176 305 1107 1380 0 0 0 980 281 156 1110 1569
0 0 339 608 404 1390 1064 291 0 0 0 691 403 973 1317 712 0 0 0 370 590 583 1649 904
0 0 38 371 418 2219 893 157 0 0 0 279 279 1420 1731 387 0 0 0 102 334 609 2384 667
0 0 2 128 380 2129 833 624 0 0 0 60 243 1374 1527 892 0 0 0 8 151 648 2230 1059
0 0 0 2 366 1949 1475 304 0 0 0 0 98 1358 2081 559 0 0 0 0 16 647 2606 827
0 0 0 2 342 2015 1281 456 0 0 0 0 43 1530 1678 845 0 0 0 0 2 695 2270 1129
0 0 0 0 404 2105 1206 381 0 0 0 0 64 1735 1366 931 0 0 0 0 4 761 2087 1244
0 0 1 39 566 2466 1016 8 0 0 0 32 104 2044 1743 173 0 0 0 24 26 943 2542 561
0 7 28 436 1461 2014 150 0 0 0 26 289 822 2146 797 16 0 0 24 146 599 1675 1577 75
0 49 310 326 1222 1981 206 2 0 52 309 211 626 2015 880 3 0 62 314 193 308 1654 1505 60
232 649 794 699 722 951 49 0 47 809 782 658 447 1100 253 0 7 817 799 642 247 947 635 2
45 1078 1229 464 188 416 667 9 44 1026 1252 482 184 177 808 123 77 1269 1039 435 157 95 745 279
173 1006 1878 889 134 8 8 0 102 979 1924 938 137 5 10 1 349 1380 1469 793 91 3 8 3
32 802 2164 883 213 2 0 0 7 724 2210 910 241 4 0 0 190 1823 1191 757 135 0 0 0
0 0 0 0 1 371 2293 1431 0 0 0 0 0 50 1411 2635 0 0 0 0 0 9 1150 2937
0 0 0 0 2 474 3074 546 0 0 0 0 0 57 1272 2767 0 0 0 0 0 10 991 3095
0 0 0 0 11 646 2320 1119 0 0 0 0 0 197 986 2913 0 0 0 0 0 17 949 3130
0 0 0 0 69 893 2168 966 0 0 0 0 4 405 1140 2547 0 0 0 0 0 65 1179 2852
0 0 0 3 230 1350 1982 531 0 0 0 0 4 875 1098 2119 0 0 0 0 3 353 1400 2340
0 0 0 0 465 2048 1573 10 0 0 0 0 0 1616 1703 777 0 0 0 0 0 740 2204 1152
0 0 0 0 534 3217 345 0 0 0 0 0 25 1896 2105 70 0 0 0 0 0 652 3165 279
0 0 0 0 936 2937 223 0 0 0 0 0 89 2736 1259 12 0 0 0 0 4 1394 2582 116
0 0 0 54 1049 2817 176 0 0 0 0 3 332 2813 944 4 0 0 0 0 149 1725 2159 63
0 0 0 139 1699 2025 230 3 0 0 0 5 768 2407 902 14 0 0 0 1 376 2127 1465 127
0 19 105 263 1355 2100 254 0 0 0 103 83 666 2433 802 9 0 0 79 61 513 1887 1433 123
0 90 517 101 627 2530 231 0 0 1 552 124 180 2100 1135 4 0 0 494 161 124 1316 1942 59
0 158 397 191 486 2449 414 1 0 103 350 235 241 1700 1449 18 0 87 271 279 210 932 2219 98
47 2167 1207 160 133 346 34 2 1 1699 1681 171 110 317 115 2 2 1321 2018 197 95 233 223 7
155 2365 1218 247 64 40 7 0 33 2254 1450 253 60 31 15 0 5 2183 1557 246 62 23 20 0
712 2160 949 240 35 0 0 0 340 2438 1042 242 34 0 0 0 29 2630 1146 257 34 0 0 0
861 1171 1482 527 50 4 1 0 613 1292 1155 971 60 4 1 0 112 1711 1118 1099 51 4 1 0
791 1944 1093 268 0 0 0 0 474 2223 1097 302 0 0 0 0 215 2368 1193 320 0 0 0 0
224 1253 1450 894 238 37 0 0 168 1305 1438 903 242 40 0 0 146 1416 1471 830 210 23 0 0
118 1451 1616 649 185 69 8 0 77 1325 1705 712 196 72 9 0 181 1553 1498 592 192 72 8 0
0 25 1041 1081 427 1141 369 12 0 19 834 1269 328 409 1102 135 8 451 1184 667 164 197 1120 305
0 17 613 1132 597 1037 609 91 0 9 427 1269 541 503 1044 303 0 170 913 817 379 239 1032 546
0 17 581 497 504 1629 832 36 0 9 423 599 446 794 1533 292 0 159 468 523 514 493 1379 560
0 18 660 296 314 1424 1255 129 0 0 581 331 207 534 1831 612 0 7 647 284 190 330 1589 1049
0 82 761 366 261 1534 1038 54 0 5 681 427 221 535 1790 437 0 10 639 431 223 275 1725 793
0 27 726 1110 551 990 656 36 0 0 504 1353 380 640 1081 138 0 12 893 966 316 476 1103 330
0 37 501 878 808 1124 722 26 0 15 468 1038 513 657 1251 154 0 40 709 984 238 408 1276 441
0 312 1032 703 769 975 291 14 0 247 1043 709 611 726 682 78 0 241 1183 730 383 432 939 188
0 366 1769 733 442 651 133 2 0 229 1666 850 389 581 360 21 0 276 1529 897 364 369 591 70
0 1075 1046 874 780 310 11 0 0 116 1802 870 727 502 79 0 0 73 1756 910 643 556 155 3
44 1888 675 775 591 123 0 0 0 635 1829 665 617 347 3 0 0 269 2135 616 605 450 21 0
39 1728 1331 604 293 71 30 0 9 786 1938 803 427 55 77 1 0 384 2095 1034 434 65 77 7
615 1032 1808 362 182 42 55 0 397 1176 1559 667 195 38 64 0 213 1347 1438 771 217 39 58 13
21 756 2087 1076 121 35 0 0 13 516 2375 1059 109 24 0 0 17 338 2598 1026 103 14 0 0
157 3245 395 213 61 19 6 0 15 3095 640 281 33 21 11 0 7 1358 2338 291 67 23 12 0
101 2366 683 874 72 0 0 0 9 2141 941 925 80 0 0 0 8 1380 1669 954 85 0 0 0
153 2189 1137 597 18 2 0 0 80 2020 1335 625 33 3 0 0 62 1849 1567 584 30 4 0 0
401 1857 925 725 188 0 0 0 277 1778 1037 748 247 9 0 0 223 1730 1103 801 231 8 0 0
188 995 1383 1027 484 19 0 0 130 963 1362 1056 567 18 0 0 92 1032 1370 1039 549 14 0 0
50 815 1035 1500 580 111 5 0 15 773 1067 1465 656 114 6 0 24 772 1106 1420 665 104 5 0
0 7 2338 1433 306 11 1 0 0 2 1250 2540 291 12 1 0 0 1559 1973 433 130 1 0 0
0 9 2015 2001 62 9 0 0 0 0 1689 2335 68 4 0 0 0 2027 1974 69 26 0 0 0
0 2 2372 1644 76 2 0 0 0 2 1708 2292 90 4 0 0 1 1975 1991 77 52 0 0 0
0 5 1821 2033 162 45 30 0 0 4 1464 2397 127 38 47 19 3 1597 2235 118 75 41 27 0
0 90 2770 1115 114 7 0 0 0 52 2307 1608 118 10 1 0 31 2674 1214 156 20 1 0 0
0 76 3071 947 2 0 0 0 0 14 2489 1587 6 0 0 0 12 2882 1197 5 0 0 0 0
0 8 3415 661 12 0 0 0 0 0 2778 1308 10 0 0 0 7 3441 635 13 0 0 0 0
0 22 2624 1286 154 10 0 0 0 11 2482 1472 128 3 0 0 12 2807 1120 149 8 0 0 0
0 11 1542 2363 157 23 0 0 0 27 2012 1942 96 19 0 0 0 1825 2055 171 38 7 0 0
0 35 902 2741 350 50 18 0 0 40 1182 2640 167 52 15 0 1 909 2556 520 64 43 3 0
8 247 680 2178 694 253 34 2 8 255 787 2275 507 239 24 1 13 500 2035 1066 276 194 12 0
69 247 380 1832 1366 158 42 2 124 713 735 1721 645 134 24 0 71 1072 1170 1352 307 101 20 3
3 94 420 1829 1577 167 6 0 2 105 490 1989 1363 141 6 0 7 159 975 2149 712 89 5 0
25 182 452 1510 1645 282 0 0 32 186 503 1673 1400 301 1 0 49 195 639 1892 1076 245 0 0
42 419 389 1808 1074 333 31 0 4 447 549 1747 990 323 36 0 10 395 954 1711 721 288 17 0
5 229 878 1374 1254 335 20 1 13 230 987 1379 1112 358 17 0 38 249 1136 1339 1024 293 17 0
2 310 866 1220 995 450 226 27 0 303 921 1235 953 437 225 22 15 458 1135 1051 880 347 199 11
37 337 699 1473 1379 155 16 0 21 290 746 1519 1344 160 16 0 39 324 734 1588 1265 132 14 0
46 195 467 2097 1261 30 0 0 33 182 476 2059 1304 42 0 0 35 183 543 2180 1120 35 0 0
5 121 497 2389 1077 7 0 0 0 103 474 2349 1160 10 0 0 3 102 505 2323 1153 10 0 0
0 0 33 1497 2540 26 0 0 0 0 34 1173 2850 39 0 0 0 2 140 1844 2094 16 0 0
0 1 98 1613 2168 216 0 0 0 1 90 1404 2278 323 0 0 0 37 233 2146 1582 98 0 0
0 3 71 1539 1976 506 1 0 0 2 54 1398 1804 835 3 0 0 17 190 1875 1566 447 1 0
0 15 476 1621 1851 133 0 0 0 8 438 1559 1881 210 0 0 1 361 680 1550 1380 124 0 0
0 3 557 1649 1858 29 0 0 0 0 384 1715 1959 38 0 0 3 355 794 1608 1328 8 0 0
0 16 512 1535 1959 74 0 0 0 4 436 1537 2047 72 0 0 4 307 757 1512 1487 29 0 0
0 10 1115 1355 1553 62 1 0 0 7 1025 1625 1390 48 1 0 14 1002 773 1529 760 18 0 0
0 0 1287 1924 843 42 0 0 0 0 1365 2116 592 23 0 0 1 1520 1113 1264 197 1 0 0
0 12 838 2408 793 44 1 0 1 15 1279 2168 600 32 1 0 8 1093 1267 1456 252 20 0 0
0 4 959 1678 1329 126 0 0 0 3 1112 1513 1328 140 0 0 0 896 979 976 1166 79 0 0
0 0 675 2504 891 26 0 0 0 0 536 2619 915 26 0 0 0 547 668 2070 787 24 0 0
0 0 42 3554 492 8 0 0 0 0 55 3618 418 5 0 0 0 12 318 3485 281 0 0 0
0 0 59 3872 157 4 4 0 0 0 81 3892 115 4 4 0 0 2 294 3757 36 4 3 0
0 0 20 3695 379 2 0 0 0 0 24 3771 301 0 0 0 0 0 142 3848 106 0 0 0
0 0 12 3664 403 13 4 0 0 0 41 3824 221 8 2 0 0 1 256 3768 64 6 1 0
0 0 25 3882 189 0 0 0 0 0 81 3934 81 0 0 0 0 7 387 3686 16 0 0 0
0 0 2 3843 250 1 0 0 0 0 11 3923 161 1 0 0 0 0 38 4011 47 0 0 0
0 1 32 3962 93 6 2 0 0 1 43 3968 76 6 2 0 0 2 54 3975 58 5 2 0
0 0 8 4064 24 0 0 0 0 0 8 4063 25 0 0 0 0 0 9 4066 21 0 0 0
29 95 73 3893 6 0 0 0 15 104 67 3855 55 0 0 0 10 107 66 3791 122 0 0 0
0 0 6 1715 2373 2 0 0 0 0 2 1034 3056 4 0 0 0 0 2 1193 2897 4 0 0
0 0 9 1351 2726 10 0 0 0 0 4 955 3119 18 0 0 0 0 10 1286 2789 11 0 0
0 0 23 1249 2772 52 0 0 0 0 21 962 3027 86 0 0 0 0 27 1367 2648 54 0 0
0 0 6 896 3120 72 2 0 0 0 6 761 3247 80 2 0 0 0 8 989 3038 60 1 0
0 0 17 901 3134 43 1 0 0 0 14 844 3187 50 1 0 0 0 21 1158 2890 26 1 0
0 0 5 987 3084 20 0 0 0 0 5 959 3112 20 0 0 0 0 7 1119 2952 18 0 0
0 0 8 1207 2718 155 8 0 0 0 11 1290 2656 134 5 0 0 0 47 1975 1975 97 2 0
2 11 100 1451 2380 134 17 1 2 12 161 1879 1940 92 9 1 2 24 299 2369 1340 58 4 0
0 52 283 2214 1452 94 1 0 0 48 312 2396 1259 80 1 0 2 63 435 2656 888 52 0 0
2 64 126 999 2656 249 0 0 2 64 126 999 2656 249 0 0 2 64 126 999 2656 249 0 0
0 0 33 1371 2665 26 1 0 0 0 33 1371 2665 26 1 0 0 0 33 1371 2665 26 1 0
0 0 23 2434 1638 1 0 0 0 0 23 2434 1638 1 0 0 0 0 23 2434 1638 1 0 0
0 0 32 3004 1060 0 0 0 0 0 32 3004 1060 0 0 0 0 0 32 3004 1060 0 0 0
0 3 23 3417 634 19 0 0 0 3 22 3450 602 19 0 0 0 3 42 3252 780 19 0 0
0 0 65 3522 505 4 0 0 0 0 66 3524 502 4 0 0 0 0 65 3478 549 4 0 0
3 21 128 3505 428 11 0 0 3 21 128 3510 423 11 0 0 3 21 128 3445 488 11 0 0
0 13 139 3587 352 5 0 0 0 13 141 3598 339 5 0 0 0 13 135 3524 416 8 0 0
0 0 0 3650 446 0 0 0 0 0 1 3701 394 0 0 0 0 0 0 3336 760 0 0 0
0 0 14 3833 249 0 0 0 0 0 14 3783 299 0 0 0 0 0 14 3506 576 0 0 0
0 0 5 3869 222 0 0 0 0 0 3 3633 460 0 0 0 0 0 3 3333 760 0 0 0
