0 0 0 31 939 3126 0 0 0 0 0 0 0 0 4096 0 0 0 0 0 0 0 70 4026
0 0 0 59 768 3238 31 0 0 0 0 0 0 0 4096 0 0 0 0 0 0 0 5 4091
0 0 0 0 161 1559 2376 0 0 0 0 0 0 0 4096 0 0 0 0 0 0 0 0 4096
0 0 0 0 0 228 3868 0 0 0 0 0 0 0 4096 0 0 0 0 0 0 0 0 4096
0 0 0 0 0 95 4001 0 0 0 0 0 0 0 4088 8 0 0 0 0 0 0 0 4096
0 0 0 0 0 0 3977 119 0 0 0 0 0 0 3393 703 0 0 0 0 0 0 0 4096
0 0 0 0 0 0 2438 1658 0 0 0 0 0 0 1705 2391 0 0 0 0 0 0 0 4096
0 0 0 0 0 0 1012 3084 0 0 0 0 0 0 281 3815 0 0 0 0 0 0 0 4096
0 0 0 0 0 0 32 4064 0 0 0 0 0 0 0 4096 0 0 0 0 0 0 0 4096
0 0 0 0 0 0 298 3798 0 0 0 0 0 0 50 4046 0 0 0 0 0 0 0 4096
0 0 0 0 0 0 1254 2842 0 0 0 0 0 0 285 3811 0 0 0 0 0 0 0 4096
0 0 0 0 0 0 2997 1099 0 0 0 0 0 0 1064 3032 0 0 0 0 0 0 0 4096
0 0 0 0 0 0 1793 2303 0 0 0 0 0 0 614 3482 0 0 0 0 0 0 0 4096
0 0 0 0 0 0 2868 1228 0 0 0 0 0 0 1552 2544 0 0 0 0 0 0 0 4096
0 0 0 0 0 0 3468 628 0 0 0 0 0 0 1232 2864 0 0 0 0 0 0 0 4096
0 0 0 0 0 0 2943 1153 0 0 0 0 0 0 744 3352 0 0 0 0 0 0 0 4096
0 0 0 370 655 1771 1300 0 0 0 0 0 0 0 3890 206 0 0 0 0 0 0 0 4096
0 0 0 43 572 857 2623 1 0 0 0 0 0 0 3958 138 0 0 0 0 0 0 0 4096
0 0 0 2 362 964 2768 0 0 0 0 0 0 0 3719 377 0 0 0 0 0 0 0 4096
0 0 0 0 0 139 3957 0 0 0 0 0 0 0 2933 1163 0 0 0 0 0 0 0 4096
0 0 0 0 0 318 3693 85 0 0 0 0 0 0 2086 2010 0 0 0 0 0 0 0 4096
0 0 0 0 0 294 3802 0 0 0 0 0 0 0 1048 3048 0 0 0 0 0 0 0 4096
0 0 0 0 0 354 3742 0 0 0 0 0 0 0 927 3169 0 0 0 0 0 0 0 4096
0 0 0 0 0 135 3961 0 0 0 0 0 0 0 1206 2890 0 0 0 0 0 0 0 4096
0 0 0 0 0 0 3642 454 0 0 0 0 0 0 2154 1942 0 0 0 0 0 0 0 4096
0 0 0 0 0 0 3903 193 0 0 0 0 0 0 3629 467 0 0 0 0 0 0 0 4096
0 0 0 0 0 0 4050 46 0 0 0 0 0 0 3928 168 0 0 0 0 0 0 0 4096
0 0 0 0 0 0 4088 8 0 0 0 0 0 0 3834 262 0 0 0 0 0 0 0 4096
0 0 0 0 0 85 3952 59 0 0 0 0 0 0 3655 441 0 0 0 0 0 0 6 4090
0 0 0 0 0 0 3969 127 0 0 0 0 0 0 3402 694 0 0 0 0 0 0 0 4096
0 0 0 0 0 216 3437 443 0 0 0 0 0 0 3220 876 0 0 0 0 0 0 1 4095
0 0 0 0 0 513 2744 839 0 0 0 0 0 0 2508 1588 0 0 0 0 0 0 15 4081
0 0 0 0 9 2279 1327 481 0 0 0 0 0 0 3312 784 0 0 0 0 0 0 18 4078
0 0 0 0 0 1653 1781 662 0 0 0 0 0 0 3029 1067 0 0 0 0 0 0 2 4094
0 0 0 0 0 1279 2408 409 0 0 0 0 0 0 3177 919 0 0 0 0 0 0 4 4092
0 0 0 0 0 443 2951 702 0 0 0 0 0 0 2192 1904 0 0 0 0 0 0 3 4093
0 0 0 0 0 733 3290 73 0 0 0 0 0 0 2648 1448 0 0 0 0 0 0 0 4096
0 0 0 0 0 1699 2392 5 0 0 0 0 0 0 2356 1740 0 0 0 0 0 0 0 4096
0 0 0 0 0 1355 2706 35 0 0 0 0 0 0 2539 1557 0 0 0 0 0 0 2 4094
0 0 0 0 0 1770 1573 753 0 0 0 0 0 0 2609 1487 0 0 0 0 0 0 3 4093
0 0 0 0 0 1090 2304 702 0 0 0 0 0 0 2721 1375 0 0 0 0 0 0 23 4073
0 0 0 0 0 211 3840 45 0 0 0 0 0 0 4018 78 0 0 0 0 0 0 10 4086
0 0 0 0 0 405 3691 0 0 0 0 0 0 0 4096 0 0 0 0 0 0 0 64 4032
0 0 0 0 0 443 3649 4 0 0 0 0 0 0 4089 7 0 0 0 0 0 0 174 3922
0 0 0 0 0 114 3682 300 0 0 0 0 0 0 3726 370 0 0 0 0 0 0 38 4058
0 0 0 0 0 5 3584 507 0 0 0 0 0 0 3505 591 0 0 0 0 0 0 0 4096
0 0 0 0 0 113 3321 662 0 0 0 0 0 0 3271 825 0 0 0 0 0 0 2 4094
0 0 0 0 0 882 2565 649 0 0 0 0 0 0 3149 947 0 0 0 0 0 0 0 4096
0 0 353 1800 1082 861 0 0 0 0 0 0 1236 911 1949 0 0 0 0 0 0 691 1228 2177
0 0 35 2021 236 1804 0 0 0 0 0 0 971 1087 2038 0 0 0 0 0 0 472 1312 2312
0 0 0 1928 71 1962 135 0 0 0 0 0 444 1511 2141 0 0 0 0 0 0 181 1513 2402
0 0 0 1353 603 1876 264 0 0 0 0 0 67 1838 2191 0 0 0 0 0 0 57 1556 2483
0 0 0 652 1450 1228 766 0 0 0 0 0 3 2058 2035 0 0 0 0 0 0 38 1584 2474
0 0 0 609 1568 1869 50 0 0 0 0 0 0 2165 1931 0 0 0 0 0 0 0 1866 2230
0 0 0 526 1691 1823 56 0 0 0 0 0 0 2118 1978 0 0 0 0 0 0 0 2047 2049
0 0 0 498 2033 1565 0 0 0 0 0 0 1 2174 1921 0 0 0 0 0 0 0 2007 2089
0 0 0 876 1311 1766 143 0 0 0 0 0 117 2051 1927 1 0 0 0 0 0 17 2314 1765
0 0 4 1636 607 1422 415 12 0 0 0 1 1199 1048 1819 29 0 0 0 0 23 684 1977 1412
0 0 177 1339 652 1266 654 8 0 0 0 18 1848 336 1886 8 0 0 0 0 447 1504 674 1471
0 0 544 1457 327 401 1367 0 0 0 0 332 1921 80 1758 5 0 0 0 27 1151 1136 614 1168
0 1 1214 1019 227 48 1586 1 0 0 0 873 1543 63 1596 21 0 0 0 84 1747 636 742 887
0 0 615 1537 601 70 1273 0 0 0 0 620 1902 262 1257 55 0 0 3 404 1901 470 273 1045
0 5 907 1039 987 93 1064 1 0 0 435 640 1465 460 1050 46 0 0 12 1288 1493 202 55 1046
0 1343 984 661 133 228 747 0 0 545 1350 584 581 72 936 28 0 1217 295 920 583 113 43 925
0 0 565 3528 3 0 0 0 0 0 0 0 3882 214 0 0 0 0 0 0 4 3989 103 0
0 0 116 3980 0 0 0 0 0 0 0 0 3403 693 0 0 0 0 0 0 0 3933 163 0
0 0 25 3906 165 0 0 0 0 0 0 0 1835 2261 0 0 0 0 0 0 0 3396 700 0
0 0 0 3143 953 0 0 0 0 0 0 0 604 3492 0 0 0 0 0 0 0 2991 1105 0
0 0 0 2119 1977 0 0 0 0 0 0 0 218 3878 0 0 0 0 0 0 0 2566 1530 0
0 0 0 1091 3005 0 0 0 0 0 0 0 58 4037 1 0 0 0 0 0 0 1952 2144 0
0 0 0 310 3784 2 0 0 0 0 0 0 17 4079 0 0 0 0 0 0 0 1309 2787 0
0 0 0 209 3871 12 4 0 0 0 0 0 9 4072 14 1 0 0 0 0 0 712 3377 7
0 0 0 340 3739 17 0 0 0 0 0 0 23 4063 10 0 0 0 0 0 0 751 3345 0
0 0 0 458 3452 105 46 35 0 0 0 0 28 3868 131 69 0 0 0 0 0 521 3489 86
0 0 33 1514 2183 146 139 81 0 0 1 185 394 3166 227 123 0 0 3 307 237 641 2758 150
0 0 172 2037 1493 249 95 50 0 0 0 493 583 2709 235 76 0 0 32 447 747 616 2167 87
0 7 476 1304 1244 606 289 170 0 0 31 908 577 1797 539 244 0 2 166 1060 609 846 1164 249
0 180 2396 904 386 143 52 35 0 86 1221 1664 639 371 67 48 1 167 379 2901 360 144 85 59
3 1395 2644 48 1 0 0 5 0 667 2808 613 3 0 0 5 17 1288 929 1850 7 0 1 4
25 3290 780 1 0 0 0 0 0 2381 1709 6 0 0 0 0 19 3398 640 39 0 0 0 0
0 16 1803 2273 3 1 0 0 0 0 0 10 3660 424 2 0 0 0 0 0 153 3926 16 1
0 1 776 3318 1 0 0 0 0 0 0 8 3134 954 0 0 0 0 0 0 67 3961 68 0
0 1 352 3704 34 5 0 0 0 0 0 1 2212 1877 6 0 0 0 0 0 33 3880 180 3
0 0 39 3694 363 0 0 0 0 0 0 0 1151 2945 0 0 0 0 0 0 7 3772 317 0
0 0 20 2980 1095 1 0 0 0 0 0 0 447 3648 1 0 0 0 0 0 9 3574 512 1
0 1 12 1829 2253 1 0 0 0 0 0 0 173 3922 1 0 0 0 0 0 11 3077 1008 0
0 0 56 1212 2825 3 0 0 0 0 0 0 142 3947 7 0 0 0 0 0 27 2337 1732 0
0 0 31 1054 3009 2 0 0 0 0 0 0 66 3979 51 0 0 0 0 0 11 2162 1923 0
0 0 21 1167 2878 29 1 0 0 0 0 0 34 3825 236 1 0 0 0 0 1 1985 2109 1
0 0 40 1326 2679 49 2 0 0 0 0 0 23 3716 350 7 0 0 0 0 4 2362 1718 12
0 0 40 1672 1953 264 72 95 0 0 0 0 25 3344 580 147 0 0 0 0 8 2861 1077 150
0 149 198 1932 1182 476 94 65 0 38 218 9 78 3155 496 102 0 149 106 11 22 3047 681 80
8 1550 376 754 982 190 120 116 1 588 1304 18 24 1690 309 162 4 1508 382 13 23 1413 599 154
17 3493 286 133 99 26 24 18 1 2141 1643 16 18 197 49 31 36 3345 402 18 11 146 105 33
25 3683 386 2 0 0 0 0 1 2901 1191 3 0 0 0 0 54 3637 404 1 0 0 0 0
248 3739 109 0 0 0 0 0 8 3283 805 0 0 0 0 0 329 3617 150 0 0 0 0 0
3 490 2992 611 0 0 0 0 0 0 0 77 3832 187 0 0 0 0 0 0 831 3260 5 0
4 314 2488 1290 0 0 0 0 0 0 0 16 3590 490 0 0 0 0 0 0 592 3494 10 0
0 199 1841 2054 2 0 0 0 0 0 0 10 3121 965 0 0 0 0 0 0 392 3683 21 0
1 99 1693 2303 0 0 0 0 0 0 0 5 2932 1159 0 0 0 0 0 0 289 3797 10 0
0 53 1349 2691 3 0 0 0 0 0 0 10 2611 1475 0 0 0 0 0 0 304 3783 9 0
0 12 675 3364 45 0 0 0 0 0 0 8 1621 2467 0 0 0 0 0 0 201 3879 16 0
0 6 403 3302 385 0 0 0 0 0 0 2 962 3129 3 0 0 0 0 0 168 3905 23 0
0 0 66 1596 2314 94 22 4 0 0 0 0 1057 2948 85 6 0 0 0 0 478 3487 124 7
0 1 2 283 1852 618 601 739 0 1 2 4 300 1776 989 1024 0 1 1 5 174 2074 930 911
2 74 226 224 826 825 703 1216 0 33 230 214 317 1038 894 1370 1 34 226 240 344 1045 836 1370
1 143 936 216 583 1082 563 572 0 87 991 180 361 1105 713 659 1 278 812 149 393 1160 685 618
1 2503 1205 8 18 76 123 162 0 835 2872 10 11 43 114 211 0 2622 1079 15 13 47 123 197
6 3613 477 0 0 0 0 0 0 2089 2007 0 0 0 0 0 83 3710 303 0 0 0 0 0
62 3737 297 0 0 0 0 0 0 3024 1072 0 0 0 0 0 164 3768 164 0 0 0 0 0
148 3842 106 0 0 0 0 0 5 3524 567 0 0 0 0 0 330 3726 40 0 0 0 0 0
219 3745 123 9 0 0 0 0 27 3585 467 17 0 0 0 0 393 3607 88 8 0 0 0 0
54 2884 1106 47 4 1 0 0 0 0 0 42 3916 134 4 0 0 0 0 0 2625 1464 7 0
67 2325 1591 109 4 0 0 0 0 0 0 13 3451 626 6 0 0 0 0 0 2128 1953 15 0
107 1514 2090 360 13 4 5 3 0 0 0 4 2785 1291 11 5 0 0 0 0 1734 2335 19 8
45 993 2367 655 8 9 10 9 0 0 0 17 2973 1076 13 17 0 0 0 3 1587 2467 18 21
0 368 2293 1427 8 0 0 0 0 0 0 5 2571 1520 0 0 0 0 0 1 1490 2602 3 0
10 156 1577 2347 6 0 0 0 0 0 0 18 2610 1467 1 0 0 0 0 8 1705 2381 2 0
0 67 901 2906 220 1 1 0 0 0 0 41 2270 1781 3 1 0 0 0 19 1697 2377 2 1
3 9 169 1952 1725 230 8 0 0 0 0 34 1880 2052 128 2 0 0 0 14 1514 2410 147 11
6 105 165 379 1388 1681 291 81 0 42 174 208 602 1902 1049 119 0 20 132 167 374 1395 1655 353
13 297 633 600 1189 1086 276 2 0 183 657 545 1109 654 935 13 0 94 646 524 1036 469 1010 317
2 316 2151 538 957 118 14 0 0 309 2214 413 843 289 28 0 1 755 1840 294 701 465 23 17
0 1350 2725 21 0 0 0 0 0 653 3381 62 0 0 0 0 6 2101 1983 6 0 0 0 0
12 3191 893 0 0 0 0 0 1 2244 1846 5 0 0 0 0 82 3750 264 0 0 0 0 0
74 3944 78 0 0 0 0 0 1 3632 463 0 0 0 0 0 153 3910 33 0 0 0 0 0
62 3426 600 7 1 0 0 0 14 2970 1096 15 1 0 0 0 148 3471 470 6 1 0 0 0
172 3390 532 2 0 0 0 0 35 3144 895 22 0 0 0 0 256 3435 403 2 0 0 0 0
47 3793 235 16 5 0 0 0 0 0 0 3 3802 288 3 0 0 0 0 0 3680 411 5 0
131 2378 1372 209 4 2 0 0 0 0 0 0 2118 1968 10 0 0 0 0 1 3608 480 6 1
28 612 2449 977 23 6 1 0 0 0 0 0 1366 2711 17 2 0 0 0 6 3460 618 11 1
1 210 2021 1847 17 0 0 0 0 0 0 78 2085 1930 3 0 0 0 0 26 3322 745 3 0
0 110 1933 2050 3 0 0 0 0 0 0 920 3152 24 0 0 0 0 0 320 3548 228 0 0
0 24 626 3404 42 0 0 0 0 0 1 511 3527 57 0 0 0 0 0 165 3582 349 0 0
0 0 287 3433 371 5 0 0 0 0 0 95 3682 317 2 0 0 0 0 63 3378 645 10 0
0 0 50 1909 1998 137 2 0 0 0 0 17 2050 1867 162 0 0 0 0 13 1679 2015 385 4
10 136 287 413 1652 1474 122 2 0 63 317 187 612 1991 921 5 0 39 292 186 386 1479 1515 199
25 558 807 545 861 1161 139 0 1 348 947 505 585 842 865 3 1 261 982 473 557 479 1142 201
9 595 1776 922 630 150 14 0 1 525 1799 741 722 264 44 0 2 679 1607 613 764 298 124 9
8 2192 1874 22 0 0 0 0 0 1341 2704 51 0 0 0 0 67 2646 1374 9 0 0 0 0
57 3500 539 0 0 0 0 0 7 2911 1162 16 0 0 0 0 165 3667 264 0 0 0 0 0
178 3372 513 33 0 0 0 0 38 3236 792 30 0 0 0 0 212 3507 370 7 0 0 0 0
98 2867 1106 25 0 0 0 0 29 2628 1402 36 1 0 0 0 165 3253 668 10 0 0 0 0
112 2663 1295 26 0 0 0 0 41 2289 1718 48 0 0 0 0 282 3135 672 7 0 0 0 0
127 3395 566 6 1 1 0 0 0 0 0 0 3358 736 2 0 0 0 0 28 3927 139 2 0
117 2171 1257 441 67 27 14 2 0 0 0 60 2242 1714 68 12 0 0 0 42 3386 579 75 14
18 500 1595 1336 407 141 67 32 0 0 0 289 1607 1920 215 65 0 0 0 215 2866 724 196 95
0 10 1556 2423 104 3 0 0 0 0 0 474 2850 769 1 2 0 0 0 619 3438 35 4 0
0 0 333 3658 105 0 0 0 0 0 0 506 3509 81 0 0 0 0 0 445 3532 119 0 0
0 0 376 2396 1220 103 1 0 0 0 1 506 2285 1227 77 0 0 0 0 279 2023 1557 232 5
0 3 162 1905 1672 354 0 0 0 0 0 93 1566 2032 405 0 0 0 0 35 1221 1807 1000 33
1 26 131 450 1107 1900 481 0 0 7 98 78 338 1295 2269 11 0 0 63 94 249 693 1818 1179
6 130 528 834 731 1612 252 3 0 46 528 704 579 633 1579 27 0 28 429 629 561 443 1179 827
11 343 676 772 680 1413 199 2 2 168 758 677 427 827 1225 12 0 106 739 576 478 367 1434 396
3 483 2425 656 403 116 10 0 0 743 2298 445 397 180 33 0 27 1803 1229 339 318 280 90 10
52 2881 1131 32 0 0 0 0 3 2139 1908 46 0 0 0 0 157 3342 592 5 0 0 0 0
160 3472 463 0 1 0 0 0 18 3169 900 8 1 0 0 0 176 3511 408 0 1 0 0 0
213 2909 907 66 1 0 0 0 73 2606 1311 104 2 0 0 0 229 2928 908 31 0 0 0 0
549 2803 736 8 0 0 0 0 236 2771 1069 20 0 0 0 0 608 2963 522 3 0 0 0 0
254 2871 969 2 0 0 0 0 95 2456 1536 9 0 0 0 0 353 3302 440 1 0 0 0 0
45 2305 1533 205 8 0 0 0 0 0 149 2265 1634 48 0 0 1 81 411 1688 1892 23 0 0
23 2860 1104 87 22 0 0 0 0 0 4 2624 1415 52 1 0 0 0 25 1625 2322 114 10 0
4 2198 1843 49 2 0 0 0 0 0 3 2187 1895 11 0 0 0 0 2 1321 2753 20 0 0
0 230 3250 600 16 0 0 0 0 0 6 2231 1840 19 0 0 0 0 7 1895 2163 31 0 0
0 19 1871 2170 36 0 0 0 0 0 0 247 3482 366 1 0 0 0 0 492 2871 711 22 0
0 1 468 2587 902 138 0 0 0 0 0 0 1516 2280 300 0 0 0 0 5 1060 2154 865 12
0 7 91 1242 1567 1118 71 0 0 1 14 56 623 2206 1190 6 0 0 8 37 304 1534 1898 315
1 377 1224 860 566 970 97 1 0 182 1277 852 245 619 911 10 2 244 1233 764 192 295 898 468
3 329 991 1941 255 550 27 0 0 290 974 1970 106 360 396 0 7 447 844 1832 163 118 579 106
9 336 1640 873 423 757 58 0 1 429 1634 730 202 522 578 0 22 1060 1000 627 188 257 893 49
39 2221 1593 208 25 10 0 0 5 1692 2109 250 24 13 3 0 136 2747 1034 126 26 17 9 1
117 3161 816 2 0 0 0 0 37 2823 1216 20 0 0 0 0 134 3301 661 0 0 0 0 0
423 3100 487 83 3 0 0 0 91 3192 713 96 4 0 0 0 465 3155 441 35 0 0 0 0
176 2679 1160 81 0 0 0 0 69 2432 1503 92 0 0 0 0 232 2991 853 20 0 0 0 0
456 2599 1006 31 4 0 0 0 216 2564 1262 50 4 0 0 0 492 2975 617 12 0 0 0 0
1207 2174 705 10 0 0 0 0 698 2215 1148 35 0 0 0 0 1449 2234 412 1 0 0 0 0
4 597 2919 573 3 0 0 0 0 50 2031 1971 44 0 0 0 323 2912 577 274 10 0 0 0
1 753 2934 401 7 0 0 0 0 7 780 2912 389 8 0 0 179 1986 566 922 427 16 0 0
0 326 2710 987 72 1 0 0 0 2 489 2507 1039 58 1 0 146 1515 469 1023 855 86 2 0
5 283 2144 1235 381 47 1 0 0 0 226 2181 1339 331 19 0 72 1166 371 957 1077 393 60 0
4 570 2285 956 251 28 2 0 0 0 34 1367 2177 498 20 0 6 121 182 981 1973 714 116 3
0 94 1098 1387 1010 466 40 1 0 20 268 897 1215 1268 426 2 0 12 179 755 1089 1074 867 120
0 10 290 1151 1447 1052 144 2 0 1 76 494 1117 1550 833 25 12 62 157 437 803 1256 1132 237
0 86 1581 1232 723 431 43 0 0 35 812 1904 580 594 169 2 88 1535 798 441 370 458 369 37
4 140 2724 1208 20 0 0 0 2 102 2029 1932 31 0 0 0 44 976 2259 816 1 0 0 0
0 455 2580 1055 6 0 0 0 0 595 2180 1313 8 0 0 0 65 1322 1508 1200 1 0 0 0
64 2932 1091 9 0 0 0 0 1 2582 1496 17 0 0 0 0 170 3415 511 0 0 0 0 0
249 3431 413 3 0 0 0 0 69 3202 815 10 0 0 0 0 383 3456 256 1 0 0 0 0
325 2561 1144 65 1 0 0 0 76 2479 1445 96 0 0 0 0 461 2826 784 25 0 0 0 0
407 2649 955 76 9 0 0 0 79 2392 1483 135 7 0 0 0 754 2879 433 29 1 0 0 0
815 2392 766 115 8 0 0 0 304 1490 1813 483 6 0 0 0 1221 2431 429 15 0 0 0 0
1443 2349 301 3 0 0 0 0 893 2195 954 54 0 0 0 0 1725 2251 119 1 0 0 0 0
