0 0 0 0 174 3765 157 0 0 0 0 0 6 3712 378 0 0 0 0 0 0 0 4037 59
0 0 0 0 260 3584 252 0 0 0 0 0 21 3539 536 0 0 0 0 0 0 0 4037 59
0 0 0 0 543 3423 130 0 0 0 0 0 78 3760 258 0 0 0 0 0 0 0 4029 67
0 0 0 0 55 3828 213 0 0 0 0 0 0 3691 405 0 0 0 0 0 0 0 4038 58
0 0 0 1512 1740 844 0 0 0 0 0 1 2777 1318 0 0 0 0 0 0 0 773 3323 0
1 234 304 158 2171 1228 0 0 0 167 359 33 1852 1685 0 0 0 21 448 67 32 367 3161 0
2 644 1051 246 852 1276 22 3 4 705 982 168 645 1555 23 14 0 171 1471 73 50 419 1878 34
0 306 1505 275 668 1340 2 0 0 373 1429 205 650 1436 3 0 0 28 940 852 145 539 1589 3
209 733 580 1379 1185 10 0 0 189 738 593 112 2378 86 0 0 87 685 719 64 56 1958 527 0
100 381 275 1372 1603 195 121 49 92 381 197 461 2450 315 108 92 3 255 300 189 397 2395 401 156
544 1243 737 1054 459 48 9 2 487 1270 460 1035 743 81 17 3 19 1212 670 585 817 705 75 13
83 337 350 724 1921 362 279 40 54 332 263 498 2119 547 236 47 0 130 349 318 462 2176 523 138
967 1215 493 498 226 171 308 218 848 1265 435 434 359 194 295 266 524 1213 602 287 333 427 303 407
0 15 48 1308 741 608 979 397 0 14 30 669 1214 654 1006 509 0 10 26 13 661 1397 1026 963
0 52 177 1538 693 558 805 273 0 2 183 950 1269 669 732 291 0 0 73 145 1153 1417 854 454
0 0 0 98 462 493 2634 409 0 0 0 7 503 2076 1224 286 0 0 0 3 1400 1516 759 418
