0 3 1168 2720 205 0 0 0 0 0 1 489 3172 434 0 0 0 0 0 0 32 740 3324 0
0 52 499 2390 1155 0 0 0 0 0 19 275 2455 1347 0 0 0 0 0 0 104 291 3701 0
110 308 530 2319 819 10 0 0 81 226 445 235 2316 792 1 0 67 181 361 170 156 262 2896 3
517 917 1073 1205 369 15 0 0 401 829 556 494 1402 412 2 0 364 771 415 260 282 299 1699 6
19 2396 690 242 216 244 251 38 0 22 2343 790 259 253 314 115 0 0 55 1195 1875 340 384 247
22 1647 762 306 208 298 681 172 7 103 1698 725 302 248 576 437 1 66 113 997 1369 382 521 647
862 1526 821 285 282 182 109 29 764 1359 947 306 288 231 165 36 585 1354 918 376 294 292 215 62
1988 1253 260 149 136 143 157 10 1517 1568 340 184 132 154 184 17 1331 1615 439 190 133 149 219 20
76 2123 1282 375 175 53 12 0 0 93 2228 1253 335 150 37 0 0 0 672 2246 776 283 108 11
36 552 1200 708 643 566 386 5 30 201 719 1051 776 635 639 45 25 179 130 1121 878 788 738 237
482 1581 822 394 283 214 277 43 374 1300 969 466 355 241 319 72 282 1193 789 670 402 316 327 117
175 1059 976 749 445 244 283 165 153 633 1143 876 503 278 310 200 148 405 1169 883 539 356 347 249
1418 1867 446 53 24 36 243 9 1 1691 1693 375 36 35 254 11 0 439 2451 759 135 38 265 9
2 621 805 558 426 337 1269 78 0 48 826 758 558 422 1328 156 0 25 475 884 625 494 1464 129
53 891 734 308 282 599 989 240 29 627 794 421 279 353 1033 560 21 573 716 414 304 314 986 768
458 1244 1187 926 196 12 6 67 403 1317 1255 909 132 7 5 68 375 1366 1354 842 83 4 9 63
