12 144 779 2602 408 112 36 3 0 72 63 249 1727 1802 139 44 0 44 74 48 270 1607 1933 120
1 103 995 2738 249 10 0 0 0 25 55 342 2216 1432 24 2 0 13 48 33 284 1724 1926 68
0 82 765 3018 231 0 0 0 0 0 19 249 2022 1802 4 0 0 0 0 23 173 1379 2454 67
0 45 784 3074 193 0 0 0 0 0 6 186 1926 1978 0 0 0 0 0 5 138 1268 2612 73
1257 1403 658 168 141 222 178 69 974 1495 709 244 90 143 221 220 686 1796 698 189 110 115 216 286
368 961 533 349 360 311 492 722 267 929 528 238 255 406 364 1109 31 924 689 247 186 279 497 1243
0 25 101 467 505 417 897 1684 0 2 53 87 306 623 553 2472 0 0 31 80 90 300 801 2794
0 15 266 734 780 832 774 695 0 0 2 136 673 798 974 1513 0 0 0 7 141 728 1166 2054
3261 765 69 1 0 0 0 0 2718 1233 143 2 0 0 0 0 2680 1315 101 0 0 0 0 0
2897 620 262 94 67 69 67 20 2716 711 295 125 58 52 66 73 2440 1010 260 123 53 60 61 89
584 653 387 230 358 593 655 636 546 713 288 191 196 367 672 1123 439 855 239 145 182 269 595 1372
17 247 309 341 676 723 979 804 29 140 243 271 276 675 774 1688 21 114 167 238 270 343 934 2009
1683 1973 438 2 0 0 0 0 1906 1931 253 6 0 0 0 0 2231 1774 91 0 0 0 0 0
1545 2150 378 12 4 6 1 0 1876 2087 114 8 4 6 1 0 1755 2262 63 5 4 5 2 0
1334 1675 292 40 22 22 65 646 1409 1721 168 37 22 24 39 676 1190 1950 160 36 21 22 40 677
211 969 654 311 284 288 298 1081 220 1089 479 240 210 268 312 1278 104 1143 518 205 185 240 326 1375
