0 0 0 0 1713 2383 0 0 0 0 0 0 0 4096 0 0 0 0 0 0 0 2001 2095 0
0 0 0 0 127 3867 102 0 0 0 0 0 0 3315 781 0 0 0 0 0 0 93 4003 0
0 0 0 0 0 3421 596 79 0 0 0 0 0 434 3529 133 0 0 0 0 0 0 4094 2
0 0 0 0 2 2463 1503 128 0 0 0 0 0 7 3778 311 0 0 0 0 0 2 4093 1
446 2200 148 84 102 1116 0 0 181 2487 135 65 82 1142 4 0 1533 1209 87 57 69 1129 12 0
305 1458 225 464 342 702 600 0 147 1661 281 82 621 703 601 0 678 1337 111 47 620 864 439 0
23 624 523 274 1020 170 1462 0 20 616 633 197 1014 153 1463 0 84 763 543 159 983 288 1276 0
0 4 175 116 698 1468 1461 174 0 3 204 185 611 1437 1271 385 0 36 252 223 648 1470 1467 0
128 1710 857 431 311 286 233 140 153 1408 1209 435 302 248 209 132 660 914 1079 608 306 248 201 80
49 749 757 531 472 494 583 461 90 708 854 602 440 386 538 478 321 726 626 697 391 459 559 317
15 504 1039 652 497 400 511 478 59 516 823 880 513 319 439 547 161 635 637 966 505 337 510 345
3 197 1009 889 513 395 415 675 9 245 588 1188 623 349 315 779 31 344 573 1221 600 329 431 567
187 1860 908 494 276 192 126 53 232 1544 1332 387 247 178 134 42 956 845 1031 667 258 194 122 23
556 1782 757 228 133 101 198 341 692 1330 1016 309 128 100 153 368 1181 598 960 576 185 116 300 180
242 1090 1205 686 361 215 138 159 190 636 1291 998 459 217 138 167 248 310 1039 1342 686 220 133 118
114 859 1478 1019 414 161 48 3 10 442 1410 1393 594 190 54 3 6 239 1082 1692 852 196 27 2
