0 0 323 2310 1463 0 0 0 0 0 0 44 1111 2941 0 0 0 0 0 0 0 123 3973 0
0 0 0 3039 1057 0 0 0 0 0 0 0 1052 3044 0 0 0 0 0 0 0 29 4067 0
0 0 78 3168 850 0 0 0 0 0 0 0 1195 2901 0 0 0 0 0 0 0 75 4021 0
1 56 645 1651 1000 334 326 83 1 48 629 1583 970 357 374 134 5 458 790 1201 502 426 458 256
18 122 227 968 927 533 858 443 15 113 114 514 1130 697 833 680 12 86 141 304 913 870 766 1004
0 115 2456 1029 226 147 94 29 0 3 90 2595 990 213 153 52 0 0 28 713 2516 532 230 77
45 427 871 888 638 303 396 528 33 329 1061 986 490 258 400 539 275 628 1002 753 243 232 358 605
14 79 115 958 850 1066 778 236 12 74 58 245 1334 1157 917 299 9 64 68 123 1344 1174 934 380
1 3 1209 1352 639 514 276 102 1 0 4 1138 1832 652 342 127 1 0 1 395 2509 692 344 154
21 326 1322 1450 736 203 32 6 24 278 1433 1686 549 107 16 3 859 1808 1077 259 69 21 3 0
26 262 950 1134 561 368 444 351 21 207 931 1330 510 312 434 351 441 1249 918 302 168 228 406 384
5 121 377 335 397 722 1086 1053 4 57 354 434 356 687 1111 1093 125 443 298 114 249 669 984 1214
126 741 1236 1111 641 213 26 2 154 839 1477 1063 471 89 3 0 1500 1512 800 245 37 2 0 0
188 590 1068 1143 645 306 116 40 184 656 1198 1207 547 202 79 23 1151 1326 969 390 177 60 22 1
40 431 1156 1402 765 222 67 13 62 500 1357 1472 550 122 26 7 908 1568 1148 358 88 20 6 0
