0 235 3857 4 0 0 0 0 0 0 0 1236 2860 0 0 0 0 0 0 0 27 4069 0 0
0 389 3707 0 0 0 0 0 0 0 0 1594 2502 0 0 0 0 0 0 0 580 3516 0 0
0 770 3326 0 0 0 0 0 0 0 0 2238 1858 0 0 0 0 0 0 0 3007 1089 0 0
0 1211 2885 0 0 0 0 0 0 0 0 3182 914 0 0 0 0 0 0 0 4070 26 0 0
252 1921 1107 724 89 1 2 0 6 174 1551 1265 969 127 2 2 0 108 511 1942 824 703 6 2
5 1163 1971 908 45 4 0 0 0 4 786 1697 1458 145 6 0 0 1 127 1560 1581 819 7 1
121 1926 1647 386 16 0 0 0 16 117 1633 1241 1044 45 0 0 0 66 534 2012 1311 172 1 0
381 1323 1743 601 47 1 0 0 221 224 1061 1208 1247 134 1 0 140 216 379 1647 1412 297 5 0
94 627 1414 1572 370 16 2 1 1 85 565 1249 1599 560 34 3 0 19 350 1232 1577 830 85 3
0 44 693 2708 647 4 0 0 0 0 35 516 1725 1804 16 0 0 0 8 323 987 2635 142 1
81 172 412 2377 1033 21 0 0 25 96 141 299 1503 1971 60 1 11 83 140 225 778 2575 276 8
1803 487 467 947 361 28 3 0 1560 503 318 375 798 490 48 4 1438 549 362 335 565 689 144 14
196 140 299 1955 1490 15 1 0 152 106 94 208 1247 2233 55 1 137 112 95 155 704 2249 640 4
1047 177 1052 1385 435 0 0 0 986 121 164 890 1216 719 0 0 951 138 136 713 1129 890 139 0
2306 575 466 713 36 0 0 0 2087 665 168 414 659 103 0 0 1976 786 149 342 502 341 0 0
3485 548 62 1 0 0 0 0 3313 590 185 8 0 0 0 0 3293 629 164 9 1 0 0 0
