993 1475 1507 121 0 0 0 0 830 779 2098 389 0 0 0 0 799 595 2201 501 0 0 0 0
1546 771 896 737 146 0 0 0 1415 629 973 983 96 0 0 0 1473 621 951 1028 23 0 0 0
321 537 1602 1265 371 0 0 0 284 202 1603 1771 236 0 0 0 302 189 1579 2026 0 0 0 0
74 930 2155 931 6 0 0 0 64 66 2419 1541 6 0 0 0 64 64 2604 1364 0 0 0 0
2368 216 171 573 391 207 123 47 2366 210 141 643 459 198 62 17 2441 178 147 812 442 68 7 1
19 7 10 117 745 677 733 1788 18 9 10 176 1078 831 736 1238 22 6 15 502 1543 1158 656 194
0 0 0 0 463 657 708 2268 0 0 0 0 817 790 721 1768 0 0 0 185 1380 1038 928 565
0 0 0 547 1038 896 817 798 0 0 0 602 1429 1083 644 338 0 0 0 1606 1904 540 46 0
292 216 124 113 274 722 847 1508 356 181 134 356 918 1052 511 588 531 153 1384 1189 503 300 35 1
0 0 0 0 0 0 14 4082 0 0 0 0 44 163 198 3691 0 91 647 281 308 684 840 1245
0 0 0 34 59 55 89 3859 0 0 28 80 88 98 77 3725 3 175 365 251 200 249 652 2201
0 18 184 209 252 207 378 2848 0 12 266 476 194 550 931 1667 12 391 1058 928 894 550 263 0
958 312 1026 1178 534 79 9 0 951 314 1385 1400 46 0 0 0 1125 1048 1920 3 0 0 0 0
676 227 43 274 647 970 929 330 708 215 138 754 1277 869 135 0 907 373 1616 1149 51 0 0 0
583 242 57 148 294 450 879 1443 651 199 88 310 536 1028 769 515 868 388 752 1361 458 159 83 27
1439 222 535 1042 584 225 49 0 1459 223 657 1346 336 75 0 0 1614 660 1629 190 3 0 0 0
