0 4096 0 0 0 0 0 0 0 2 4094 0 0 0 0 0 0 0 4096 0 0 0 0 0
0 3670 426 0 0 0 0 0 0 0 4096 0 0 0 0 0 0 0 4096 0 0 0 0 0
0 247 3849 0 0 0 0 0 0 0 4096 0 0 0 0 0 0 0 3243 853 0 0 0 0
0 0 4096 0 0 0 0 0 0 0 3518 578 0 0 0 0 0 0 334 3762 0 0 0 0
0 0 4096 0 0 0 0 0 0 0 180 3916 0 0 0 0 0 0 0 4072 24 0 0 0
0 0 4086 10 0 0 0 0 0 0 0 4096 0 0 0 0 0 0 0 1150 2946 0 0 0
0 0 1636 2460 0 0 0 0 0 0 0 1055 3041 0 0 0 0 0 0 0 3566 530 0 0
0 0 707 3176 213 0 0 0 0 0 0 0 3896 200 0 0 0 0 0 0 266 3830 0 0
0 0 0 341 3755 0 0 0 0 0 0 0 419 3677 0 0 0 0 0 0 0 4096 0 0
0 0 673 1002 2421 0 0 0 0 0 0 349 1283 2464 0 0 0 0 0 0 0 4096 0 0
0 0 78 358 2579 1081 0 0 0 0 0 31 369 3061 635 0 0 0 0 0 0 3078 1018 0
0 0 0 0 62 4023 11 0 0 0 0 0 0 208 3888 0 0 0 0 0 0 37 4059 0
0 0 0 0 0 1319 2777 0 0 0 0 0 0 0 3654 442 0 0 0 0 0 0 4096 0
0 0 0 0 0 0 4096 0 0 0 0 0 0 0 1089 3007 0 0 0 0 0 0 3348 748
0 0 0 0 0 2305 1791 0 0 0 0 0 0 0 3784 312 0 0 0 0 0 0 3970 126
0 11 35 40 51 3868 91 0 0 4 26 33 36 68 3921 8 0 7 26 28 37 71 3910 17
42 355 466 435 496 1588 707 7 14 235 425 392 429 466 1802 333 32 294 401 388 409 458 1791 323
12 262 494 301 237 2607 170 13 2 155 419 337 221 399 2458 105 31 198 425 308 205 189 2649 91
0 4 45 34 1859 2154 0 0 0 1 21 32 32 3249 761 0 0 1 30 26 30 536 3473 0
0 0 0 0 4096 0 0 0 0 0 0 0 0 4096 0 0 0 0 0 0 0 4002 94 0
0 0 0 2581 1515 0 0 0 0 0 0 0 2505 1591 0 0 0 0 0 0 0 4096 0 0
0 0 46 4050 0 0 0 0 0 0 0 6 4090 0 0 0 0 0 0 0 197 3899 0 0
0 1 1367 2728 0 0 0 0 0 0 0 1220 2876 0 0 0 0 0 0 0 1505 2591 0 0
0 0 465 2835 796 0 0 0 0 0 0 455 3175 466 0 0 0 0 0 0 1515 2581 0 0
0 0 26 1119 2951 0 0 0 0 0 0 115 2939 1042 0 0 0 0 0 0 718 3378 0 0
0 3261 835 0 0 0 0 0 0 0 4096 0 0 0 0 0 0 0 3852 244 0 0 0 0
0 1072 3024 0 0 0 0 0 0 0 4024 72 0 0 0 0 0 0 2414 1682 0 0 0 0
0 0 4096 0 0 0 0 0 0 0 3129 967 0 0 0 0 0 0 455 3641 0 0 0 0
0 0 4096 0 0 0 0 0 0 0 775 3321 0 0 0 0 0 0 0 3929 167 0 0 0
0 0 4096 0 0 0 0 0 0 0 0 4094 2 0 0 0 0 0 0 1845 2251 0 0 0
0 0 3498 598 0 0 0 0 0 0 0 2315 1781 0 0 0 0 0 0 22 4074 0 0 0
0 0 239 3857 0 0 0 0 0 0 0 0 4096 0 0 0 0 0 0 0 2159 1937 0 0
0 0 468 2907 721 0 0 0 0 0 0 0 3051 1045 0 0 0 0 0 0 0 4096 0 0
0 0 0 904 3192 0 0 0 0 0 0 0 59 4037 0 0 0 0 0 0 0 4096 0 0
0 0 0 174 3922 0 0 0 0 0 0 0 0 4096 0 0 0 0 0 0 0 4096 0 0
0 0 0 0 3475 621 0 0 0 0 0 0 0 3738 358 0 0 0 0 0 0 3456 640 0
0 0 0 0 1926 2170 0 0 0 0 0 0 0 2056 2040 0 0 0 0 0 0 624 3472 0
0 0 0 0 994 3030 72 0 0 0 0 0 0 913 3183 0 0 0 0 0 0 0 4096 0
0 0 0 0 587 2800 709 0 0 0 0 0 0 534 3558 4 0 0 0 0 0 137 3959 0
0 0 0 0 861 3221 14 0 0 0 0 0 0 765 3331 0 0 0 0 0 0 96 4000 0
0 0 0 387 1025 2684 0 0 0 0 0 0 25 1311 2760 0 0 0 0 0 0 286 3810 0
5 91 299 871 1141 1367 320 2 1 25 144 182 555 1529 1504 156 2 38 131 178 270 472 2839 166
248 1449 1137 539 376 253 89 5 162 1241 1114 614 409 303 184 69 839 977 837 526 391 280 194 52
874 1749 871 254 304 44 0 0 694 1612 1003 302 156 265 64 0 1736 977 702 221 135 175 150 0
137 1280 1287 492 898 2 0 0 76 896 1236 564 399 921 4 0 489 908 859 433 340 962 105 0
173 1448 990 1473 12 0 0 0 71 1228 797 332 1615 53 0 0 930 691 476 239 269 1491 0 0
12 142 1397 2545 0 0 0 0 1 60 176 494 3365 0 0 0 19 78 121 83 101 3694 0 0
0 3 1308 2785 0 0 0 0 0 0 0 384 3712 0 0 0 0 0 0 0 0 4096 0 0
0 179 1447 1641 829 0 0 0 0 0 0 1464 2172 460 0 0 0 0 0 0 44 4052 0 0
0 35 1922 1464 675 0 0 0 0 0 0 1709 2001 386 0 0 0 0 0 0 1118 2833 145 0
0 28 4068 0 0 0 0 0 0 0 4096 0 0 0 0 0 0 0 1260 2836 0 0 0 0
0 0 4096 0 0 0 0 0 0 0 2241 1855 0 0 0 0 0 0 0 4096 0 0 0 0
0 0 4096 0 0 0 0 0 0 0 0 4096 0 0 0 0 0 0 0 2819 1277 0 0 0
0 0 4087 9 0 0 0 0 0 0 0 3901 195 0 0 0 0 0 0 8 4088 0 0 0
0 0 2736 1360 0 0 0 0 0 0 0 1123 2973 0 0 0 0 0 0 0 3734 362 0 0
0 0 326 2866 904 0 0 0 0 0 0 0 2717 1305 74 0 0 0 0 0 1125 2415 556 0
0 0 0 2284 1812 0 0 0 0 0 0 0 1429 2538 129 0 0 0 0 0 115 2258 1723 0
0 0 0 2841 1255 0 0 0 0 0 0 0 733 3363 0 0 0 0 0 0 0 2117 1979 0
0 0 0 3951 145 0 0 0 0 0 0 0 472 3624 0 0 0 0 0 0 0 2607 1489 0
0 0 0 3586 510 0 0 0 0 0 0 0 351 3745 0 0 0 0 0 0 0 4096 0 0
0 0 0 1271 2825 0 0 0 0 0 0 0 0 4096 0 0 0 0 0 0 0 3990 106 0
0 0 0 814 3282 0 0 0 0 0 0 0 0 4096 0 0 0 0 0 0 0 3754 342 0
0 0 0 825 3271 0 0 0 0 0 0 0 0 4096 0 0 0 0 0 0 0 2415 1681 0
0 0 255 1163 2678 0 0 0 0 0 0 0 0 4096 0 0 0 0 0 0 0 1436 2576 84
0 0 1476 1263 1357 0 0 0 0 0 0 0 93 4003 0 0 0 0 0 0 0 409 3440 247
6 112 3096 870 12 0 0 0 0 0 47 112 3028 909 0 0 0 0 14 38 86 183 3289 486
611 1112 2001 358 14 0 0 0 270 669 849 518 1574 216 0 0 382 570 627 438 312 342 1387 38
1812 1724 438 102 20 0 0 0 1188 1992 614 196 82 24 0 0 2341 990 438 175 97 47 7 1
1305 2585 206 0 0 0 0 0 993 2776 327 0 0 0 0 0 3738 331 27 0 0 0 0 0
1201 2418 451 26 0 0 0 0 658 2456 856 118 8 0 0 0 2310 1217 424 117 26 2 0 0
1699 2066 327 4 0 0 0 0 1017 2440 586 53 0 0 0 0 2729 1063 273 31 0 0 0 0
118 990 1131 1640 212 5 0 0 31 547 971 543 1134 864 6 0 268 570 679 455 331 1318 475 0
0 7 791 2556 742 0 0 0 0 0 0 268 2036 1792 0 0 0 0 0 0 0 2790 1306 0
0 95 1475 1799 727 0 0 0 0 0 0 1019 1376 1701 0 0 0 0 0 0 0 3802 294 0
0 0 265 2021 1810 0 0 0 0 0 0 0 1691 2405 0 0 0 0 0 0 0 3268 828 0
0 0 4096 0 0 0 0 0 0 0 2956 1140 0 0 0 0 0 0 219 3783 94 0 0 0
0 0 3913 183 0 0 0 0 0 0 382 3358 356 0 0 0 0 0 0 2994 1102 0 0 0
0 0 2522 1574 0 0 0 0 0 0 0 2314 1622 160 0 0 0 0 0 595 2435 1066 0 0
0 0 1059 1630 1407 0 0 0 0 0 0 551 1872 1673 0 0 0 0 0 0 1668 2187 241 0
0 0 52 2068 1538 438 0 0 0 0 0 0 1712 1515 869 0 0 0 0 0 435 1919 1742 0
0 0 0 526 2743 827 0 0 0 0 0 0 335 1312 2449 0 0 0 0 0 0 723 3369 4
0 0 0 0 4033 63 0 0 0 0 0 0 0 2475 1621 0 0 0 0 0 0 0 4070 26
0 0 0 176 2773 1145 2 0 0 0 0 0 0 2179 1804 113 0 0 0 0 0 0 2907 1189
0 0 0 2503 1564 29 0 0 0 0 0 0 93 2959 1044 0 0 0 0 0 0 356 3341 399
0 0 0 2228 1868 0 0 0 0 0 0 0 151 2923 1022 0 0 0 0 0 0 1671 2425 0
0 0 0 2303 1702 91 0 0 0 0 0 0 248 3028 820 0 0 0 0 0 0 2008 2074 14
0 0 0 2485 1611 0 0 0 0 0 0 0 13 3851 232 0 0 0 0 0 0 1833 2263 0
0 0 0 1475 2533 75 13 0 0 0 0 0 0 3791 238 67 0 0 0 0 0 287 3617 192
0 0 1012 2078 530 375 101 0 0 0 0 0 0 3163 633 300 0 0 0 0 0 0 1493 2603
0 0 1207 734 679 755 545 176 0 0 0 0 0 1931 960 1205 0 0 0 0 0 0 832 3264
64 461 1848 650 386 324 278 85 4 93 560 474 366 1721 440 438 12 166 404 403 347 289 454 2021
863 1831 1062 227 45 33 22 13 225 1323 1507 567 254 133 55 32 598 1177 1039 566 298 196 121 101
1298 1776 933 84 5 0 0 0 787 1647 1331 214 86 29 2 0 1657 1491 534 207 122 53 27 5
2117 1726 243 10 0 0 0 0 1511 2079 440 62 4 0 0 0 3249 597 182 59 9 0 0 0
1761 1843 421 57 13 1 0 0 1192 2012 620 197 51 22 2 0 2728 728 356 170 72 30 12 0
423 2755 718 138 49 8 5 0 192 2498 1031 241 87 33 9 5 2544 887 357 162 100 32 10 4
153 1123 1155 623 674 318 50 0 36 567 1183 744 500 613 387 66 257 759 851 642 462 474 532 119
5 53 1034 1691 1307 6 0 0 0 11 41 59 1615 2259 111 0 0 14 31 51 61 192 3729 18
0 0 2908 1079 75 34 0 0 0 0 0 0 3255 759 82 0 0 0 0 0 0 1003 3035 58
142 496 3184 251 23 0 0 0 146 427 307 272 2929 15 0 0 700 171 104 76 104 2184 757 0
0 0 2886 1210 0 0 0 0 0 0 0 2768 1321 7 0 0 0 0 0 1353 1935 808 0 0
0 0 1998 1361 737 0 0 0 0 0 0 1232 1393 1471 0 0 0 0 0 0 2429 1660 7 0
0 0 10 2150 1288 648 0 0 0 0 0 0 2032 989 1075 0 0 0 0 0 1007 1481 1608 0
0 0 0 1036 1650 1393 17 0 0 0 0 0 345 1855 1754 142 0 0 0 0 0 1979 1964 153
0 0 0 0 2420 1676 0 0 0 0 0 0 0 960 3049 87 0 0 0 0 0 217 3782 97
0 0 0 0 1373 2723 0 0 0 0 0 0 0 0 3854 242 0 0 0 0 0 0 3003 1093
0 0 0 0 3070 979 47 0 0 0 0 0 0 3 3846 247 0 0 0 0 0 0 3545 551
0 0 0 0 1310 2786 0 0 0 0 0 0 0 271 3478 347 0 0 0 0 0 0 1903 2193
0 0 0 0 2437 1659 0 0 0 0 0 0 0 1024 3035 37 0 0 0 0 0 0 2374 1722
0 0 0 0 3208 544 333 11 0 0 0 0 0 0 3547 549 0 0 0 0 0 0 2315 1781
0 0 0 0 2703 1205 186 2 0 0 0 0 0 82 3205 809 0 0 0 0 0 0 1372 2724
0 0 0 36 1571 1626 863 0 0 0 0 0 0 262 1771 2063 0 0 0 0 0 0 634 3462
0 0 0 51 679 2850 516 0 0 0 0 0 0 73 2214 1809 0 0 0 0 0 0 127 3969
0 0 0 0 647 2335 1114 0 0 0 0 0 0 0 1691 2405 0 0 0 0 0 0 150 3946
17 51 74 86 2416 1211 231 10 1 15 49 64 88 92 3291 496 0 13 46 61 72 88 393 3423
754 1192 1019 526 287 210 94 14 387 885 1187 660 389 252 211 125 588 1040 933 590 335 258 203 149
1687 1365 572 254 137 57 22 2 996 1519 724 410 201 154 59 33 1676 965 602 360 206 156 81 50
1352 2253 407 68 13 3 0 0 916 2345 658 95 48 25 9 0 2834 905 189 69 39 27 22 11
1785 1969 320 21 1 0 0 0 1275 2182 569 64 6 0 0 0 3254 628 163 46 5 0 0 0
1618 1933 368 116 33 14 9 5 1115 2175 608 136 33 17 8 4 3167 603 235 55 22 9 5 0
1059 2047 626 236 86 36 5 1 617 2293 791 252 99 38 5 1 3169 633 191 66 31 4 2 0
327 1442 1480 589 204 50 3 1 131 931 1679 862 336 125 30 2 1038 1241 1002 454 199 113 44 5
210 974 1257 734 541 339 40 1 75 531 1220 718 404 514 538 96 1149 725 439 323 252 285 559 364
699 1345 1039 511 398 86 16 2 253 1145 1354 417 341 385 192 9 2443 522 166 101 106 223 507 28
1283 1606 955 227 23 2 0 0 708 1552 1358 360 98 20 0 0 3403 508 81 23 20 50 11 0
0 0 899 3113 84 0 0 0 0 0 0 0 2223 1861 12 0 0 0 0 0 720 1739 1637 0
0 0 154 3753 189 0 0 0 0 0 0 0 1659 2373 64 0 0 0 0 0 0 2872 1224 0
0 0 49 2910 1137 0 0 0 0 0 0 0 635 3285 176 0 0 0 0 0 0 2454 1642 0
0 0 8 2603 1485 0 0 0 0 0 0 0 433 3201 462 0 0 0 0 0 0 1649 2447 0
0 0 0 2150 1946 0 0 0 0 0 0 0 0 2807 1289 0 0 0 0 0 0 40 3548 508
0 0 0 319 3605 172 0 0 0 0 0 0 0 549 3538 9 0 0 0 0 0 0 1447 2649
0 0 0 108 3431 557 0 0 0 0 0 0 0 80 3960 56 0 0 0 0 0 0 860 3236
0 0 0 0 3368 728 0 0 0 0 0 0 0 0 3892 204 0 0 0 0 0 0 49 4047
0 0 0 19 3865 212 0 0 0 0 0 0 0 0 4057 39 0 0 0 0 0 0 23 4073
0 0 0 0 1902 1615 574 5 0 0 0 0 0 0 2476 1620 0 0 0 0 0 0 124 3972
0 0 0 9 3371 702 14 0 0 0 0 0 0 3 3787 306 0 0 0 0 0 0 181 3915
0 0 0 0 2810 1200 86 0 0 0 0 0 0 6 3597 493 0 0 0 0 0 0 216 3880
0 0 0 74 3143 879 0 0 0 0 0 0 0 40 3914 142 0 0 0 0 0 0 412 3684
0 0 0 203 3411 482 0 0 0 0 0 0 0 185 3878 33 0 0 0 0 0 0 650 3446
1 18 37 667 2728 633 12 0 0 2 20 27 24 189 3588 246 0 2 19 25 19 32 744 3255
445 746 765 924 919 251 46 0 107 383 636 648 566 574 1024 158 120 260 548 611 549 474 539 995
1004 1005 801 818 357 97 14 0 418 826 828 589 478 504 398 55 559 656 702 576 431 336 373 463
1739 1340 649 265 76 23 3 1 1269 1334 833 355 179 81 36 9 1959 967 549 286 165 109 48 13
1308 1503 848 295 96 36 7 3 873 1476 1073 432 157 63 18 4 2937 806 269 62 15 3 2 2
1418 1301 912 327 96 20 19 3 938 1206 1176 556 158 35 17 10 3123 743 179 34 14 3 0 0
1232 1312 1147 286 79 30 4 6 718 1117 1461 570 153 53 18 6 3165 739 140 42 9 1 0 0
1210 1333 1072 354 99 23 5 0 687 1141 1431 586 204 43 4 0 3177 748 147 22 2 0 0 0
1549 1463 838 185 50 9 2 0 853 1290 1437 405 94 13 4 0 3297 675 101 16 6 1 0 0
944 1621 1138 303 77 8 2 3 460 1184 1741 539 143 24 2 3 3413 555 108 15 3 1 1 0
1598 1320 894 231 40 12 1 0 1070 1291 1199 435 85 13 3 0 3615 421 56 4 0 0 0 0
688 1950 154 851 434 19 0 0 12 720 2018 40 19 1169 118 0 37 1679 1029 40 18 37 1256 0
320 2214 250 1087 224 1 0 0 2 320 2417 42 26 1238 51 0 4 858 1879 34 23 35 1263 0
49 1553 1210 1082 193 9 0 0 15 102 2666 39 20 1143 111 0 23 194 2564 31 19 30 1227 8
0 691 2019 182 1174 30 0 0 0 5 2666 38 31 375 980 1 0 23 2644 34 32 25 1292 46
0 350 2347 90 1263 42 4 0 0 2 2565 158 34 77 1255 5 0 6 2661 50 27 49 832 471
0 15 1002 1239 1668 136 34 2 0 1 988 1373 268 51 1414 1 0 82 2078 445 50 19 203 1219
0 55 658 788 2052 484 48 11 0 2 454 996 1143 297 1197 7 1 94 1740 932 74 32 123 1100
0 64 710 767 1679 675 178 23 0 3 408 1104 1087 382 1104 8 2 77 1357 1330 206 43 66 1015
0 87 269 894 1872 686 220 68 0 4 233 698 1337 641 1158 25 2 75 1275 1252 278 88 152 974
0 12 519 1015 855 711 643 341 0 0 375 710 621 827 1498 65 3 50 887 1268 636 127 145 980
0 18 404 1330 735 827 629 153 0 2 348 816 644 1176 1084 26 3 56 853 1606 446 98 579 455
0 14 965 1258 736 722 338 63 0 3 347 1017 660 1420 633 16 2 45 627 1414 689 99 886 334
0 44 277 1960 846 622 302 45 0 0 117 510 783 2240 429 17 0 16 279 998 735 188 1767 113
0 1 338 1834 1300 562 60 1 0 0 11 212 1269 2428 175 1 0 5 83 845 823 207 2096 37
0 11 692 2100 866 368 55 4 0 0 132 441 1243 2182 93 5 0 5 199 692 795 361 2022 22
152 339 1468 1358 582 180 17 0 53 178 409 695 1227 1305 224 5 89 149 386 509 556 755 1445 207
2095 656 889 391 62 2 1 0 1584 636 423 488 565 309 90 1 1633 514 315 244 286 511 407 186
2797 552 341 228 131 44 3 0 2396 762 545 302 70 18 3 0 3117 620 258 75 21 2 3 0
2361 868 541 194 78 37 13 4 1648 1153 723 366 114 61 24 7 3470 417 149 46 14 0 0 0
2125 1030 591 229 92 17 10 2 1561 1095 819 399 158 49 10 5 3318 570 154 46 6 2 0 0
1720 1170 850 284 62 7 3 0 1026 1215 1130 542 148 31 4 0 3322 602 141 27 4 0 0 0
1834 1119 836 243 57 6 1 0 1202 1089 1136 509 124 28 6 2 3376 564 127 27 1 1 0 0
1422 1259 1028 274 88 21 4 0 869 1081 1348 589 161 41 7 0 3395 558 119 21 3 0 0 0
1489 1696 765 126 15 3 2 0 788 1264 1578 388 68 8 2 0 3621 429 34 11 1 0 0 0
833 2113 1003 118 23 5 1 0 364 1011 2269 406 37 8 1 0 3780 268 39 8 1 0 0 0
393 2097 1606 0 0 0 0 0 195 1989 1912 0 0 0 0 0 910 2411 775 0 0 0 0 0
1418 1566 1111 1 0 0 0 0 1060 1736 1299 1 0 0 0 0 1229 1975 892 0 0 0 0 0
2069 1705 321 1 0 0 0 0 1151 2316 628 1 0 0 0 0 1366 2281 449 0 0 0 0 0
1244 1540 1029 202 78 3 0 0 480 1935 1378 189 103 11 0 0 685 2085 1261 63 2 0 0 0
1006 1807 581 198 311 170 22 1 260 2100 1048 289 345 51 3 0 403 2278 1065 313 37 0 0 0
762 1883 263 291 600 288 9 0 94 2303 600 526 539 33 1 0 158 2405 1085 436 12 0 0 0
204 846 901 469 766 699 154 57 20 846 1211 701 938 285 70 25 37 1085 1934 838 152 44 6 0
8 126 1270 795 757 581 411 148 0 95 1331 1072 826 498 240 34 13 258 2184 1202 347 86 6 0
0 4 507 1251 1250 796 223 65 0 9 690 1601 1194 488 85 29 5 257 2004 1540 254 35 1 0
0 7 167 773 1696 1040 376 37 0 5 293 1360 1769 573 96 0 5 226 1639 1833 364 25 4 0
0 21 531 1326 1199 625 294 100 0 21 642 1625 1184 488 132 4 15 281 1687 1619 453 40 1 0
22 186 845 1402 966 516 141 18 1 84 727 1494 1188 479 92 31 4 198 1305 1638 761 131 32 27
15 221 1860 743 761 265 95 136 0 26 512 760 1985 458 147 208 1 51 610 910 1390 798 137 199
592 614 1621 484 369 255 115 46 140 544 602 685 1587 315 108 115 359 503 564 640 933 934 60 103
403 800 2168 436 160 93 34 2 133 450 969 1045 1324 123 40 12 952 621 519 429 605 956 9 5
839 1060 1479 518 137 25 27 11 436 698 1506 1085 284 21 20 46 1563 1053 603 299 246 257 19 56
597 558 1349 1307 271 13 1 0 406 674 2183 788 38 7 0 0 1463 2049 556 27 1 0 0 0
712 1233 1344 660 124 21 2 0 716 1417 1289 512 116 41 5 0 2580 1224 273 17 1 1 0 0
1650 815 1137 417 68 8 1 0 1364 643 1096 806 165 20 2 0 3423 582 84 7 0 0 0 0
3105 394 381 167 37 12 0 0 2907 441 372 266 92 16 2 0 3726 286 69 14 1 0 0 0
3378 413 235 60 9 1 0 0 3100 518 309 133 33 3 0 0 3741 289 56 9 0 1 0 0
3088 617 273 83 19 8 4 4 2646 777 451 157 43 12 5 5 3654 351 72 13 4 2 0 0
2645 934 412 87 14 4 0 0 2131 1151 613 150 41 9 1 0 3545 472 65 13 1 0 0 0
3026 782 228 55 5 0 0 0 2405 1076 508 94 13 0 0 0 3695 333 63 5 0 0 0 0
2127 1475 422 70 1 1 0 0 1428 1460 943 229 35 1 0 0 3641 406 42 6 1 0 0 0
2162 1692 242 0 0 0 0 0 1475 2182 438 1 0 0 0 0 3099 960 37 0 0 0 0 0
2320 1606 169 1 0 0 0 0 1618 2171 303 4 0 0 0 0 2211 1806 79 0 0 0 0 0
2784 1264 48 0 0 0 0 0 1604 2301 190 1 0 0 0 0 2009 1971 116 0 0 0 0 0
2162 1842 92 0 0 0 0 0 723 3060 312 1 0 0 0 0 978 2919 199 0 0 0 0 0
2218 1840 38 0 0 0 0 0 517 3388 190 1 0 0 0 0 665 3279 152 0 0 0 0 0
1454 2596 46 0 0 0 0 0 254 3424 418 0 0 0 0 0 332 3443 321 0 0 0 0 0
1055 2729 312 0 0 0 0 0 101 2850 1145 0 0 0 0 0 131 2940 1025 0 0 0 0 0
192 1288 1919 374 185 117 21 0 11 590 2368 593 172 131 149 82 4 685 2296 559 162 122 150 118
5 139 2362 790 434 163 100 103 0 40 525 2051 931 204 130 215 0 91 915 772 1794 183 124 217
23 414 2913 310 185 107 95 49 1 58 548 1701 1271 200 125 192 1 91 564 301 2598 208 134 199
19 274 3298 225 92 88 55 45 0 51 356 1860 1534 94 88 113 37 153 497 607 2485 119 77 121
6 273 3259 439 58 29 9 23 1 28 498 1820 1651 38 27 33 288 599 637 614 1839 65 20 34
131 687 2563 577 89 23 19 7 19 279 1172 1136 1400 48 15 27 650 1040 639 371 1134 217 16 29
679 896 1363 863 257 32 6 0 409 761 1263 1169 420 62 11 1 1823 1498 623 126 20 5 1 0
1205 1512 756 392 153 64 12 2 1138 1433 790 440 192 85 14 4 2176 1035 541 222 89 28 5 0
864 1504 1390 294 38 6 0 0 490 1208 1786 559 50 3 0 0 2940 1021 118 16 1 0 0 0
323 1424 1743 517 70 18 1 0 153 1094 1901 770 148 25 5 0 2931 1033 120 12 0 0 0 0
280 1319 1805 589 97 6 0 0 128 961 1812 952 221 21 1 0 3141 842 104 8 1 0 0 0
263 1280 1764 659 115 14 1 0 135 863 1861 987 215 33 2 0 3186 798 94 17 1 0 0 0
1518 601 1171 718 84 4 0 0 1460 462 1043 977 145 9 0 0 3119 841 125 11 0 0 0 0
1904 811 815 474 74 16 2 0 1636 1007 934 425 73 17 3 1 2990 864 210 30 2 0 0 0
933 948 1545 608 54 8 0 0 858 1030 1675 484 44 5 0 0 2729 1186 169 12 0 0 0 0
459 1614 1661 343 19 0 0 0 648 1777 1416 242 13 0 0 0 2914 1082 98 2 0 0 0 0
507 1473 1638 437 37 2 2 0 443 1534 1725 366 26 0 2 0 2932 1037 113 12 2 0 0 0
604 2141 1262 88 1 0 0 0 645 2140 1246 65 0 0 0 0 3601 477 18 0 0 0 0 0
1606 1772 715 3 0 0 0 0 1557 1568 962 9 0 0 0 0 3163 918 15 0 0 0 0 0
2024 1972 100 0 0 0 0 0 1548 2302 245 1 0 0 0 0 2871 1216 9 0 0 0 0 0
2831 1179 86 0 0 0 0 0 1752 2131 212 1 0 0 0 0 2157 1890 49 0 0 0 0 0
2448 1493 155 0 0 0 0 0 1085 2696 314 1 0 0 0 0 1412 2542 142 0 0 0 0 0
2400 1670 26 0 0 0 0 0 885 3062 149 0 0 0 0 0 1003 2982 111 0 0 0 0 0
1873 1532 364 203 108 16 0 0 491 2193 745 249 219 145 51 3 427 2238 687 240 220 184 81 19
977 1716 1006 270 111 16 0 0 165 973 1955 473 286 176 66 2 112 959 1537 875 256 230 111 16
83 179 3398 371 54 10 1 0 3 80 237 3221 365 144 42 4 64 206 238 2420 883 189 80 16
21 203 3440 395 33 4 0 0 0 42 305 3352 368 29 0 0 562 331 196 616 2364 27 0 0
232 720 2749 378 16 1 0 0 45 412 1196 2301 138 3 1 0 1260 969 379 395 1093 0 0 0
479 1248 1861 484 24 0 0 0 218 753 1806 1163 152 4 0 0 2321 1361 271 87 56 0 0 0
1115 1427 1247 279 25 3 0 0 741 1092 1474 699 84 5 1 0 2646 1244 196 10 0 0 0 0
419 1166 1590 772 132 16 1 0 209 879 1650 1076 242 38 2 0 2191 1378 470 52 5 0 0 0
326 1053 1780 807 116 14 0 0 166 766 1753 1152 229 29 1 0 2459 1329 287 21 0 0 0 0
167 866 1994 927 122 18 2 0 66 496 1838 1431 235 24 6 0 2609 1224 222 31 8 2 0 0
281 965 2006 756 75 12 1 0 159 714 1984 1079 142 15 3 0 2629 1277 165 21 4 0 0 0
442 1311 1741 526 75 1 0 0 235 1009 1824 859 153 16 0 0 2890 1044 156 6 0 0 0 0
613 1371 1553 491 62 6 0 0 458 1240 1571 726 92 9 0 0 2863 1058 155 20 0 0 0 0
28 714 2099 985 214 45 8 3 27 684 2270 907 170 31 6 1 1911 1752 374 49 8 2 0 0
7 425 2001 1385 258 20 0 0 7 397 2059 1379 235 19 0 0 2052 1704 314 26 0 0 0 0
28 670 2045 1204 133 16 0 0 74 959 2279 723 57 4 0 0 2012 1769 290 25 0 0 0 0
27 623 2089 1170 171 15 1 0 116 1075 2044 776 80 4 1 0 2180 1585 306 24 1 0 0 0
19 528 2542 963 43 1 0 0 39 765 2577 690 24 1 0 0 2262 1720 112 2 0 0 0 0
208 1264 2082 527 14 1 0 0 283 1382 2021 402 8 0 0 0 2795 1232 65 4 0 0 0 0
191 1288 2166 440 10 1 0 0 257 1273 2200 360 5 1 0 0 2888 1171 36 1 0 0 0 0
701 1872 1461 62 0 0 0 0 743 1925 1350 78 0 0 0 0 2683 1350 63 0 0 0 0 0
303 2152 1443 183 15 0 0 0 304 2141 1367 256 27 1 0 0 2170 1802 124 0 0 0 0 0
433 1495 1522 635 11 0 0 0 362 2079 1413 237 5 0 0 0 1612 2095 389 0 0 0 0 0
733 363 1119 1437 430 14 0 0 576 1273 1142 1048 55 2 0 0 871 2074 1124 27 0 0 0 0
793 504 560 1361 831 39 5 3 400 641 1964 653 243 134 54 7 528 1999 1009 209 113 126 95 17
128 2957 731 172 92 15 1 0 3 73 3475 280 148 100 17 0 51 211 3027 615 83 71 32 6
23 972 2514 494 86 7 0 0 1 49 2225 1480 300 39 2 0 939 481 922 1745 9 0 0 0
391 922 1727 879 162 14 1 0 154 523 1291 1517 490 101 19 1 2722 939 196 135 41 34 26 3
842 1440 1416 370 27 1 0 0 417 985 1652 867 160 15 0 0 2865 1081 147 3 0 0 0 0
1362 1436 1063 212 21 2 0 0 686 1270 1425 614 94 7 0 0 3153 823 112 8 0 0 0 0
1824 1447 713 107 5 0 0 0 1170 1381 1155 342 48 0 0 0 3150 843 102 1 0 0 0 0
1474 1460 936 199 26 1 0 0 977 1302 1296 456 61 4 0 0 3114 843 133 6 0 0 0 0
1244 1594 1052 191 14 1 0 0 766 1303 1478 501 42 6 0 0 3316 708 72 0 0 0 0 0
988 1459 1326 294 28 1 0 0 639 1148 1620 607 81 1 0 0 3109 867 113 7 0 0 0 0
773 1501 1388 383 42 8 1 0 498 1238 1660 606 85 8 1 0 2975 965 137 15 4 0 0 0
361 1163 1665 768 127 12 0 0 367 1146 1693 779 104 7 0 0 2244 1467 351 31 3 0 0 0
472 1152 1438 751 243 38 2 0 453 1148 1578 748 157 12 0 0 2264 1308 445 75 3 1 0 0
186 714 1298 1260 504 116 15 3 197 819 1628 1087 313 47 5 0 1318 1650 899 201 23 5 0 0
8 322 1468 1763 481 49 5 0 13 438 1873 1470 285 14 3 0 926 2044 981 138 6 1 0 0
4 198 1283 1700 741 149 20 1 4 305 1711 1560 447 66 2 1 795 2063 1052 163 22 0 1 0
6 227 1545 1779 480 53 6 0 15 369 1900 1519 264 27 2 0 1193 2075 742 77 9 0 0 0
13 230 1629 1751 415 52 6 0 26 428 2134 1280 209 16 3 0 1001 2265 737 87 6 0 0 0
16 252 2018 1602 195 13 0 0 29 358 2479 1145 82 3 0 0 1585 2186 307 18 0 0 0 0
88 897 2168 876 61 5 1 0 94 947 2350 660 43 1 1 0 2458 1494 134 9 1 0 0 0
205 1611 1968 295 16 1 0 0 175 1519 2044 345 11 1 1 0 3193 842 60 1 0 0 0 0
119 887 2594 482 14 0 0 0 100 841 2362 734 59 0 0 0 2024 1961 110 1 0 0 0 0
84 676 1620 1539 167 5 3 2 74 783 1924 1187 116 6 4 2 1073 2533 467 14 3 4 2 0
18 133 943 2290 705 7 0 0 14 184 1681 2050 167 0 0 0 378 2638 1068 12 0 0 0 0
0 9 432 2156 1310 187 2 0 0 380 1524 1720 449 23 0 0 235 2544 1266 51 0 0 0 0
0 13 362 1952 1628 136 5 0 0 305 3052 621 85 29 4 0 292 3031 762 11 0 0 0 0
231 510 1329 1162 613 215 33 3 105 475 1674 1150 513 152 24 3 1426 1729 790 139 11 1 0 0
1030 1209 1320 469 65 3 0 0 517 850 1420 1012 272 24 1 0 3230 759 102 5 0 0 0 0
1160 1429 1277 219 11 0 0 0 580 1121 1480 815 94 6 0 0 3256 765 70 5 0 0 0 0
1202 1495 1150 225 21 3 0 0 545 1245 1556 664 80 5 1 0 3001 957 132 6 0 0 0 0
1654 1532 758 137 15 0 0 0 1072 1383 1273 327 40 1 0 0 3230 741 116 9 0 0 0 0
1319 1477 1062 223 15 0 0 0 888 1195 1434 520 59 0 0 0 3252 739 100 5 0 0 0 0
1128 1612 1124 215 15 2 0 0 722 1251 1541 520 58 3 1 0 3179 828 87 1 1 0 0 0
1171 1605 1087 223 9 1 0 0 688 1435 1457 484 31 1 0 0 3160 842 89 5 0 0 0 0
940 1801 1095 238 22 0 0 0 643 1678 1342 386 41 6 0 0 2878 1067 140 11 0 0 0 0
636 1636 1466 325 33 0 0 0 515 1368 1670 494 47 2 0 0 2582 1304 195 15 0 0 0 0
329 1278 1569 724 179 16 1 0 320 1293 1727 643 108 5 0 0 1780 1666 561 83 6 0 0 0
52 434 1411 1583 523 83 8 2 58 672 1734 1335 257 35 4 1 908 1931 1052 179 23 3 0 0
668 1178 1444 619 160 25 2 0 767 1257 1436 529 96 10 1 0 2168 1390 454 77 7 0 0 0
416 578 1179 1257 527 122 17 0 476 723 1423 1113 314 46 1 0 1381 1702 827 172 14 0 0 0
34 314 1498 1658 521 68 3 0 59 529 1856 1369 254 27 2 0 1062 2061 844 123 6 0 0 0
30 350 1570 1742 353 44 7 0 64 539 1962 1350 162 18 1 0 1254 2134 634 63 11 0 0 0
9 172 1431 2022 409 51 2 0 15 282 2097 1502 185 15 0 0 1071 2355 616 50 4 0 0 0
56 494 1963 1398 170 14 0 1 89 697 2299 929 76 5 1 0 1698 2033 339 24 1 1 0 0
44 852 2138 971 83 7 1 0 36 841 2296 857 59 6 1 0 2259 1583 244 9 0 1 0 0
67 921 2393 675 40 0 0 0 60 863 2497 649 27 0 0 0 2494 1483 114 5 0 0 0 0
3 254 3006 800 33 0 0 0 2 112 2812 1142 28 0 0 0 809 3005 278 4 0 0 0 0
0 18 1183 2651 237 7 0 0 0 10 1890 1969 218 8 1 0 489 2776 821 10 0 0 0 0
0 0 133 3195 647 121 0 0 0 14 1192 2622 265 3 0 0 10 2010 2034 42 0 0 0 0
0 0 2 1597 2303 191 3 0 0 0 235 3361 479 21 0 0 9 1099 2921 67 0 0 0 0
143 366 604 888 1747 326 22 0 49 201 735 1663 922 465 60 1 1521 1353 1174 47 1 0 0 0
338 1545 1629 479 94 11 0 0 119 986 2043 818 109 21 0 0 3046 961 87 2 0 0 0 0
879 1019 1786 387 24 1 0 0 618 950 1972 515 37 4 0 0 2661 1326 106 3 0 0 0 0
433 1224 2077 347 15 0 0 0 243 783 2209 814 46 1 0 0 2691 1320 83 2 0 0 0 0
476 1438 1683 471 27 1 0 0 231 1048 1797 922 93 5 0 0 2933 1055 102 6 0 0 0 0
734 1690 1343 302 25 2 0 0 392 1229 1774 621 73 7 0 0 3050 929 108 9 0 0 0 0
1100 1455 1166 307 54 14 0 0 704 1283 1407 578 102 21 1 0 2989 906 165 31 5 0 0 0
750 1458 1369 403 85 29 1 1 603 1406 1429 543 94 15 5 1 2662 1132 231 53 15 3 0 0
915 1545 1261 320 53 2 0 0 810 1500 1386 349 48 3 0 0 2507 1320 236 32 1 0 0 0
741 1210 1310 653 148 31 3 0 710 1294 1335 621 115 19 2 0 2043 1467 490 82 11 3 0 0
504 1193 1511 703 152 29 4 0 547 1231 1511 673 115 18 1 0 1956 1548 492 83 16 1 0 0
318 933 1485 998 295 58 9 0 374 1074 1587 808 224 24 5 0 1421 1664 794 191 21 5 0 0
151 722 1451 1266 393 96 15 2 266 967 1675 938 207 40 2 1 1311 1834 777 152 21 0 1 0
28 362 1367 1619 609 107 3 1 54 505 1724 1396 371 43 3 0 1156 1938 835 160 6 1 0 0
104 735 1719 1203 277 54 3 1 130 851 1875 1035 180 22 3 0 1614 1834 561 81 6 0 0 0
74 675 1678 1328 299 40 2 0 131 939 1809 1047 156 14 0 0 1534 1868 611 79 4 0 0 0
53 703 1973 1200 151 14 2 0 113 969 2116 818 73 7 0 0 1535 2057 469 31 4 0 0 0
71 487 1991 1376 160 9 2 0 118 807 2273 829 62 6 1 0 1420 2166 479 28 2 1 0 0
37 516 2011 1383 145 3 1 0 64 773 2272 921 63 2 1 0 1487 2129 455 23 2 0 0 0
37 720 2140 1101 88 8 2 0 86 939 2272 760 36 2 1 0 2014 1864 206 10 2 0 0 0
9 754 2864 460 9 0 0 0 10 764 2926 388 8 0 0 0 2718 1334 43 1 0 0 0 0
