0 0 0 4077 19 0 0 0 0 0 0 0 4096 0 0 0 0 0 0 0 32 4064 0 0
0 0 0 3747 349 0 0 0 0 0 0 0 4096 0 0 0 0 0 0 0 0 4096 0 0
0 0 0 2989 1107 0 0 0 0 0 0 0 4096 0 0 0 0 0 0 0 0 4096 0 0
0 0 0 983 3113 0 0 0 0 0 0 0 4096 0 0 0 0 0 0 0 0 4096 0 0
0 0 0 189 3907 0 0 0 0 0 0 0 4096 0 0 0 0 0 0 0 0 4096 0 0
0 0 0 11 4085 0 0 0 0 0 0 0 4095 1 0 0 0 0 0 0 0 4096 0 0
0 0 0 0 4096 0 0 0 0 0 0 0 4086 10 0 0 0 0 0 0 0 4096 0 0
0 0 0 0 4096 0 0 0 0 0 0 0 3967 129 0 0 0 0 0 0 0 4096 0 0
0 0 0 0 4096 0 0 0 0 0 0 0 3160 936 0 0 0 0 0 0 0 4096 0 0
0 0 0 0 4096 0 0 0 0 0 0 0 1459 2637 0 0 0 0 0 0 0 4096 0 0
0 0 0 0 4096 0 0 0 0 0 0 0 259 3837 0 0 0 0 0 0 0 4096 0 0
0 0 0 0 4096 0 0 0 0 0 0 0 15 4081 0 0 0 0 0 0 0 4096 0 0
0 0 0 0 4096 0 0 0 0 0 0 0 0 4096 0 0 0 0 0 0 0 4096 0 0
0 0 0 0 4096 0 0 0 0 0 0 0 0 4096 0 0 0 0 0 0 0 4096 0 0
0 0 0 0 4096 0 0 0 0 0 0 0 0 4096 0 0 0 0 0 0 0 4096 0 0
0 0 0 0 4096 0 0 0 0 0 0 0 0 4096 0 0 0 0 0 0 0 4096 0 0
0 0 0 0 4096 0 0 0 0 0 0 0 0 4096 0 0 0 0 0 0 0 4096 0 0
0 0 0 0 4096 0 0 0 0 0 0 0 0 4096 0 0 0 0 0 0 0 4096 0 0
0 0 0 0 4096 0 0 0 0 0 0 0 0 4096 0 0 0 0 0 0 0 4096 0 0
0 0 0 0 4096 0 0 0 0 0 0 0 0 4096 0 0 0 0 0 0 0 4096 0 0
0 0 0 0 4096 0 0 0 0 0 0 0 0 4096 0 0 0 0 0 0 0 4091 5 0
0 0 0 0 4096 0 0 0 0 0 0 0 0 4096 0 0 0 0 0 0 0 4091 5 0
0 0 0 0 4082 14 0 0 0 0 0 0 0 4096 0 0 0 0 0 0 0 4032 64 0
0 0 0 0 3995 101 0 0 0 0 0 0 0 4096 0 0 0 0 0 0 0 3883 213 0
0 0 0 0 3707 389 0 0 0 0 0 0 0 4096 0 0 0 0 0 0 0 3473 623 0
0 0 0 0 3433 663 0 0 0 0 0 0 0 4096 0 0 0 0 0 0 0 2978 1118 0
0 0 0 0 2583 1513 0 0 0 0 0 0 0 4096 0 0 0 0 0 0 0 2048 2048 0
0 0 0 0 1421 2675 0 0 0 0 0 0 0 4096 0 0 0 0 0 0 0 1945 2151 0
0 0 0 0 787 3309 0 0 0 0 0 0 0 4096 0 0 0 0 0 0 0 1757 2339 0
0 0 0 0 316 3780 0 0 0 0 0 0 0 4096 0 0 0 0 0 0 0 1455 2641 0
0 0 0 0 91 4005 0 0 0 0 0 0 0 4096 0 0 0 0 0 0 0 977 3119 0
0 0 0 0 13 4083 0 0 0 0 0 0 0 4096 0 0 0 0 0 0 0 589 3507 0
0 0 0 0 6 4090 0 0 0 0 0 0 0 4096 0 0 0 0 0 0 0 598 3498 0
0 0 0 0 21 4075 0 0 0 0 0 0 0 4096 0 0 0 0 0 0 0 430 3666 0
0 0 0 0 1 4095 0 0 0 0 0 0 0 4096 0 0 0 0 0 0 0 625 3471 0
0 0 0 0 1 4095 0 0 0 0 0 0 0 4096 0 0 0 0 0 0 0 543 3553 0
0 0 0 0 0 4096 0 0 0 0 0 0 0 4096 0 0 0 0 0 0 0 352 3744 0
0 0 0 0 0 4096 0 0 0 0 0 0 0 4096 0 0 0 0 0 0 0 168 3928 0
0 0 0 0 0 4096 0 0 0 0 0 0 0 4096 0 0 0 0 0 0 0 125 3971 0
0 0 0 0 0 4096 0 0 0 0 0 0 0 4096 0 0 0 0 0 0 0 108 3988 0
0 0 0 0 0 4096 0 0 0 0 0 0 0 4096 0 0 0 0 0 0 0 164 3932 0
0 0 0 0 0 4096 0 0 0 0 0 0 0 4096 0 0 0 0 0 0 0 146 3950 0
0 0 0 0 0 4096 0 0 0 0 0 0 0 4096 0 0 0 0 0 0 0 87 4009 0
0 0 0 0 0 4096 0 0 0 0 0 0 0 4096 0 0 0 0 0 0 0 89 4007 0
0 0 0 0 0 4096 0 0 0 0 0 0 0 4096 0 0 0 0 0 0 0 126 3970 0
0 0 0 0 0 4096 0 0 0 0 0 0 0 4096 0 0 0 0 0 0 0 233 3863 0
0 0 0 0 0 4096 0 0 0 0 0 0 0 4096 0 0 0 0 0 0 0 360 3736 0
0 0 0 0 0 4096 0 0 0 0 0 0 0 4096 0 0 0 0 0 0 0 378 3718 0
0 0 0 0 1 4095 0 0 0 0 0 0 0 4096 0 0 0 0 0 0 0 671 3425 0
0 0 0 0 0 4096 0 0 0 0 0 0 0 4096 0 0 0 0 0 0 0 823 3273 0
0 0 0 0 0 4096 0 0 0 0 0 0 0 4096 0 0 0 0 0 0 0 1139 2957 0
0 0 0 0 0 4096 0 0 0 0 0 0 0 4096 0 0 0 0 0 0 0 1590 2506 0
0 0 0 0 0 4096 0 0 0 0 0 0 0 4096 0 0 0 0 0 0 0 2329 1767 0
0 0 0 0 0 4096 0 0 0 0 0 0 0 4096 0 0 0 0 0 0 0 2861 1235 0
0 0 0 0 3 4093 0 0 0 0 0 0 0 4096 0 0 0 0 0 0 0 3500 596 0
0 0 0 0 4 4092 0 0 0 0 0 0 0 4096 0 0 0 0 0 0 0 3927 169 0
0 0 0 0 25 4071 0 0 0 0 0 0 0 4096 0 0 0 0 0 0 0 3997 99 0
0 0 0 0 78 4018 0 0 0 0 0 0 0 4096 0 0 0 0 0 0 0 4067 29 0
0 0 0 0 130 3966 0 0 0 0 0 0 0 4096 0 0 0 0 0 0 0 4087 9 0
0 0 0 0 458 3638 0 0 0 0 0 0 0 4096 0 0 0 0 0 0 0 4096 0 0
0 0 0 0 863 3233 0 0 0 0 0 0 0 4096 0 0 0 0 0 0 0 4096 0 0
0 0 0 0 1524 2572 0 0 0 0 0 0 0 4096 0 0 0 0 0 0 0 4096 0 0
0 0 0 0 2179 1917 0 0 0 0 0 0 0 4096 0 0 0 0 0 0 0 4096 0 0
0 0 0 0 3068 1028 0 0 0 0 0 0 0 4096 0 0 0 0 0 0 0 4096 0 0
0 0 0 0 3912 184 0 0 0 0 0 0 0 4096 0 0 0 0 0 0 0 4096 0 0
0 0 0 0 4090 6 0 0 0 0 0 0 0 4096 0 0 0 0 0 0 0 4096 0 0
0 0 0 0 4095 1 0 0 0 0 0 0 0 4096 0 0 0 0 0 0 0 4096 0 0
0 0 0 0 4096 0 0 0 0 0 0 0 0 4096 0 0 0 0 0 0 0 4096 0 0
0 0 0 4015 81 0 0 0 0 0 0 0 4096 0 0 0 0 0 0 0 114 3982 0 0
0 0 0 3158 938 0 0 0 0 0 0 0 4096 0 0 0 0 0 0 0 12 4084 0 0
0 0 0 1712 2384 0 0 0 0 0 0 0 4096 0 0 0 0 0 0 0 0 4096 0 0
0 0 0 302 3794 0 0 0 0 0 0 0 4096 0 0 0 0 0 0 0 0 4096 0 0
0 0 0 29 4067 0 0 0 0 0 0 0 4096 0 0 0 0 0 0 0 0 4096 0 0
0 0 0 0 4096 0 0 0 0 0 0 0 4096 0 0 0 0 0 0 0 0 4096 0 0
0 0 0 0 4096 0 0 0 0 0 0 0 4089 7 0 0 0 0 0 0 0 4096 0 0
0 0 0 0 4096 0 0 0 0 0 0 0 4040 56 0 0 0 0 0 0 0 4096 0 0
0 0 0 0 4096 0 0 0 0 0 0 0 3436 660 0 0 0 0 0 0 0 4096 0 0
0 0 0 0 4096 0 0 0 0 0 0 0 1518 2578 0 0 0 0 0 0 0 4096 0 0
0 0 0 0 4096 0 0 0 0 0 0 0 274 3822 0 0 0 0 0 0 0 4096 0 0
0 0 0 0 4096 0 0 0 0 0 0 0 15 4081 0 0 0 0 0 0 0 4096 0 0
0 0 0 0 4096 0 0 0 0 0 0 0 1 4095 0 0 0 0 0 0 0 4096 0 0
0 0 0 0 4096 0 0 0 0 0 0 0 0 4096 0 0 0 0 0 0 0 4096 0 0
0 0 0 0 4096 0 0 0 0 0 0 0 0 4096 0 0 0 0 0 0 0 4096 0 0
0 0 0 0 4096 0 0 0 0 0 0 0 0 4096 0 0 0 0 0 0 0 4096 0 0
0 0 0 0 4096 0 0 0 0 0 0 0 0 4096 0 0 0 0 0 0 0 4096 0 0
0 0 0 0 4096 0 0 0 0 0 0 0 0 4096 0 0 0 0 0 0 0 4096 0 0
0 0 0 0 4096 0 0 0 0 0 0 0 0 4096 0 0 0 0 0 0 0 4096 0 0
0 0 0 0 4096 0 0 0 0 0 0 0 0 4096 0 0 0 0 0 0 0 4096 0 0
0 0 0 0 4086 10 0 0 0 0 0 0 0 4096 0 0 0 0 0 0 0 4095 1 0
0 0 0 0 4067 29 0 0 0 0 0 0 0 4096 0 0 0 0 0 0 0 4093 3 0
0 0 0 0 4018 78 0 0 0 0 0 0 0 4096 0 0 0 0 0 0 0 4084 12 0
0 0 0 0 3647 449 0 0 0 0 0 0 0 4096 0 0 0 0 0 0 0 4064 32 0
0 0 0 0 3172 924 0 0 0 0 0 0 0 4096 0 0 0 0 0 0 0 3995 101 0
0 0 0 0 2553 1543 0 0 0 0 0 0 0 4096 0 0 0 0 0 0 0 4017 79 0
0 0 0 0 1630 2466 0 0 0 0 0 0 0 4096 0 0 0 0 0 0 0 3922 174 0
0 0 0 0 704 3392 0 0 0 0 0 0 0 4096 0 0 0 0 0 0 0 3851 245 0
0 0 0 0 344 3752 0 0 0 0 0 0 0 4096 0 0 0 0 0 0 0 3496 600 0
0 0 0 0 81 4015 0 0 0 0 0 0 0 4096 0 0 0 0 0 0 0 2980 1116 0
0 0 0 0 7 4089 0 0 0 0 0 0 0 4096 0 0 0 0 0 0 0 2560 1536 0
0 0 0 0 3 4093 0 0 0 0 0 0 0 4096 0 0 0 0 0 0 0 2554 1542 0
0 0 0 0 1 4095 0 0 0 0 0 0 0 4096 0 0 0 0 0 0 0 2430 1666 0
0 0 0 0 1 4095 0 0 0 0 0 0 0 4096 0 0 0 0 0 0 0 2312 1784 0
0 0 0 0 0 4096 0 0 0 0 0 0 0 4096 0 0 0 0 0 0 0 1620 2476 0
0 0 0 0 0 4096 0 0 0 0 0 0 0 4096 0 0 0 0 0 0 0 1091 3005 0
0 0 0 0 0 4096 0 0 0 0 0 0 0 4096 0 0 0 0 0 0 0 642 3454 0
0 0 0 0 0 4096 0 0 0 0 0 0 0 4096 0 0 0 0 0 0 0 738 3358 0
0 0 0 0 0 4096 0 0 0 0 0 0 0 4096 0 0 0 0 0 0 0 604 3492 0
0 0 0 0 0 4096 0 0 0 0 0 0 0 4096 0 0 0 0 0 0 0 705 3391 0
0 0 0 0 0 4096 0 0 0 0 0 0 0 4096 0 0 0 0 0 0 0 637 3459 0
0 0 0 0 0 4096 0 0 0 0 0 0 0 4096 0 0 0 0 0 0 0 582 3514 0
0 0 0 0 0 4096 0 0 0 0 0 0 0 4096 0 0 0 0 0 0 0 649 3447 0
0 0 0 0 0 4096 0 0 0 0 0 0 0 4096 0 0 0 0 0 0 0 643 3453 0
0 0 0 0 0 4096 0 0 0 0 0 0 0 4096 0 0 0 0 0 0 0 850 3246 0
0 0 0 0 0 4096 0 0 0 0 0 0 0 4096 0 0 0 0 0 0 0 1194 2902 0
0 0 0 0 0 4096 0 0 0 0 0 0 0 4096 0 0 0 0 0 0 0 1522 2574 0
0 0 0 0 0 4096 0 0 0 0 0 0 0 4096 0 0 0 0 0 0 0 1799 2297 0
0 0 0 0 0 4096 0 0 0 0 0 0 0 4096 0 0 0 0 0 0 0 2272 1824 0
0 0 0 0 0 4096 0 0 0 0 0 0 0 4096 0 0 0 0 0 0 0 2809 1287 0
0 0 0 0 0 4096 0 0 0 0 0 0 0 4096 0 0 0 0 0 0 0 3238 858 0
0 0 0 0 0 4096 0 0 0 0 0 0 0 4096 0 0 0 0 0 0 0 3411 685 0
0 0 0 0 0 4096 0 0 0 0 0 0 0 4096 0 0 0 0 0 0 0 3701 395 0
0 0 0 0 0 4096 0 0 0 0 0 0 0 4096 0 0 0 0 0 0 0 3953 143 0
0 0 0 0 0 4096 0 0 0 0 0 0 0 4096 0 0 0 0 0 0 0 4040 56 0
0 0 0 0 0 4096 0 0 0 0 0 0 0 4096 0 0 0 0 0 0 0 4081 15 0
0 0 0 0 0 4096 0 0 0 0 0 0 0 4096 0 0 0 0 0 0 0 4088 8 0
0 0 0 0 2 4094 0 0 0 0 0 0 0 4096 0 0 0 0 0 0 0 4088 8 0
0 0 0 0 17 4079 0 0 0 0 0 0 0 4096 0 0 0 0 0 0 0 4096 0 0
0 0 0 0 49 4047 0 0 0 0 0 0 0 4096 0 0 0 0 0 0 0 4096 0 0
0 0 0 0 163 3933 0 0 0 0 0 0 0 4096 0 0 0 0 0 0 0 4096 0 0
0 0 0 0 498 3598 0 0 0 0 0 0 0 4096 0 0 0 0 0 0 0 4096 0 0
0 0 0 0 1079 3017 0 0 0 0 0 0 0 4096 0 0 0 0 0 0 0 4096 0 0
0 0 0 0 1890 2206 0 0 0 0 0 0 0 4096 0 0 0 0 0 0 0 4096 0 0
0 0 0 0 3043 1053 0 0 0 0 0 0 0 4096 0 0 0 0 0 0 0 4096 0 0
0 0 0 0 3766 330 0 0 0 0 0 0 0 4096 0 0 0 0 0 0 0 4096 0 0
0 0 0 0 4082 14 0 0 0 0 0 0 0 4096 0 0 0 0 0 0 0 4096 0 0
0 0 0 0 4095 1 0 0 0 0 0 0 0 4096 0 0 0 0 0 0 0 4096 0 0
0 0 0 4064 32 0 0 0 0 0 0 0 4096 0 0 0 0 0 0 0 757 3339 0 0
0 0 0 3315 781 0 0 0 0 0 0 0 4096 0 0 0 0 0 0 0 83 4013 0 0
0 0 0 1582 2514 0 0 0 0 0 0 0 4096 0 0 0 0 0 0 0 15 4081 0 0
0 0 0 229 3867 0 0 0 0 0 0 0 4096 0 0 0 0 0 0 0 0 4096 0 0
0 0 0 17 4079 0 0 0 0 0 0 0 4096 0 0 0 0 0 0 0 0 4096 0 0
0 0 0 1 4095 0 0 0 0 0 0 0 4096 0 0 0 0 0 0 0 0 4096 0 0
0 0 0 0 4096 0 0 0 0 0 0 0 4096 0 0 0 0 0 0 0 0 4096 0 0
0 0 0 0 4096 0 0 0 0 0 0 0 4083 13 0 0 0 0 0 0 0 4096 0 0
0 0 0 0 4096 0 0 0 0 0 0 0 3998 98 0 0 0 0 0 0 0 4096 0 0
0 0 0 0 4096 0 0 0 0 0 0 0 3307 789 0 0 0 0 0 0 0 4096 0 0
0 0 0 0 4096 0 0 0 0 0 0 0 1657 2439 0 0 0 0 0 0 0 4096 0 0
0 0 0 0 4096 0 0 0 0 0 0 0 514 3582 0 0 0 0 0 0 0 4096 0 0
0 0 0 0 4096 0 0 0 0 0 0 0 96 4000 0 0 0 0 0 0 0 4096 0 0
0 0 0 0 4096 0 0 0 0 0 0 0 8 4088 0 0 0 0 0 0 0 4096 0 0
0 0 0 0 4096 0 0 0 0 0 0 0 0 4096 0 0 0 0 0 0 0 4096 0 0
0 0 0 0 4096 0 0 0 0 0 0 0 0 4096 0 0 0 0 0 0 0 4096 0 0
0 0 0 0 4096 0 0 0 0 0 0 0 0 4096 0 0 0 0 0 0 0 4096 0 0
0 0 0 0 4096 0 0 0 0 0 0 0 0 4096 0 0 0 0 0 0 0 4096 0 0
0 0 0 0 4096 0 0 0 0 0 0 0 0 4096 0 0 0 0 0 0 0 4096 0 0
0 0 0 0 4096 0 0 0 0 0 0 0 0 4096 0 0 0 0 0 0 0 4096 0 0
