0 0 0 0 0 1539 2557 0 0 0 0 0 0 90 4006 0 0 0 0 0 0 379 3717 0
0 0 0 0 0 0 4096 0 0 0 0 0 0 0 4096 0 0 0 0 0 0 0 4096 0
0 0 0 0 0 0 3989 107 0 0 0 0 0 0 3929 167 0 0 0 0 0 0 3977 119
0 0 0 0 0 201 3895 0 0 0 0 0 0 44 4052 0 0 0 0 0 0 125 3971 0
0 0 0 0 65 2172 1821 38 0 0 0 0 0 814 3180 102 0 0 0 0 0 1316 2764 16
0 0 0 0 0 817 3134 145 0 0 0 0 0 92 3666 338 0 0 0 0 0 373 3667 56
0 0 71 216 549 969 2024 267 0 0 10 116 294 658 2683 335 0 0 38 111 399 625 2695 228
0 3 213 851 585 895 1549 0 0 0 75 406 799 905 1911 0 0 3 143 558 607 1019 1766 0
5 44 50 76 437 2780 704 0 1 28 56 48 133 1354 2475 1 6 39 49 57 155 1913 1877 0
179 551 89 52 320 887 1983 35 83 640 92 37 118 614 2264 248 390 358 82 31 161 623 2433 18
756 1418 378 272 320 694 252 6 539 1582 382 198 210 620 552 13 1067 1173 311 190 218 600 530 7
1548 1784 577 144 35 8 0 0 1460 1895 508 166 59 8 0 0 1915 1582 414 120 59 6 0 0
13 136 149 443 983 1515 803 54 7 104 141 208 736 1549 1203 148 18 136 138 298 812 1674 946 74
112 612 210 225 615 1181 982 159 64 633 185 188 356 1040 1323 307 301 454 172 181 466 1090 1182 250
401 961 690 524 447 365 522 186 412 894 645 491 457 409 530 258 597 873 574 486 429 403 526 208
1374 986 633 346 299 233 163 62 1382 981 603 347 301 234 179 69 1555 929 525 337 301 227 166 56
