0 0 0 0 0 5 3 4088 0 0 0 0 0 5 4 4087 0 0 0 0 0 5 3 4088
0 0 0 0 0 0 0 4096 0 0 0 0 0 0 0 4096 0 0 0 0 0 0 0 4096
0 0 0 0 0 0 0 4096 0 0 0 0 0 0 0 4096 0 0 0 0 0 0 0 4096
0 0 0 0 0 0 0 4096 0 0 0 0 0 0 0 4096 0 0 0 0 0 0 0 4096
0 0 0 0 0 0 0 4096 0 0 0 0 0 0 0 4096 0 0 0 0 0 0 0 4096
0 0 0 0 0 0 0 4096 0 0 0 0 0 0 0 4096 0 0 0 0 0 0 0 4096
0 0 0 0 0 0 0 4096 0 0 0 0 0 0 0 4096 0 0 0 0 0 0 0 4096
0 0 0 0 0 0 0 4096 0 0 0 0 0 0 0 4096 0 0 0 0 0 0 0 4096
0 0 0 0 0 0 0 4096 0 0 0 0 0 0 0 4096 0 0 0 0 0 0 0 4096
0 0 0 0 0 0 0 4096 0 0 0 0 0 0 0 4096 0 0 0 0 0 0 0 4096
0 0 0 0 0 0 0 4096 0 0 0 0 0 0 0 4096 0 0 0 0 0 0 0 4096
0 0 0 0 0 0 0 4096 0 0 0 0 0 0 0 4096 0 0 0 0 0 0 0 4096
0 0 0 0 0 0 0 4096 0 0 0 0 0 0 0 4096 0 0 0 0 0 0 0 4096
0 0 0 0 0 0 0 4096 0 0 0 0 0 0 0 4096 0 0 0 0 0 0 0 4096
0 0 0 0 0 0 0 4096 0 0 0 0 0 0 0 4096 0 0 0 0 0 0 0 4096
0 0 0 0 0 0 0 4096 0 0 0 0 0 0 0 4096 0 0 0 0 0 0 0 4096
0 4 536 1072 325 122 116 1921 0 130 1077 611 187 90 155 1846 0 176 984 279 518 109 144 1886
0 0 0 109 1348 616 130 1893 0 0 3 694 1448 29 31 1891 0 0 8 115 1700 344 33 1896
0 0 0 0 870 1592 632 1002 0 0 0 9 2823 241 30 993 0 0 0 0 1305 1759 37 995
0 0 0 8 901 1196 901 1090 0 0 0 43 2416 528 36 1073 0 0 0 0 670 2313 37 1076
0 0 0 3 33 724 1470 1866 0 0 0 0 912 1350 47 1787 0 0 0 0 143 2013 129 1811
0 0 0 0 54 1756 627 1659 0 0 0 0 344 2090 47 1615 0 0 0 0 24 2053 398 1621
0 0 0 0 14 701 1069 2312 0 0 0 0 56 1754 51 2235 0 0 0 0 12 1264 575 2245
0 0 0 0 87 1045 368 2596 0 0 0 0 94 1325 88 2589 0 0 0 0 0 746 752 2598
0 0 0 0 31 610 761 2694 0 0 0 0 4 1241 175 2676 0 0 0 0 0 221 1185 2690
0 0 0 0 0 165 574 3357 0 0 0 0 0 494 268 3334 0 0 0 0 0 0 747 3349
0 0 0 0 0 0 4 4092 0 0 0 0 0 0 25 4071 0 0 0 0 0 0 23 4073
0 0 0 0 0 0 0 4096 0 0 0 0 0 0 0 4096 0 0 0 0 0 0 0 4096
0 0 0 0 0 0 0 4096 0 0 0 0 0 0 0 4096 0 0 0 0 0 0 0 4096
0 0 0 0 0 0 0 4096 0 0 0 0 0 0 0 4096 0 0 0 0 0 0 0 4096
0 0 0 0 0 0 0 4096 0 0 0 0 0 0 0 4096 0 0 0 0 0 0 0 4096
0 0 0 0 0 0 0 4096 0 0 0 0 0 0 0 4096 0 0 0 0 0 0 0 4096
0 150 569 713 1447 1005 197 15 0 439 2159 1356 125 17 0 0 0 780 2689 538 82 7 0 0
0 1 347 960 1785 770 223 10 0 46 1704 1993 337 16 0 0 0 197 2722 915 244 18 0 0
0 0 119 498 2459 869 151 0 0 0 881 2316 895 4 0 0 0 10 1628 1258 1165 35 0 0
0 18 799 933 1725 574 44 3 0 13 1156 1558 1300 63 6 0 0 2 1092 1060 1785 130 27 0
0 9 486 677 1670 1088 128 38 0 1 605 1580 1765 137 8 0 0 2 527 1374 1769 407 16 1
0 2 594 400 1067 1447 449 137 0 0 714 1116 1879 317 61 9 0 0 764 1094 1314 833 80 11
0 0 13 395 1470 1483 587 148 0 0 193 1309 2306 242 41 5 0 0 341 1169 1972 542 54 18
0 0 11 332 1665 1577 426 85 0 0 11 796 2311 777 138 63 0 2 4 220 2121 1427 139 183
0 0 40 435 998 1827 617 179 0 0 9 665 1790 1434 183 15 0 0 0 231 1624 1610 511 120
0 0 0 11 500 1987 1212 386 0 0 0 45 984 2152 794 121 0 0 0 0 689 1165 1492 750
0 0 0 79 684 1872 1092 369 0 0 0 26 915 2029 804 322 0 0 0 0 304 1292 1570 930
0 0 41 130 338 1235 1224 1128 0 0 8 145 168 1867 737 1171 0 0 0 29 134 598 1579 1756
0 0 183 429 417 1226 572 1269 0 0 114 461 404 1009 811 1297 0 0 0 227 370 665 849 1985
0 0 0 71 1009 1208 453 1355 0 0 0 50 295 1775 627 1349 0 0 0 0 55 330 1801 1910
0 0 14 66 1363 1037 402 1214 0 0 0 44 89 2443 314 1206 0 0 0 1 48 107 2544 1396
0 0 0 45 1883 615 343 1210 0 0 0 35 127 2563 190 1181 0 0 0 0 38 123 2690 1245
0 0 21 103 485 2678 809 0 0 63 559 3252 222 0 0 0 10 491 3456 139 0 0 0 0
0 0 15 521 1181 978 1277 124 0 3 377 2138 1547 31 0 0 1 54 1412 2418 211 0 0 0
0 29 228 734 1067 1533 505 0 0 86 704 2208 1098 0 0 0 0 66 1323 2487 220 0 0 0
0 676 2857 504 41 15 3 0 0 474 3214 395 12 1 0 0 0 40 3376 672 8 0 0 0
0 1680 1943 220 154 95 4 0 0 1062 2744 257 33 0 0 0 0 14 3520 553 9 0 0 0
0 828 1510 979 650 128 1 0 0 677 2641 768 10 0 0 0 0 28 3290 778 0 0 0 0
0 964 1371 1112 541 94 14 0 0 818 2536 692 17 11 18 4 0 76 3298 661 25 5 15 16
0 795 978 851 705 670 82 15 0 709 1622 499 145 645 449 27 0 25 2048 617 172 134 543 557
0 104 1085 684 1064 807 246 106 0 9 1077 664 303 1129 720 194 0 0 255 1230 293 222 1016 1080
0 14 563 646 1660 1089 123 1 0 0 491 443 436 1848 829 49 0 0 41 595 292 367 1599 1202
0 3 78 459 2567 819 159 11 0 0 66 162 394 2757 618 99 0 0 0 123 117 259 2417 1180
0 3 402 428 2492 716 47 8 0 1 334 105 492 2627 526 11 0 0 9 334 98 351 2402 902
0 0 327 394 2336 779 194 66 0 0 308 177 409 2487 636 79 0 0 8 381 115 259 2312 1021
0 0 2 358 3228 505 3 0 0 0 0 0 547 3331 218 0 0 0 0 0 0 374 3271 451
0 0 225 879 2687 279 26 0 0 0 210 68 1162 2525 131 0 0 0 0 220 64 896 2743 173
0 0 0 682 3322 92 0 0 0 0 0 0 1416 2664 16 0 0 0 0 0 0 1229 2847 20
0 0 14 78 608 2238 1155 3 4 36 544 2941 571 0 0 0 14 351 3341 390 0 0 0 0
0 0 40 1324 910 1448 365 9 0 16 673 2942 457 8 0 0 0 152 1610 2158 174 2 0 0
0 0 60 2123 781 393 698 41 0 0 153 2376 341 279 725 222 0 0 16 1904 658 238 242 1038
0 31 71 1622 1624 619 129 0 0 32 169 1626 270 1578 389 32 0 0 100 899 836 143 1405 713
0 1 290 1041 1806 829 129 0 0 0 174 827 399 1936 697 63 0 0 0 378 581 250 1759 1128
2 446 429 1489 1217 322 186 5 0 309 448 201 1417 1285 358 78 0 7 528 202 147 918 1740 554
2 1624 561 1530 376 3 0 0 0 1423 290 382 1580 418 3 0 0 213 1337 173 263 1344 761 5
0 1401 1078 1360 249 8 0 0 0 1138 837 635 1234 243 9 0 0 183 1593 316 456 1192 338 18
0 172 948 1108 1453 394 20 1 0 177 1110 367 673 1439 326 4 0 31 861 659 105 531 1478 431
0 145 229 635 1728 848 296 215 0 58 349 178 539 1831 764 377 0 15 275 225 80 406 1692 1403
0 33 180 1004 1929 818 104 28 0 11 210 194 923 2006 670 82 0 2 202 168 94 691 1952 987
0 12 56 969 2342 630 77 10 0 0 28 30 944 2482 563 49 0 0 2 28 18 681 2469 898
0 8 71 1189 2056 665 107 0 0 0 9 61 1148 2213 621 44 0 0 0 10 35 898 2283 870
0 40 157 1055 2292 484 68 0 0 9 115 86 1152 2346 357 31 0 0 24 104 65 992 2456 455
0 0 17 808 2628 642 1 0 0 0 0 19 1118 2743 216 0 0 0 0 0 19 1015 2774 288
0 0 42 1409 2326 319 0 0 0 0 0 66 1934 2047 49 0 0 0 0 0 53 1831 2173 39
0 0 0 14 396 2839 824 23 0 12 375 3027 680 2 0 0 1 180 2944 969 2 0 0 0
0 0 11 304 1316 2146 317 2 0 67 969 2550 494 8 8 0 7 451 2586 825 123 85 8 11
2 9 115 637 1587 1380 366 0 0 7 154 535 756 1312 1268 64 0 5 79 430 168 557 1131 1726
8 784 584 928 1588 199 5 0 4 1037 532 87 841 1505 90 0 0 944 539 108 61 550 1707 187
4 21 60 492 2565 933 21 0 0 43 81 44 626 2777 515 10 0 27 46 54 35 384 2667 883
12 1132 723 983 1165 70 11 0 0 1036 684 306 968 1044 54 4 0 550 930 285 230 721 1285 95
5 296 827 1453 1429 81 5 0 1 478 693 397 1360 1123 44 0 0 259 707 297 234 1123 1424 52
0 142 279 1692 1730 247 6 0 0 96 97 251 1748 1716 187 1 0 7 118 73 140 1313 2095 350
4 246 468 1192 1668 513 5 0 0 213 296 323 1254 1721 289 0 0 33 326 176 241 1115 1794 411
0 1642 789 1138 444 80 3 0 0 1368 451 541 1172 506 57 1 0 690 916 243 425 1136 612 74
0 1594 1183 1129 183 5 2 0 0 1452 673 657 1086 224 3 1 0 934 1011 272 478 1073 324 4
0 1213 1552 1153 131 37 8 2 0 1215 865 674 1193 126 21 2 0 624 1197 309 499 1266 182 19
0 950 1335 1320 416 67 8 0 0 966 1016 500 1167 421 26 0 0 360 1299 405 371 1153 489 19
0 239 527 1552 1412 323 42 1 0 163 330 391 1667 1331 207 7 0 13 312 224 292 1533 1460 262
0 5 153 1268 1963 677 30 0 0 0 2 172 1656 1996 270 0 0 0 0 2 167 1692 1999 236
0 0 112 1251 2152 581 0 0 0 0 0 186 1880 1943 87 0 0 0 0 0 201 2115 1754 26
0 8 245 684 1127 1370 557 105 3 263 1037 2069 516 187 21 0 208 1880 1498 477 33 0 0 0
0 0 17 263 1325 2084 395 12 0 31 785 2646 617 17 0 0 48 792 2570 680 6 0 0 0
4 126 799 1464 1186 395 122 0 2 697 1623 855 705 202 10 2 29 964 1621 568 206 467 231 10
35 852 1117 1416 590 84 2 0 8 792 865 962 1129 305 35 0 1 544 672 684 641 1114 383 57
4 103 691 1884 1360 54 0 0 0 82 122 813 2046 1027 6 0 0 29 80 103 669 2055 1149 11
8 252 847 1690 884 244 165 6 0 220 395 997 1795 656 33 0 0 112 366 366 922 1633 668 29
0 13 553 1950 1369 145 62 4 0 13 61 821 2170 998 32 1 1 1 40 123 715 2075 1094 47
0 27 809 2045 1192 23 0 0 0 0 33 884 2234 939 6 0 0 0 0 30 792 2201 1063 10
0 25 786 1891 1264 130 0 0 0 0 31 890 2014 1126 35 0 0 0 0 26 780 2041 1203 46
0 67 1018 1948 1024 39 0 0 0 0 57 1020 2038 963 18 0 0 0 0 31 891 2057 1099 18
14 488 1084 1674 794 39 3 0 0 485 231 790 1775 793 21 1 0 332 306 65 672 1756 940 25
0 5 390 1788 1470 326 73 44 0 10 22 334 1983 1520 182 45 0 1 18 18 329 1977 1543 210
0 0 563 1828 1546 155 4 0 0 0 0 583 2056 1412 45 0 0 0 0 0 561 2116 1393 26
0 3 664 1500 1450 473 6 0 0 0 0 722 1767 1502 104 1 0 0 0 0 638 1874 1500 84
0 62 851 1557 1360 264 2 0 0 0 38 1016 1842 1148 52 0 0 0 0 60 897 1994 1116 29
0 45 625 1728 1382 316 0 0 0 0 40 856 2046 1108 46 0 0 0 0 28 803 2179 1062 24
0 0 8 666 1535 1748 132 7 1 10 123 1148 2256 558 0 0 12 92 1490 2456 46 0 0 0
0 3 62 289 1122 1838 757 25 0 58 189 928 2271 650 0 0 39 354 1164 2405 134 0 0 0
1 162 624 594 899 1017 650 149 3 525 772 1020 1216 558 2 0 56 1160 1262 1389 229 0 0 0
51 715 859 1376 822 225 36 12 16 700 500 1279 1279 314 8 0 14 445 696 574 951 1061 341 14
318 1590 718 963 487 20 0 0 241 1700 423 724 738 266 4 0 125 1606 510 249 555 746 297 8
24 2023 937 531 312 190 78 1 11 2082 971 594 378 60 0 0 1 1511 1433 627 333 161 30 0
1 245 731 906 999 861 315 38 0 430 977 1464 1064 156 5 0 7 411 1248 1359 651 362 57 1
3 208 640 1443 1386 369 47 0 13 195 289 1171 1683 733 12 0 11 189 397 331 736 1591 814 27
140 1482 509 1002 856 107 0 0 59 1470 235 575 1096 635 26 0 1 1338 282 176 519 1057 677 46
472 1655 586 848 478 57 0 0 398 1846 587 217 653 371 24 0 51 2052 689 77 146 585 461 35
47 2115 999 591 220 106 18 0 47 1969 582 741 482 166 100 9 3 1742 491 369 617 523 198 153
0 323 280 337 694 684 819 959 0 365 205 141 683 684 885 1133 0 192 300 76 227 707 689 1905
0 21 740 1145 1015 679 338 158 0 0 12 787 1399 1109 558 231 0 0 0 8 693 1455 1161 779
0 45 774 984 822 959 405 107 0 0 31 926 1068 785 1073 213 0 0 0 51 766 1058 748 1473
0 72 1083 1127 848 732 233 1 0 0 74 1266 1114 812 728 102 0 0 0 84 1136 1102 661 1113
0 215 1333 1639 679 181 49 0 0 0 260 1529 1621 546 138 2 0 0 0 221 1312 1705 644 214
0 21 145 547 2137 934 288 24 0 48 173 660 2269 944 2 0 31 162 1073 2451 379 0 0 0
0 2 65 475 1126 1607 631 190 0 35 235 702 1728 1153 243 0 12 157 1336 2231 344 16 0 0
0 0 0 39 299 1250 1445 1063 0 0 71 351 837 1542 1289 6 7 148 1163 2149 621 8 0 0
0 76 125 286 827 1071 961 750 10 154 321 975 999 1182 407 48 79 698 1086 1772 452 9 0 0
185 2489 403 141 140 242 323 173 190 2677 355 139 231 320 184 0 145 2611 639 577 122 2 0 0
252 3677 119 38 5 5 0 0 313 3660 110 8 5 0 0 0 167 3756 160 9 4 0 0 0
92 3076 517 166 162 77 6 0 97 3170 518 252 56 3 0 0 30 3103 672 254 35 2 0 0
90 1317 962 676 622 356 73 0 57 1524 1230 947 310 24 4 0 28 1323 1429 911 299 80 23 3
25 597 1503 1530 392 49 0 0 4 337 621 1702 1208 209 15 0 0 150 307 574 1515 1286 232 32
690 2801 479 105 21 0 0 0 446 2874 465 289 20 2 0 0 84 2997 500 265 226 24 0 0
482 2847 424 205 134 4 0 0 413 3074 427 181 1 0 0 0 118 3258 539 147 34 0 0 0
146 3442 334 70 35 41 27 1 125 3520 263 68 43 28 36 13 65 3224 534 109 52 32 29 51
1 664 712 476 599 713 587 344 0 572 741 470 502 676 791 344 0 319 500 529 459 531 678 1080
0 146 940 1536 1041 395 27 11 0 18 281 1180 1559 839 204 15 0 0 40 234 1029 1555 930 308
0 119 624 1572 1388 328 64 1 0 0 87 1017 1893 958 139 2 0 0 0 92 976 1995 874 159
0 285 1453 1627 643 84 4 0 0 0 345 1756 1623 357 15 0 0 0 0 362 1813 1588 324 9
0 14 206 1756 1244 540 246 90 0 12 212 903 2158 713 98 0 17 269 2239 1530 41 0 0 0
0 32 235 824 1370 1118 468 49 4 114 460 1186 1348 824 160 0 41 378 1965 1650 62 0 0 0
0 0 0 35 514 1286 1462 799 0 0 25 137 1176 1415 1139 204 0 76 1018 2164 818 20 0 0
0 0 0 40 588 1498 1155 815 0 0 26 218 1355 1731 752 14 8 99 1239 2066 668 16 0 0
0 51 101 178 472 578 1083 1633 6 123 117 409 706 1440 1207 88 90 290 830 1852 925 107 2 0
45 1037 175 105 488 811 890 545 40 1197 113 347 804 1084 501 10 176 1201 657 1467 564 31 0 0
72 1890 202 118 296 503 563 452 201 1996 95 130 430 864 369 11 318 1965 257 829 706 21 0 0
0 627 1067 1019 702 239 189 253 39 1561 1430 500 103 250 213 0 141 1997 1328 479 150 1 0 0
0 57 960 1446 1146 439 18 30 4 158 718 1607 992 527 89 1 5 261 825 478 928 956 520 123
46 815 1913 957 315 50 0 0 10 350 796 1823 830 258 29 0 2 231 161 673 1774 934 276 45
1171 1978 641 235 70 1 0 0 1015 1682 805 367 185 42 0 0 401 1943 530 643 326 184 69 0
121 1438 1175 772 397 160 25 8 120 1288 818 819 582 332 130 7 57 1178 640 492 625 596 352 156
0 273 1419 1273 726 352 49 4 0 2 253 1582 1262 715 265 17 0 0 2 331 1405 1250 745 363
33 384 993 1508 853 281 44 0 7 255 191 1063 1598 772 193 17 0 118 150 176 987 1572 837 256
0 511 1582 1494 475 34 0 0 0 51 450 1657 1519 401 18 0 0 21 29 405 1570 1580 461 30
425 799 1475 1037 341 19 0 0 327 240 747 1575 988 208 11 0 186 264 113 745 1674 868 240 6
5 119 171 638 2235 760 157 11 6 130 279 558 933 1994 196 0 80 493 2300 1206 17 0 0 0
0 107 559 1462 875 875 216 2 0 87 437 1298 1894 369 11 0 22 520 1802 1594 158 0 0 0
0 0 31 713 2062 1015 229 46 0 0 27 458 2422 1090 99 0 0 38 1471 2231 353 3 0 0
0 4 34 276 1230 1707 628 217 0 0 43 198 981 2115 754 5 13 121 1521 2156 285 0 0 0
0 0 0 14 398 1692 1263 729 0 0 20 82 683 2099 1141 71 0 20 1247 2207 612 10 0 0
0 0 5 61 319 1046 1592 1073 0 0 26 319 918 1919 912 2 3 118 649 2267 1020 37 2 0
0 0 71 590 1039 900 990 506 0 23 125 342 1238 1523 801 44 72 237 1105 2212 458 12 0 0
0 8 59 539 1129 770 799 792 3 73 306 377 802 1188 1252 95 69 295 1164 1788 779 1 0 0
0 6 120 169 670 1303 1142 686 0 21 202 295 828 1781 919 50 3 118 704 2256 890 95 24 6
0 283 826 420 307 657 818 785 0 0 482 1145 922 1141 406 0 0 6 244 1800 1838 195 7 6
8 549 975 585 320 659 567 433 2 82 729 1219 891 720 450 3 3 70 394 1883 1274 383 78 11
370 1437 909 382 221 263 305 209 285 788 1278 779 552 339 75 0 175 623 815 1500 665 255 63 0
693 2093 875 306 101 19 5 4 545 1599 1111 526 239 66 10 0 266 1227 881 899 488 223 94 18
2366 1375 261 89 5 0 0 0 2084 1384 391 171 63 3 0 0 1426 1487 636 313 140 86 6 2
1937 1526 410 167 52 4 0 0 1783 1431 341 372 131 37 1 0 1412 1656 192 280 381 133 39 3
472 2276 1058 246 44 0 0 0 216 1293 1636 745 175 31 0 0 124 300 1232 1418 738 231 52 1
0 90 192 454 2311 959 81 9 0 159 324 999 1815 769 30 0 6 391 1853 1772 73 1 0 0
0 34 286 2173 1368 215 18 2 0 14 409 2128 1380 165 0 0 0 232 2026 1690 148 0 0 0
0 1 68 917 1468 712 519 411 0 6 124 1135 1311 935 585 0 5 38 1174 2182 651 46 0 0
0 9 89 291 1141 1365 906 295 0 29 81 212 1172 2261 341 0 48 194 1794 1971 89 0 0 0
0 0 0 35 511 1541 1349 660 0 0 27 122 632 2318 994 3 22 82 1514 2314 164 0 0 0
0 1 20 114 371 1267 1472 851 0 9 32 139 810 1649 1366 91 18 133 766 2576 603 0 0 0
0 113 225 342 546 1348 949 573 12 174 215 450 560 1462 1179 44 134 291 995 2068 595 13 0 0
0 18 105 389 687 1308 807 782 0 55 133 295 774 1655 1167 17 109 202 996 2215 510 64 0 0
0 0 2 55 315 1216 1345 1163 0 0 9 90 801 2045 1103 48 2 21 899 2613 546 15 0 0
0 2 37 310 1109 1593 778 267 0 20 64 337 1872 1559 244 0 17 134 1457 2117 361 10 0 0
0 0 21 93 468 1059 1051 1404 0 17 68 258 738 2072 943 0 3 95 881 2492 594 31 0 0
0 7 18 47 935 1594 972 523 0 10 41 247 1524 1974 300 0 6 151 1267 2423 246 3 0 0
6 205 347 287 622 1243 1020 366 7 188 439 493 1302 1604 63 0 15 131 1987 1681 197 78 7 0
94 1515 1313 536 291 197 100 50 16 767 1550 935 575 248 5 0 12 205 1007 1558 855 359 89 11
1482 1975 568 71 0 0 0 0 883 1964 827 389 33 0 0 0 613 1167 1255 618 361 82 0 0
3267 680 124 22 3 0 0 0 3131 665 236 47 17 0 0 0 2858 736 282 168 36 15 1 0
