4096 0 0 0 0 0 0 0 2641 1455 0 0 0 0 0 0 0 0 1190 1689 1217 0 0 0
4040 55 1 0 0 0 0 0 2547 1493 55 1 0 0 0 0 0 0 1082 1667 1269 77 1 0
3834 172 64 26 0 0 0 0 2328 1533 186 49 0 0 0 0 0 0 1003 1586 1190 287 30 0
2142 71 40 214 515 420 676 18 1890 312 47 182 479 377 715 94 0 0 932 1148 174 437 848 557
1106 1632 641 192 61 47 250 167 0 686 1750 979 194 44 211 232 0 0 0 0 265 1818 1612 401
608 1351 1034 433 291 215 108 56 0 314 1571 1178 464 274 217 78 0 0 0 0 165 1517 1999 415
153 1231 1320 753 379 188 68 4 0 118 1338 1241 893 351 132 23 0 0 0 0 42 1494 2160 400
0 125 1060 1192 985 608 126 0 0 0 188 1239 1584 845 240 0 0 0 0 0 7 601 3096 392
1 11 135 710 1653 878 472 236 1 21 203 348 1158 1479 590 296 144 181 219 93 92 234 2251 882
13 10 36 479 2073 1129 273 83 11 14 40 200 505 2296 901 129 9 48 91 156 81 107 2344 1260
0 8 272 1027 1709 936 127 17 0 2 37 67 902 2410 618 60 0 5 32 36 68 148 2669 1138
0 0 1054 1423 1288 253 74 4 0 0 169 503 1542 1694 161 27 8 180 257 128 81 52 2812 578
0 640 1320 1640 472 21 3 0 2 859 1230 1581 404 17 3 0 64 1024 590 877 744 748 49 0
42 714 1442 1175 719 4 0 0 79 762 1258 1182 764 51 0 0 58 773 682 659 526 943 455 0
380 867 1399 693 752 5 0 0 306 806 1137 898 861 88 0 0 121 784 521 699 419 962 590 0
906 1175 803 769 426 17 0 0 705 1028 728 911 702 22 0 0 144 733 661 594 613 924 427 0
