897 1952 370 143 76 59 348 251 1000 1983 306 104 56 56 363 228 89 2289 865 131 62 56 250 354
1011 1328 414 194 146 204 747 52 1167 1305 339 162 149 183 757 34 300 1669 764 204 152 146 785 76
581 305 188 197 221 435 1994 175 618 297 175 191 204 407 2013 191 46 756 244 193 175 350 1966 366
366 783 605 517 659 623 524 19 487 877 644 648 535 436 461 8 156 1048 793 781 468 321 510 19
1588 926 809 613 130 27 3 0 1681 1120 821 419 44 11 0 0 1345 1892 682 142 35 0 0 0
241 294 248 385 773 2150 5 0 274 303 235 364 697 2211 12 0 87 400 247 335 560 2279 188 0
0 0 0 0 320 3638 138 0 0 0 0 0 169 3727 200 0 0 0 0 0 40 3428 628 0
476 687 735 735 759 704 0 0 474 641 692 771 752 766 0 0 171 730 686 796 725 974 14 0
1151 992 1009 616 231 86 11 0 1181 1173 1057 513 150 22 0 0 1882 1564 427 175 48 0 0 0
171 394 269 612 1820 830 0 0 215 413 269 273 1737 1189 0 0 303 443 250 130 1095 1866 9 0
0 0 10 1232 2385 469 0 0 0 0 0 374 2770 952 0 0 0 0 0 82 2470 1544 0 0
194 145 424 2220 1032 66 15 0 240 162 227 1450 1886 130 1 0 231 175 179 868 2399 243 1 0
1546 1503 539 270 120 98 20 0 1743 1506 470 227 109 41 0 0 2331 1328 253 126 55 3 0 0
1828 1237 303 177 423 128 0 0 1966 1190 243 89 193 415 0 0 2056 1235 147 36 245 377 0 0
0 35 10 340 2701 1010 0 0 5 33 8 22 1075 2953 0 0 2 31 12 8 2227 1816 0 0
0 0 0 548 1868 1594 85 1 0 0 0 24 1715 2334 23 0 0 0 0 11 3024 1049 12 0
