122 5 0 63 216 260 1281 2149 84 43 0 61 2 264 628 3014 64 63 0 1 62 0 8 3898
64 0 44 135 270 869 1486 1228 64 0 0 108 90 276 1265 2293 64 0 0 37 63 28 140 3764
64 0 372 148 93 1600 1598 221 64 0 0 468 60 138 1851 1515 64 0 0 238 234 45 95 3420
64 0 242 352 456 2172 810 0 64 0 0 293 263 572 2574 330 64 0 0 106 110 173 245 3398
64 0 1575 2249 208 0 0 0 64 0 27 2297 1606 102 0 0 16 48 0 78 1894 1438 589 33
21 139 3004 903 29 0 0 0 1 111 465 3035 475 9 0 0 1 79 89 546 2504 747 130 0
102 413 3130 433 15 1 2 0 31 274 1278 2467 35 9 1 1 14 351 459 1297 1931 32 10 2
95 1069 2502 365 46 12 7 0 29 601 1783 1558 85 23 12 5 62 995 1013 1332 627 36 20 11
68 1397 2534 60 8 14 12 3 64 203 2771 1004 22 14 10 8 61 10 1366 2213 406 10 15 15
323 2386 938 194 89 55 43 68 66 1636 1678 392 129 62 49 84 33 557 2201 825 225 93 63 99
1612 1278 813 219 65 34 20 55 796 1798 974 328 85 31 24 60 586 1964 1049 296 83 29 25 64
491 1199 1508 715 167 14 1 1 299 1072 1605 876 215 27 1 1 405 1417 1464 656 143 9 1 1
664 2823 519 66 16 5 2 1 220 2295 1433 112 21 12 2 1 112 1479 2242 216 27 15 3 2
2099 1635 181 68 55 34 16 8 822 2605 439 95 55 40 29 11 382 2440 985 125 64 46 33 21
2856 590 195 94 80 78 70 133 2528 811 249 108 87 79 66 168 2292 1028 230 129 82 73 69 193
1973 912 853 217 72 37 20 12 1845 890 783 401 88 48 24 17 2294 958 512 178 67 40 27 20
