0 0 0 0 0 0 713 3383 0 0 0 0 0 1645 2401 50 0 0 0 0 1366 2442 288 0
0 0 0 0 0 278 2789 1029 0 0 0 0 332 2250 1514 0 0 0 0 0 1578 2449 69 0
0 266 25 13 36 1985 1771 0 0 281 13 17 1108 2500 177 0 0 282 15 19 1799 1981 0 0
207 1560 77 21 226 2005 0 0 878 950 26 25 1075 1142 0 0 1276 560 21 26 1327 886 0 0
0 116 209 745 906 1408 712 0 0 197 157 1010 2080 652 0 0 3 209 142 1092 2650 0 0 0
0 669 1646 699 142 882 58 0 2 865 1661 578 959 31 0 0 93 825 1655 538 985 0 0 0
0 1577 1208 1150 34 127 0 0 4 2247 1454 240 151 0 0 0 49 2419 1382 99 147 0 0 0
114 2119 1011 852 0 0 0 0 416 2216 1464 0 0 0 0 0 804 2717 575 0 0 0 0 0
0 175 220 66 237 3398 0 0 0 325 105 118 3376 172 0 0 2 375 83 420 3216 0 0 0
132 824 601 236 1141 1162 0 0 301 1092 298 590 1815 0 0 0 763 789 215 1366 963 0 0 0
514 1025 1092 944 518 3 0 0 802 1027 1457 737 73 0 0 0 1454 769 1221 646 6 0 0 0
118 1039 2497 385 57 0 0 0 327 2374 1287 100 8 0 0 0 917 2769 327 83 0 0 0 0
0 0 0 146 421 1698 1831 0 0 0 25 368 955 2748 0 0 0 0 135 459 3502 0 0 0
141 519 589 279 388 2029 151 0 315 842 287 308 1929 415 0 0 872 457 289 601 1877 0 0 0
423 858 703 275 859 978 0 0 633 1236 308 386 1533 0 0 0 1645 414 260 1135 642 0 0 0
501 859 662 539 1496 39 0 0 689 1184 406 996 821 0 0 0 1599 479 389 1497 132 0 0 0
