0 0 0 0 0 4096 0 0 0 0 0 0 0 0 4096 0 0 0 0 0 0 0 0 4096
0 0 0 0 0 4096 0 0 0 0 0 0 0 0 4096 0 0 0 0 0 0 0 0 4096
0 0 0 0 0 4096 0 0 0 0 0 0 0 0 4096 0 0 0 0 0 0 0 0 4096
0 0 0 0 3 4093 0 0 0 0 0 0 0 0 4096 0 0 0 0 0 0 0 0 4096
0 0 0 0 0 4096 0 0 0 0 0 0 0 0 4096 0 0 0 0 0 0 0 0 4096
0 0 0 0 13 4083 0 0 0 0 0 0 0 0 4096 0 0 0 0 0 0 0 0 4096
0 0 0 0 47 4049 0 0 0 0 0 0 0 0 4096 0 0 0 0 0 0 0 0 4096
0 0 0 0 303 3793 0 0 0 0 0 0 0 0 4096 0 0 0 0 0 0 0 0 4096
0 0 0 0 1038 3058 0 0 0 0 0 0 0 0 4096 0 0 0 0 0 0 0 0 4096
0 0 0 0 1927 2169 0 0 0 0 0 0 0 0 4096 0 0 0 0 0 0 0 0 4096
0 0 0 0 3580 516 0 0 0 0 0 0 0 0 4096 0 0 0 0 0 0 0 0 4096
0 0 0 0 4096 0 0 0 0 0 0 0 0 0 4096 0 0 0 0 0 0 0 0 4096
0 0 0 0 4096 0 0 0 0 0 0 0 0 0 4096 0 0 0 0 0 0 0 0 4096
0 0 0 0 4096 0 0 0 0 0 0 0 0 0 4096 0 0 0 0 0 0 0 0 4096
0 0 0 0 4096 0 0 0 0 0 0 0 0 0 4096 0 0 0 0 0 0 0 0 4096
0 0 0 0 4096 0 0 0 0 0 0 0 0 12 4084 0 0 0 0 0 0 0 0 4096
0 0 0 0 4096 0 0 0 0 0 0 0 0 790 3306 0 0 0 0 0 0 0 0 4096
0 0 0 0 4096 0 0 0 0 0 0 0 0 2191 1905 0 0 0 0 0 0 0 0 4096
0 0 0 0 4096 0 0 0 0 0 0 0 0 3165 931 0 0 0 0 0 0 0 0 4096
0 0 0 0 0 4096 0 0 0 0 0 0 0 0 4096 0 0 0 0 0 0 0 0 4096
0 0 0 0 0 4096 0 0 0 0 0 0 0 0 4096 0 0 0 0 0 0 0 0 4096
0 0 0 0 0 4096 0 0 0 0 0 0 0 0 4096 0 0 0 0 0 0 0 0 4096
0 0 0 0 0 4096 0 0 0 0 0 0 0 0 4096 0 0 0 0 0 0 0 0 4096
0 0 0 0 0 4096 0 0 0 0 0 0 0 0 4096 0 0 0 0 0 0 0 0 4096
0 0 0 0 0 4096 0 0 0 0 0 0 0 0 4096 0 0 0 0 0 0 0 0 4096
0 0 0 0 2 4094 0 0 0 0 0 0 0 0 4096 0 0 0 0 0 0 0 0 4096
0 0 0 0 57 4039 0 0 0 0 0 0 0 0 4096 0 0 0 0 0 0 0 0 4096
0 0 0 0 416 3680 0 0 0 0 0 0 0 0 4096 0 0 0 0 0 0 0 0 4096
0 0 0 0 1473 2623 0 0 0 0 0 0 0 0 4096 0 0 0 0 0 0 0 0 4096
0 0 0 0 3605 491 0 0 0 0 0 0 0 0 4096 0 0 0 0 0 0 0 0 4096
0 0 0 0 4096 0 0 0 0 0 0 0 0 0 4096 0 0 0 0 0 0 0 0 4096
0 0 0 0 4096 0 0 0 0 0 0 0 0 0 4096 0 0 0 0 0 0 0 0 4096
0 0 0 0 4096 0 0 0 0 0 0 0 0 0 4096 0 0 0 0 0 0 0 0 4096
0 0 0 0 4096 0 0 0 0 0 0 0 0 0 4096 0 0 0 0 0 0 0 0 4096
0 0 0 0 4096 0 0 0 0 0 0 0 0 0 4096 0 0 0 0 0 0 0 0 4096
0 0 0 0 4096 0 0 0 0 0 0 0 0 5 4091 0 0 0 0 0 0 0 0 4096
0 0 0 0 4096 0 0 0 0 0 0 0 0 64 4032 0 0 0 0 0 0 0 0 4096
0 0 0 0 4096 0 0 0 0 0 0 0 0 953 3143 0 0 0 0 0 0 0 0 4096
0 0 2 1904 1738 452 0 0 0 0 0 870 2701 118 407 0 0 0 0 11 3358 278 76 373
0 5 257 1842 1316 674 2 0 0 0 24 1639 1711 93 629 0 0 0 0 54 2423 944 68 607
0 0 2 1179 1143 1772 0 0 0 0 0 274 1973 55 1794 0 0 0 0 0 1081 1165 51 1799
0 0 0 355 652 3089 0 0 0 0 0 12 451 124 3509 0 0 0 0 0 196 254 105 3541
0 0 0 46 860 3190 0 0 0 0 0 0 15 228 3853 0 0 0 0 0 0 0 71 4025
0 0 0 25 854 3217 0 0 0 0 0 0 1 84 4011 0 0 0 0 0 0 0 37 4059
0 0 0 2 947 3147 0 0 0 0 0 0 0 4 4092 0 0 0 0 0 0 0 2 4094
0 0 0 0 1487 2609 0 0 0 0 0 0 0 0 4096 0 0 0 0 0 0 0 0 4096
0 0 0 0 2284 1812 0 0 0 0 0 0 0 0 4096 0 0 0 0 0 0 0 0 4096
0 0 0 0 3347 749 0 0 0 0 0 0 0 0 4096 0 0 0 0 0 0 0 0 4096
0 0 0 0 3696 400 0 0 0 0 0 0 0 0 4096 0 0 0 0 0 0 0 0 4096
0 0 0 0 4071 25 0 0 0 0 0 0 0 0 4096 0 0 0 0 0 0 0 0 4096
0 0 0 0 4096 0 0 0 0 0 0 0 0 0 4096 0 0 0 0 0 0 0 0 4096
0 0 0 0 4096 0 0 0 0 0 0 0 0 0 4096 0 0 0 0 0 0 0 0 4096
0 0 0 0 4096 0 0 0 0 0 0 0 0 0 4096 0 0 0 0 0 0 0 0 4096
0 0 0 0 4096 0 0 0 0 0 0 0 0 0 4096 0 0 0 0 0 0 0 0 4096
0 0 0 0 4096 0 0 0 0 0 0 0 0 0 4096 0 0 0 0 0 0 0 0 4096
0 0 0 0 4096 0 0 0 0 0 0 0 0 25 4071 0 0 0 0 0 0 0 0 4096
0 0 0 0 4096 0 0 0 0 0 0 0 0 104 3992 0 0 0 0 0 0 0 0 4096
0 0 481 2722 893 0 0 0 0 0 58 1331 2698 9 0 0 0 0 0 353 3458 285 0 0
0 0 641 3137 318 0 0 0 0 0 111 1573 2412 0 0 0 0 0 0 223 3771 102 0 0
0 0 467 3197 432 0 0 0 0 0 58 1638 2400 0 0 0 0 0 0 39 3836 221 0 0
0 0 181 3436 479 0 0 0 0 0 0 739 3335 22 0 0 0 0 0 0 3537 512 42 5
0 0 599 2565 924 8 0 0 0 0 2 1140 2272 678 4 0 0 0 0 0 1953 1275 436 432
0 25 1464 2296 278 33 0 0 0 0 366 1207 1156 1345 22 0 0 0 0 7 1853 278 695 1263
0 2 1641 1980 462 11 0 0 0 0 213 888 1504 1244 247 0 0 0 0 8 1100 269 1004 1715
0 50 2082 1604 328 30 2 0 0 0 163 280 2224 1104 323 2 0 0 0 1 369 140 1787 1799
0 0 2147 1547 349 33 12 8 0 0 0 32 2684 1013 348 19 0 0 0 0 13 29 2262 1792
0 0 2277 1475 329 12 3 0 0 0 0 0 3041 743 312 0 0 0 0 0 1 31 2278 1786
0 9 1018 1529 583 723 234 0 0 5 23 34 2294 1423 317 0 0 0 22 99 854 297 1085 1739
1 585 1019 1138 648 558 140 7 0 343 494 314 1364 1209 369 3 0 3 479 691 584 331 549 1459
30 328 2060 548 512 458 155 5 0 283 130 105 2358 832 384 4 0 0 273 198 420 454 1456 1295
0 6 3557 213 320 0 0 0 0 0 0 213 3312 272 299 0 0 0 0 0 0 0 3008 1088
0 24 3550 202 320 0 0 0 0 0 0 504 3032 275 285 0 0 0 0 0 0 0 3145 951
0 192 3388 196 320 0 0 0 0 0 0 1081 2454 294 267 0 0 0 0 0 0 4 3204 888
0 592 2969 215 320 0 0 0 0 0 0 1292 2234 262 308 0 0 0 0 0 0 6 3248 842
0 794 2793 189 320 0 0 0 0 0 0 1409 2129 243 315 0 0 0 0 0 0 34 3329 733
0 837 2788 151 320 0 0 0 0 0 0 1481 2126 198 291 0 0 0 0 0 0 209 3187 700
727 1649 1361 343 11 5 0 0 0 1656 1326 975 130 7 2 0 0 377 1770 1486 423 30 8 2
213 1086 1643 495 306 297 49 7 0 745 1303 1163 387 369 120 9 0 4 1071 1005 1189 385 421 21
18 365 929 651 912 941 273 7 0 158 547 1065 441 983 736 166 0 7 407 334 822 605 757 1164
5 556 585 579 773 1090 505 3 0 248 535 656 268 728 1368 293 0 6 565 242 412 431 555 1885
38 467 852 412 609 922 774 22 0 281 404 771 236 605 1204 595 0 1 499 254 427 453 473 1989
4 503 902 448 401 894 848 96 0 144 651 565 311 566 1118 741 0 0 350 457 406 220 588 2075
0 0 689 1727 616 841 223 0 0 0 14 354 1097 1415 970 246 0 0 0 0 197 186 1917 1796
0 7 1963 1237 354 412 119 4 0 0 68 89 2575 746 488 130 0 0 0 0 73 132 2987 904
0 0 1776 883 458 946 33 0 0 0 40 166 2552 1174 157 7 0 1 62 285 768 332 2314 334
0 19 410 508 506 2277 374 2 0 3 225 255 1228 2219 111 55 0 9 266 587 2262 259 528 185
0 428 571 953 1074 940 125 5 0 406 443 1167 1335 699 45 1 0 27 793 1751 1351 144 29 1
3 683 300 336 890 1497 378 9 0 592 402 392 1331 1211 167 1 0 20 875 985 1571 559 84 2
479 2832 271 128 170 179 37 0 0 3190 343 170 266 115 12 0 0 111 3223 378 222 122 40 0
208 932 2843 32 37 29 7 8 0 557 41 1514 1923 38 13 10 0 0 556 37 57 712 2713 21
108 1217 2137 435 139 37 22 1 2 332 502 2270 916 53 21 0 1 186 617 501 224 670 1896 1
0 2569 1527 0 0 0 0 0 0 0 0 3707 389 0 0 0 0 0 0 0 0 1542 2554 0
0 3083 1013 0 0 0 0 0 0 0 0 3976 120 0 0 0 0 0 0 0 0 1850 2246 0
0 3258 838 0 0 0 0 0 0 0 0 3970 126 0 0 0 0 0 0 0 0 2562 1534 0
0 3676 420 0 0 0 0 0 0 0 1 4061 34 0 0 0 0 0 0 0 0 3135 961 0
3333 763 0 0 0 0 0 0 206 3880 10 0 0 0 0 0 0 2884 1212 0 0 0 0 0
377 3148 549 22 0 0 0 0 0 2501 1527 68 0 0 0 0 0 185 3719 187 5 0 0 0
368 2931 768 29 0 0 0 0 2 1849 2151 94 0 0 0 0 0 322 3435 334 5 0 0 0
288 2515 1279 12 2 0 0 0 3 1508 2488 92 5 0 0 0 0 312 3288 490 5 1 0 0
74 2412 1562 48 0 0 0 0 0 1262 2534 299 1 0 0 0 0 209 3361 525 1 0 0 0
106 2621 1353 16 0 0 0 0 0 1463 2476 157 0 0 0 0 0 215 3313 568 0 0 0 0
75 2160 1357 196 125 107 47 29 6 1253 2171 169 152 143 129 73 0 191 2737 608 79 93 169 219
219 2089 1311 323 125 29 0 0 4 1535 1749 286 333 186 3 0 0 438 2691 417 125 123 292 10
69 936 1420 258 650 754 9 0 1 657 1577 416 916 529 0 0 0 305 1886 1026 875 4 0 0
7 822 994 676 1023 572 2 0 2 631 1000 835 1359 269 0 0 0 160 1557 1736 638 5 0 0
0 382 649 987 1283 682 113 0 0 324 660 1233 1339 524 16 0 0 55 1046 1749 1174 71 1 0
17 2129 543 371 479 506 50 1 0 1958 761 483 563 309 22 0 0 69 2384 980 584 66 13 0
1193 2894 6 2 1 0 0 0 0 4018 74 2 2 0 0 0 0 69 3982 44 1 0 0 0
1052 674 1008 1011 268 62 12 9 29 1522 547 1230 681 70 5 12 1 718 1716 848 216 327 241 29
3139 831 107 19 0 0 0 0 73 3781 182 52 8 0 0 0 0 3270 757 38 23 8 0 0
748 3054 276 8 3 3 4 0 56 1112 55 2814 52 6 1 0 0 641 536 38 291 2512 78 0
0 2869 222 37 45 127 788 8 0 0 12 3080 88 768 148 0 0 0 9 222 860 2958 47 0
11 1389 195 38 80 788 1575 20 0 0 9 1591 221 2054 221 0 0 2 55 1023 1403 1544 69 0
0 356 148 50 201 1649 1679 13 0 0 2 542 582 2719 250 1 0 6 152 1930 1469 508 31 0
1197 2334 531 33 1 0 0 0 108 2759 1055 173 1 0 0 0 2 2126 1856 110 2 0 0 0
357 2022 1319 356 42 0 0 0 14 1563 1859 593 66 1 0 0 1 905 2684 474 31 1 0 0
524 2581 893 98 0 0 0 0 1 2279 1529 284 3 0 0 0 0 1058 2761 276 1 0 0 0
427 2406 1189 73 1 0 0 0 14 2038 1861 181 2 0 0 0 0 951 2823 316 6 0 0 0
760 2440 857 39 0 0 0 0 24 2550 1427 92 3 0 0 0 0 1577 2341 175 3 0 0 0
666 2495 791 109 31 3 1 0 17 2664 1198 176 36 4 1 0 0 1438 2279 287 77 14 1 0
109 1788 899 670 223 124 283 0 9 1423 1240 713 312 215 184 0 0 352 1699 945 614 271 215 0
9 675 680 1275 405 231 820 1 0 475 775 1359 464 521 502 0 0 48 565 1424 984 497 578 0
0 41 594 1829 830 508 293 1 0 25 468 1857 960 648 138 0 1 11 258 1357 1469 696 301 3
1 44 640 1580 1476 304 37 14 0 20 480 1452 1458 630 29 27 0 14 220 1032 1431 744 578 77
0 160 533 986 862 603 895 57 0 141 467 921 823 375 1046 323 0 3 310 841 708 458 422 1354
8 1054 443 634 401 870 649 37 0 957 461 342 488 479 1187 182 0 19 1047 495 286 416 500 1333
339 997 240 709 830 742 238 1 1 1292 213 500 571 773 668 78 0 26 1380 424 364 461 793 648
829 530 998 933 507 199 93 7 509 946 1112 948 416 133 32 0 14 1165 1256 1203 396 56 6 0
2288 184 40 26 29 174 1316 39 1798 691 35 19 91 1280 182 0 34 2432 75 365 1139 51 0 0
522 96 50 23 36 655 2647 67 466 137 32 66 200 2718 477 0 16 589 48 1110 2236 92 5 0
0 0 0 0 16 919 3099 62 0 0 0 7 266 3465 357 1 0 0 31 1737 2308 19 1 0
0 0 1 9 82 1465 2489 50 0 0 3 27 541 3188 337 0 1 7 115 2061 1883 29 0 0
0 0 0 1 145 1675 2248 27 0 0 0 19 721 3088 268 0 0 1 204 2361 1520 10 0 0
743 1048 570 1080 598 48 9 0 82 1553 671 831 901 52 6 0 3 1347 798 608 1251 82 5 2
203 1270 745 1356 511 10 1 0 5 1216 905 988 934 44 3 1 0 676 1209 580 1303 312 15 1
73 1025 816 1323 710 115 31 3 0 869 902 809 1173 267 58 18 0 341 1046 684 816 885 244 80
10 512 1058 1500 844 170 2 0 0 401 1054 849 1202 503 87 0 0 129 874 767 937 807 467 115
75 511 710 2397 393 10 0 0 0 503 629 1009 1924 31 0 0 0 237 464 884 1057 1445 9 0
4 79 570 2953 436 49 5 0 0 55 370 1239 2329 82 19 2 0 9 91 864 1098 1903 111 20
0 10 727 2287 362 288 422 0 0 2 327 1193 1777 717 67 13 0 0 16 1078 1245 1289 412 56
2 50 723 1191 853 1012 265 0 0 28 538 1106 1188 1127 109 0 1 31 263 2184 987 270 272 88
29 584 955 1569 892 66 1 0 13 505 816 1391 1192 159 20 0 23 651 1657 1031 341 272 102 19
491 990 1226 1046 290 51 2 0 295 957 1035 1239 404 151 15 0 323 1198 1169 506 453 302 129 16
259 878 1468 950 314 161 61 5 162 836 623 1143 921 258 122 31 184 937 543 268 669 1066 269 160
36 183 1867 1024 361 248 367 10 48 141 221 1971 939 586 176 14 64 156 178 339 2144 928 171 116
135 243 819 502 230 355 1780 32 118 261 387 837 374 1854 262 3 176 253 310 1034 2066 192 56 9
1 50 160 104 51 727 2943 60 1 64 161 107 305 3203 255 0 0 32 184 1605 2245 30 0 0
0 0 0 0 44 1302 2710 40 0 0 0 20 734 3163 179 0 0 0 71 2033 1973 19 0 0
0 0 0 0 45 1079 2857 115 0 0 0 18 567 3194 317 0 0 1 70 1660 2284 81 0 0
0 0 0 1 33 902 2977 183 0 0 0 15 443 3075 560 3 0 1 56 1485 2457 95 2 0
0 0 0 6 140 1431 2379 140 0 0 3 46 797 2808 441 1 0 7 177 1879 1928 104 1 0
0 0 1 20 320 1841 1861 53 0 0 4 86 1012 2608 384 2 0 16 405 2154 1477 43 1 0
0 24 117 1601 1687 233 340 94 0 19 60 952 2306 358 399 2 0 15 92 733 1935 911 408 2
0 0 6 891 1120 391 1315 373 0 0 2 454 1513 654 1468 5 0 0 2 120 906 1881 1186 1
0 0 65 1390 1439 662 537 3 0 0 52 1148 1457 992 427 20 0 0 18 730 1327 1157 772 92
0 0 173 2208 926 690 82 17 0 0 88 1750 1260 830 109 59 0 6 131 1725 1075 416 602 141
0 1 228 2170 989 630 78 0 0 0 133 1295 1897 761 6 4 0 32 599 1915 619 855 67 9
0 6 115 1735 1022 937 281 0 0 2 86 1060 1807 1130 11 0 2 83 1122 1726 529 575 59 0
0 3 266 1508 1243 927 149 0 0 4 230 1388 1686 786 2 0 1 165 1924 1742 244 20 0 0
3 361 1481 1567 586 98 0 0 0 253 1276 1774 745 48 0 0 8 745 2473 850 20 0 0 0
25 861 2039 944 116 33 72 6 6 643 2020 1156 170 75 26 0 16 1268 2337 384 83 6 2 0
580 1113 845 173 59 317 992 17 263 1299 884 270 116 1142 122 0 456 1480 719 592 836 13 0 0
176 658 228 68 72 369 2487 38 105 717 252 80 163 2534 245 0 165 746 261 762 2144 18 0 0
9 16 6 12 13 592 3365 83 15 13 10 11 247 3430 370 0 14 20 25 1324 2680 33 0 0
0 0 0 0 55 943 3004 94 0 0 0 25 573 3086 412 0 0 0 58 1505 2498 35 0 0
0 0 0 2 66 1317 2616 95 0 0 2 32 891 2954 217 0 0 3 85 1807 2127 74 0 0
0 0 0 1 79 1389 2479 148 0 0 0 33 819 2731 512 1 0 2 107 1673 2211 103 0 0
0 0 4 14 151 1525 2240 162 0 0 11 56 824 2641 562 2 0 15 179 1694 2061 147 0 0
0 0 0 18 216 1478 2214 170 0 0 2 77 784 2584 641 8 0 17 233 1697 1998 151 0 0
0 0 7 60 275 1525 2052 177 0 1 9 101 843 2446 685 11 3 31 281 1690 1918 173 0 0
0 0 3 49 427 1625 1777 215 0 0 8 107 967 2341 655 18 1 27 375 1784 1711 193 5 0
1 117 390 1634 1520 434 0 0 0 50 312 997 2464 273 0 0 20 183 2121 1269 498 5 0 0
0 29 217 1783 1551 392 123 1 0 16 116 1367 2328 213 56 0 12 142 2131 1422 247 114 28 0
2 41 612 2089 1069 282 1 0 0 21 367 2036 1520 152 0 0 9 190 2145 1699 53 0 0 0
0 94 898 2356 731 17 0 0 0 60 729 2329 955 23 0 0 7 272 2561 1252 4 0 0 0
0 102 1068 2538 384 4 0 0 0 86 915 2574 518 3 0 0 6 331 2870 887 2 0 0 0
0 91 1385 2133 223 127 137 0 0 72 1200 2345 246 232 1 0 6 374 2952 626 138 0 0 0
0 54 721 1806 215 494 806 0 0 44 677 1908 298 1134 35 0 0 194 2183 986 733 0 0 0
0 111 847 563 73 942 1557 3 0 110 814 610 281 2193 88 0 2 302 1105 1409 1268 10 0 0
0 50 159 70 66 1316 2419 16 0 57 146 103 398 3206 186 0 1 111 214 1837 1918 15 0 0
0 0 0 1 40 921 3087 47 0 0 0 17 407 3431 240 1 0 1 37 1735 2292 31 0 0
0 0 0 0 17 958 3018 103 0 0 0 6 531 3273 286 0 0 0 31 1500 2482 83 0 0
0 0 0 2 73 979 2873 169 0 0 0 23 616 3012 444 1 0 1 65 1160 2711 159 0 0
0 0 6 43 208 1275 2402 162 0 0 10 87 770 2770 454 5 0 30 175 1582 2169 139 1 0
0 3 22 131 401 1341 2079 119 0 5 33 168 754 2618 511 7 7 71 353 1670 1879 114 2 0
0 0 21 148 442 1616 1724 145 0 1 26 193 873 2335 656 12 1 67 443 1813 1612 157 3 0
0 0 5 47 259 1639 1958 188 0 0 14 97 854 2526 592 13 1 23 230 1876 1761 205 0 0
0 3 33 195 628 1648 1434 155 0 4 41 309 1135 2060 527 20 5 79 541 1736 1526 200 9 0
0 1 37 190 835 1687 1205 141 0 1 64 340 1316 1890 462 23 5 82 619 1739 1418 220 13 0
0 6 41 213 817 1804 1113 102 0 10 54 361 1544 1781 334 12 10 101 671 1957 1208 144 5 0
