0 0 114 238 1088 765 892 999 0 0 198 246 1379 1143 946 184 0 18 462 1698 1795 123 0 0
0 0 296 265 480 623 1128 1304 0 0 370 304 547 849 1073 953 0 165 536 619 1575 577 302 322
0 7 415 162 220 784 871 1637 0 113 360 170 305 1120 688 1340 0 341 340 266 1567 551 492 539
0 1384 743 651 744 390 159 25 0 1570 620 641 845 384 35 1 0 2000 381 1173 541 1 0 0
0 390 1227 619 245 305 729 581 0 734 1208 462 361 843 430 58 0 1474 1242 1313 67 0 0 0
0 1510 806 117 115 84 149 1315 0 1904 451 148 105 136 215 1137 0 2331 245 221 289 373 450 187
0 1405 816 224 185 183 278 1005 0 1852 449 257 225 273 432 608 0 2259 470 571 498 239 59 0
0 95 1208 667 636 593 593 304 0 347 1226 751 767 745 260 0 0 1328 1426 1295 47 0 0 0
551 167 1799 829 653 82 10 5 653 585 1731 943 166 13 5 0 707 2542 795 52 0 0 0 0
147 295 569 1420 649 784 156 76 416 60 1329 1134 901 177 25 54 492 1642 1514 383 47 18 0 0
88 169 1375 1045 512 828 55 24 225 122 1925 792 955 50 10 17 313 2139 1482 139 21 2 0 0
259 224 1805 573 916 235 84 0 327 941 1333 1090 317 88 0 0 381 2587 1002 126 0 0 0 0
2272 98 180 1473 73 0 0 0 2319 109 679 989 0 0 0 0 2412 784 900 0 0 0 0 0
2029 218 146 300 858 526 19 0 2167 155 167 684 890 33 0 0 2305 211 1430 150 0 0 0 0
1958 128 113 844 937 116 0 0 2051 65 407 1216 356 1 0 0 2104 610 1370 12 0 0 0 0
1992 91 966 1046 1 0 0 0 2011 121 1890 74 0 0 0 0 2068 1998 30 0 0 0 0 0
