0 0 0 0 0 0 0 4096 0 0 0 0 0 0 0 4096 0 0 0 0 0 0 0 4096
0 0 0 20 72 25 17 3962 0 0 13 68 33 10 15 3957 0 6 37 63 12 10 12 3956
0 0 0 0 0 0 0 4096 0 0 0 0 0 0 0 4096 0 0 0 0 0 0 0 4096
0 0 0 0 0 0 0 4096 0 0 0 0 0 0 0 4096 0 0 0 0 0 0 0 4096
148 239 235 219 109 147 645 2354 192 257 264 142 97 109 520 2515 434 225 159 89 94 91 443 2561
33 174 562 965 597 260 126 1379 149 436 986 736 251 131 85 1322 318 802 942 404 171 87 81 1291
54 134 365 993 1050 101 64 1335 162 367 1103 963 86 57 48 1310 412 1030 1069 136 59 51 53 1286
0 21 246 647 174 92 48 2868 7 186 656 212 98 51 34 2852 121 588 292 113 69 34 47 2832
39 222 489 1019 1350 690 280 7 130 418 564 472 1108 1006 380 18 780 428 204 223 773 1139 483 66
935 781 1156 756 457 11 0 0 952 660 815 816 711 142 0 0 1063 561 499 853 722 396 2 0
1989 719 959 406 23 0 0 0 2326 1105 591 72 2 0 0 0 2875 922 212 81 6 0 0 0
1070 601 1083 892 63 39 97 251 1380 926 1226 124 43 46 67 284 2155 1089 390 41 35 44 62 280
73 357 1182 1086 505 325 280 288 73 309 965 1555 717 265 180 32 391 484 791 1318 844 217 51 0
588 1501 1472 294 32 28 48 133 11 291 1430 1924 258 62 60 60 19 163 1036 2131 607 82 57 1
1941 1369 655 127 4 0 0 0 890 1499 1215 475 17 0 0 0 1131 1306 1030 596 33 0 0 0
1515 1061 744 489 237 46 4 0 1424 887 678 596 356 133 22 0 1760 791 599 433 310 166 37 0
