3457 356 93 71 119 0 0 0 3520 293 92 111 80 0 0 0 466 3278 94 71 84 102 1 0
395 1232 693 113 1006 497 160 0 677 1389 278 509 723 513 7 0 12 1984 298 84 275 971 465 7
0 6 119 26 1145 831 1825 144 0 56 90 546 864 2282 258 0 0 27 108 17 516 1063 2323 42
0 0 0 0 1171 608 2182 135 0 0 0 801 800 2252 243 0 0 0 0 0 953 990 2150 3
1634 1385 489 184 146 119 90 49 2001 1455 404 160 69 7 0 0 86 3371 609 30 0 0 0 0
188 1428 1053 506 349 281 204 87 620 1963 941 377 141 48 6 0 150 2897 856 163 26 4 0 0
15 1024 832 214 354 732 735 190 42 1626 510 277 549 838 253 1 11 604 1704 173 98 591 840 75
0 560 1488 290 124 348 1052 234 0 1149 1136 159 195 1058 399 0 0 41 1645 644 143 374 1176 73
615 896 727 721 371 291 306 169 896 917 1294 540 354 95 0 0 779 1884 1107 317 9 0 0 0
41 972 763 1217 656 312 123 12 173 1074 1121 1299 385 42 2 0 7 808 1115 1603 503 52 8 0
17 793 1341 793 423 450 179 100 55 848 1432 580 447 594 137 3 1 187 1168 1247 230 232 504 527
98 2092 1153 348 274 125 6 0 351 1070 1714 307 434 212 8 0 0 592 897 1552 223 235 390 207
159 260 412 536 639 845 909 336 239 634 1075 1122 868 158 0 0 2666 1113 152 63 102 0 0 0
14 182 171 140 292 647 1330 1320 80 278 329 801 1659 363 583 3 1043 598 156 910 656 96 592 45
0 0 44 192 381 510 507 2462 0 0 7 155 514 971 2408 41 0 0 10 7 41 298 1251 2489
235 2620 462 400 204 102 55 18 0 21 2796 514 478 220 59 8 0 0 8 2636 403 482 366 201
