0 0 27 57 556 996 1152 1308 0 0 0 0 18 52 114 3912 0 0 0 0 0 0 42 4054
0 0 0 39 237 770 734 2316 0 0 0 0 0 23 169 3904 0 0 0 0 0 0 0 4096
0 0 0 35 226 660 631 2544 0 0 0 0 0 34 155 3907 0 0 0 0 0 0 0 4096
0 0 13 143 734 890 1021 1295 0 0 0 0 2 128 326 3640 0 0 0 0 0 0 0 4096
1658 455 493 679 339 223 153 96 389 1156 423 508 552 693 214 161 12 115 291 615 1575 525 283 680
1697 300 320 552 405 407 232 183 110 1498 345 389 432 512 415 395 10 63 162 352 1267 1138 250 854
1727 278 146 388 561 515 256 225 84 1390 533 240 289 550 658 352 8 70 83 177 864 1574 329 991
1977 395 408 468 428 210 127 83 110 1277 805 286 657 557 263 141 6 45 97 154 818 1119 759 1098
3921 81 18 14 7 6 17 32 3411 569 26 19 11 7 8 45 81 512 929 1391 1072 35 17 59
3942 69 19 14 14 11 19 8 2630 1334 44 17 19 12 13 27 0 54 855 1431 1389 300 21 46
4087 9 0 0 0 0 0 0 2813 1283 0 0 0 0 0 0 0 59 803 1739 1379 116 0 0
4059 37 0 0 0 0 0 0 2807 1261 28 0 0 0 0 0 0 7 591 1553 1690 254 1 0
4047 34 5 5 3 1 1 0 3978 100 2 5 4 5 1 1 2818 1174 81 6 2 4 6 5
4080 9 3 3 0 0 1 0 4055 31 3 3 3 0 0 1 157 3203 712 16 1 4 2 1
4096 0 0 0 0 0 0 0 4096 0 0 0 0 0 0 0 579 2999 516 2 0 0 0 0
4096 0 0 0 0 0 0 0 4096 0 0 0 0 0 0 0 387 2795 874 40 0 0 0 0
