175 140 2005 1005 559 125 68 19 85 228 46 2864 696 120 50 7 39 279 2 64 3157 462 87 6
59 90 1921 1441 311 150 97 27 25 184 109 2890 624 174 69 21 24 224 59 50 2803 788 112 36
2 140 1652 1771 357 101 66 7 14 229 177 1832 1689 114 33 8 59 238 121 73 1119 2412 50 24
2 200 1262 1688 732 147 50 15 7 244 162 781 2684 152 52 14 49 275 106 66 239 3241 91 29
2412 1001 236 125 98 82 82 60 1840 1691 176 125 83 93 62 26 1913 1683 152 111 93 76 66 2
1438 945 806 371 165 108 133 130 1230 1544 640 255 124 119 143 41 1559 1510 457 189 128 130 113 10
1470 939 596 401 235 156 152 147 1023 1663 580 285 197 151 115 82 1078 1860 460 252 160 141 106 39
762 1657 551 337 208 203 189 189 253 2387 527 269 212 186 144 118 391 2498 395 231 210 157 154 60
898 1950 962 216 51 14 5 0 503 2118 1123 266 65 16 5 0 565 1868 1192 348 95 18 10 0
1438 1548 498 275 132 108 62 35 922 1869 655 297 142 104 72 35 1407 1595 516 238 130 89 83 38
340 928 591 485 713 410 584 45 584 939 666 592 575 410 328 2 857 950 564 598 548 475 101 3
109 139 140 146 292 468 993 1809 165 137 156 251 384 505 1469 1029 199 146 211 277 398 625 1643 597
63 1285 1045 712 460 305 184 42 28 959 1226 850 494 283 186 70 86 1131 1050 797 457 286 187 102
42 589 1211 554 789 661 200 50 88 338 1194 1104 826 369 150 27 185 673 1124 971 678 303 134 28
114 480 540 364 483 735 856 524 226 592 515 433 817 686 804 23 521 651 321 611 787 929 272 4
224 806 1078 626 163 181 423 595 441 1076 999 320 147 237 593 283 928 1311 507 150 147 335 605 113
