3647 428 21 0 0 0 0 0 0 0 2305 1732 59 0 0 0 0 0 0 0 1 1921 2147 27
2755 1132 198 7 4 0 0 0 0 0 1519 1991 579 7 0 0 0 0 0 0 0 1121 2940 35
1647 543 1448 406 52 0 0 0 0 0 678 1546 1740 132 0 0 0 0 0 0 0 549 3422 125
192 1082 2006 577 175 64 0 0 0 0 93 1578 1934 469 22 0 0 0 0 0 0 417 3492 187
458 2566 948 111 12 1 0 0 1388 1008 62 314 1289 35 0 0 835 1493 95 36 18 28 1554 37
3 1076 1534 646 509 328 0 0 53 1204 338 42 981 1446 32 0 24 1042 422 109 48 36 2344 71
176 550 931 995 523 914 7 0 1 111 986 151 401 2190 256 0 0 51 182 581 402 89 2754 37
298 691 368 977 272 1024 466 0 0 1 1169 128 69 1790 939 0 0 0 0 346 905 66 2755 24
302 1666 1529 447 142 3 4 3 713 1975 1070 295 34 4 3 2 779 2186 797 305 19 3 4 3
12 1197 963 487 281 315 498 343 165 1444 604 467 269 318 557 272 100 1446 578 420 315 322 620 295
322 1806 761 294 220 251 342 100 0 129 2619 409 222 241 361 115 0 13 241 2520 476 269 419 158
2006 2088 2 0 0 0 0 0 0 178 3906 12 0 0 0 0 0 0 236 3482 378 0 0 0
133 1913 1324 458 74 79 107 8 444 2245 872 300 57 78 95 5 852 1927 733 333 65 73 107 6
29 1053 763 349 323 457 868 254 189 1135 558 343 326 478 882 185 147 1103 508 423 349 494 965 107
970 1881 758 206 123 105 49 4 17 1153 2310 321 127 109 55 4 8 126 2828 812 147 110 60 5
2265 818 419 237 209 128 19 1 3 1723 1707 300 209 131 21 2 0 82 2769 824 232 152 34 3
