0 0 0 0 172 2144 1780 0 0 0 0 4096 0 0 0 0 0 1213 2883 0 0 0 0 0
0 0 0 0 0 1237 2066 793 0 0 0 3836 260 0 0 0 0 133 3963 0 0 0 0 0
0 0 0 0 0 921 2012 1163 0 0 0 3338 758 0 0 0 0 190 3906 0 0 0 0 0
0 0 0 0 0 1490 2265 341 0 0 0 4090 6 0 0 0 0 748 3348 0 0 0 0 0
19 38 7 10 13 187 3341 481 51 658 1767 1599 6 2 7 6 53 3856 163 8 4 4 8 0
0 0 0 0 0 0 878 3218 0 141 1813 2142 0 0 0 0 0 2855 1241 0 0 0 0 0
0 0 0 0 0 0 180 3916 0 1 1858 2237 0 0 0 0 0 2636 1460 0 0 0 0 0
0 0 0 0 0 0 1458 2638 0 341 1949 1806 0 0 0 0 0 3730 366 0 0 0 0 0
1181 2548 202 39 44 65 17 0 1294 2595 207 0 0 0 0 0 1234 828 2034 0 0 0 0 0
667 2432 484 34 32 66 342 39 838 2534 724 0 0 0 0 0 780 340 2976 0 0 0 0 0
141 2632 619 32 32 32 414 194 252 2848 996 0 0 0 0 0 4 832 3260 0 0 0 0 0
259 2774 343 16 49 15 639 1 459 3297 340 0 0 0 0 0 8 1343 2745 0 0 0 0 0
618 3471 7 0 0 0 0 0 3 4062 31 0 0 0 0 0 0 3050 1046 0 0 0 0 0
158 3781 157 0 0 0 0 0 0 3905 191 0 0 0 0 0 0 1441 2655 0 0 0 0 0
142 3877 77 0 0 0 0 0 0 3956 140 0 0 0 0 0 0 1409 2687 0 0 0 0 0
306 3785 5 0 0 0 0 0 0 4068 28 0 0 0 0 0 0 2586 1510 0 0 0 0 0
