0 0 0 0 0 0 1475 2621 0 0 0 0 0 0 0 4096 0 0 0 0 0 0 0 4096
0 0 0 0 0 0 994 3102 0 0 0 0 0 0 0 4096 0 0 0 0 0 0 0 4096
0 69 472 366 82 31 804 2272 0 11 348 465 150 31 24 3067 0 5 216 556 201 25 26 3067
1 315 1428 552 61 58 628 1053 0 65 1159 987 136 41 49 1659 0 28 876 1296 151 46 46 1653
0 374 755 132 44 30 467 2294 0 66 830 353 39 32 36 2740 0 0 357 837 91 30 38 2743
0 0 0 0 0 0 701 3395 0 0 0 0 0 0 0 4096 0 0 0 0 0 0 0 4096
0 0 0 0 0 0 531 3565 0 0 0 0 0 0 0 4096 0 0 0 0 0 0 0 4096
0 1 28 14 13 61 2372 1607 0 0 19 24 6 7 31 4009 0 0 11 29 8 5 23 4020
216 2640 512 45 50 203 407 23 214 1800 1291 89 36 40 61 565 109 1182 1628 456 41 31 51 598
3 487 807 186 323 331 1901 58 0 176 900 341 154 368 367 1790 0 89 726 577 151 276 376 1901
17 392 794 761 290 103 1643 96 0 145 752 957 361 68 97 1716 4 335 880 807 202 61 90 1717
66 904 1558 1248 223 13 75 9 8 658 1563 1413 346 19 7 82 2 439 1575 1646 327 17 10 80
112 1715 1798 438 33 0 0 0 11 1212 2118 680 75 0 0 0 6 803 2646 607 34 0 0 0
500 2708 580 27 94 123 58 6 14 2290 1428 63 26 169 43 63 0 873 2470 447 22 18 177 89
79 314 53 39 1436 1587 501 87 0 293 134 34 96 2316 811 412 0 117 285 51 79 824 2204 536
0 203 171 43 528 1212 1683 256 0 10 328 66 43 1129 1149 1371 0 4 208 190 52 430 1585 1627
35 1207 415 108 270 477 1428 156 4 478 1091 143 89 399 637 1255 0 196 1221 268 96 153 726 1436
381 3263 448 4 0 0 0 0 41 2900 1148 7 0 0 0 0 39 2165 1830 62 0 0 0 0
300 2289 1272 226 9 0 0 0 63 1901 1863 258 10 1 0 0 49 2007 1802 223 15 0 0 0
93 1121 1797 997 87 1 0 0 17 804 1977 1207 91 0 0 0 57 1033 2072 887 47 0 0 0
303 2135 1415 236 7 0 0 0 122 1777 1816 372 9 0 0 0 51 1373 2192 468 12 0 0 0
931 2110 999 55 1 0 0 0 456 2139 1394 106 1 0 0 0 327 2204 1434 130 1 0 0 0
2228 1728 137 3 0 0 0 0 473 3235 382 6 0 0 0 0 34 3162 883 17 0 0 0 0
2472 1015 79 30 45 231 224 0 175 3078 285 41 23 55 335 104 0 2613 856 93 25 27 86 396
381 2657 797 22 37 70 130 2 4 1578 1850 411 28 42 106 77 0 399 2283 653 360 182 48 171
580 3296 220 0 0 0 0 0 56 3113 806 119 2 0 0 0 4 2136 1645 144 130 37 0 0
180 2758 1138 20 0 0 0 0 38 2701 1333 24 0 0 0 0 178 3244 672 2 0 0 0 0
1583 1851 587 73 2 0 0 0 881 1587 823 646 159 0 0 0 380 2112 763 544 290 7 0 0
1332 2279 443 38 4 0 0 0 79 587 807 1759 825 39 0 0 32 555 624 964 1841 80 0 0
2074 1430 546 46 0 0 0 0 384 2579 1031 98 4 0 0 0 145 1740 2013 190 8 0 0 0
2935 869 254 38 0 0 0 0 957 2386 560 163 30 0 0 0 256 2277 1366 148 49 0 0 0
3439 643 14 0 0 0 0 0 916 2759 402 19 0 0 0 0 53 2357 1371 278 37 0 0 0
1149 926 773 1117 131 0 0 0 109 962 434 822 1349 420 0 0 0 668 372 383 644 1509 520 0
120 333 305 2172 1166 0 0 0 8 174 250 212 1986 1466 0 0 0 74 246 138 159 1827 1652 0
680 2331 559 514 12 0 0 0 252 2266 753 251 571 3 0 0 200 1958 1055 122 159 555 47 0
206 2246 1605 39 0 0 0 0 186 2245 1641 24 0 0 0 0 365 3056 675 0 0 0 0 0
2865 1070 156 5 0 0 0 0 2577 1319 193 7 0 0 0 0 1585 2216 284 11 0 0 0 0
1007 1826 1062 194 7 0 0 0 677 555 564 2210 90 0 0 0 459 794 278 742 1760 63 0 0
3198 884 14 0 0 0 0 0 0 450 2336 1070 215 25 0 0 0 0 588 1882 1441 185 0 0
4061 35 0 0 0 0 0 0 0 1561 2313 156 66 0 0 0 0 0 1659 2214 212 11 0 0
2911 1169 16 0 0 0 0 0 0 763 2016 1254 63 0 0 0 0 0 734 1682 1541 139 0 0
0 391 1609 2093 3 0 0 0 0 0 0 681 3044 371 0 0 0 0 0 0 254 3327 515 0
0 26 175 3743 151 1 0 0 0 0 0 55 2183 1856 2 0 0 0 0 2 24 2496 1573 1
1367 1582 682 460 4 1 0 0 14 339 1334 1103 928 378 0 0 30 392 1114 896 638 835 191 0
199 1570 1749 505 71 2 0 0 99 1806 1796 336 58 1 0 0 441 2344 1089 186 34 2 0 0
3176 560 257 73 28 2 0 0 2940 769 290 67 29 1 0 0 2646 1212 157 60 20 1 0 0
1610 1056 1171 234 25 0 0 0 1194 514 577 1084 718 9 0 0 969 629 451 553 1327 167 0 0
6 529 2031 1372 145 11 2 0 0 4 30 980 2677 379 22 4 2 13 19 438 2294 1290 32 8
116 958 1538 1275 208 1 0 0 0 3 27 1228 2643 190 5 0 1 11 59 751 2658 604 12 0
62 1274 1377 1133 233 17 0 0 0 2 1 768 3025 296 4 0 0 2 14 293 2352 1420 15 0
0 0 880 2964 231 19 2 0 0 0 1 21 1427 2639 7 1 0 0 2 22 309 2894 868 1
0 18 98 3001 850 115 14 0 0 2 19 47 1044 2849 125 10 0 0 11 39 314 3067 649 16
124 586 1258 1756 330 41 1 0 12 220 265 790 1875 913 21 0 174 229 344 749 1330 1177 93 0
155 909 1132 880 707 304 6 3 159 910 1244 996 707 76 2 2 604 1044 1146 903 343 52 3 1
67 1234 2005 709 79 2 0 0 15 989 2178 809 103 2 0 0 776 2306 877 134 3 0 0 0
0 479 1792 1489 302 33 1 0 0 70 1330 2333 331 30 2 0 7 507 1761 1311 486 22 2 0
71 561 1375 1509 479 80 18 3 4 237 916 1577 1168 159 32 3 153 742 1346 1061 652 125 16 1
85 447 1038 1731 664 122 8 1 18 273 572 1216 1693 303 20 1 215 608 771 1288 1064 142 8 0
2 39 732 2057 1037 192 32 5 0 16 150 823 2665 398 42 2 25 114 341 1206 2073 319 18 0
47 336 554 1986 1072 92 8 1 21 244 399 646 2243 526 16 1 516 495 480 609 1461 531 4 0
72 303 613 2227 708 141 29 3 8 162 518 579 1474 1258 86 11 229 558 443 351 933 1408 166 8
