0 0 0 19 2092 1954 31 0 0 0 0 0 0 2520 1576 0 0 0 0 0 0 687 3409 0
0 0 0 0 1764 2332 0 0 0 0 0 0 0 2021 2075 0 0 0 0 0 0 489 3607 0
0 0 0 0 1260 2836 0 0 0 0 0 0 0 1912 2184 0 0 0 0 0 0 556 3540 0
0 0 0 0 1835 2261 0 0 0 0 0 0 0 2848 1248 0 0 0 0 0 0 1430 2666 0
21 33 72 672 1035 1159 680 424 12 35 27 40 616 1689 1031 646 21 31 36 51 395 1410 1407 745
280 174 115 166 788 1217 724 632 159 221 145 160 220 1244 1177 770 293 174 145 170 217 1104 1188 805
175 137 201 392 1289 1350 411 141 169 150 180 206 336 1894 950 211 269 174 193 135 323 1805 985 212
425 318 333 653 958 793 409 207 500 312 374 565 726 1126 310 183 759 490 553 431 460 907 321 175
0 0 561 2007 683 414 259 172 0 0 0 91 2482 828 406 289 0 0 0 157 2457 768 401 313
0 0 3 945 1261 512 521 854 0 0 0 3 932 1516 648 997 0 0 0 16 1639 882 567 992
48 58 38 116 1429 734 552 1121 44 63 31 42 354 1605 728 1229 68 46 37 49 1007 1104 622 1163
42 38 23 340 871 1044 1140 598 40 30 31 25 728 1172 1259 811 44 34 23 60 906 1117 1199 713
885 579 981 609 426 391 175 50 871 231 281 1040 684 475 397 117 777 309 256 1084 646 472 389 163
1186 1273 619 421 230 166 129 72 1075 1348 606 318 253 208 171 117 1248 1623 274 211 255 195 167 123
1025 649 316 312 436 463 485 410 1129 496 260 290 340 520 532 529 1351 342 202 260 417 473 505 546
203 694 804 763 482 330 433 387 496 827 752 559 309 302 420 431 1278 724 426 318 250 255 398 447
