0 0 0 0 0 1 3802 293 0 0 0 0 0 0 1386 2710 0 0 0 0 0 0 0 4096
0 0 0 0 0 341 3659 96 0 0 0 0 0 0 1610 2486 0 0 0 0 0 0 0 4096
0 0 0 0 7 537 3396 156 0 0 0 0 6 2 2231 1857 0 0 0 0 2 5 2 4087
5 14 13 9 17 1647 2380 11 1 14 11 11 13 25 3604 417 0 2 13 13 10 17 27 4014
27 27 265 2532 160 69 116 900 10 23 24 109 2728 140 68 994 1 11 21 21 27 1552 1388 1075
8 15 425 2175 179 186 432 676 2 15 15 90 2560 189 194 1031 0 7 12 19 29 1330 1504 1195
90 359 1564 1165 255 104 373 186 20 199 639 603 1836 189 162 448 1 52 353 613 317 1500 670 590
787 1096 1638 264 159 47 72 33 496 729 926 1099 645 79 48 74 271 475 1026 506 402 1231 79 106
18 62 1646 2078 107 62 69 54 12 9 13 823 2935 150 77 77 4 14 6 25 264 2956 696 131
2 75 1586 1790 290 135 140 78 0 2 5 697 2739 351 167 135 0 0 2 4 329 2467 979 315
55 273 2197 733 291 236 226 85 28 48 39 1279 1861 371 281 189 0 46 37 43 474 2355 703 438
453 698 1912 268 203 210 196 156 294 297 166 1795 814 248 240 242 142 328 188 129 1201 1359 319 430
0 405 2537 705 350 92 6 1 0 0 24 1928 1674 389 77 4 0 0 0 23 1413 2163 422 75
9 103 1336 933 617 591 417 90 1 17 30 653 1632 765 687 311 2 20 25 19 475 1746 1005 804
99 622 1690 618 341 249 342 135 34 331 656 828 1197 414 301 335 199 679 201 68 561 1358 483 547
435 1560 1340 362 230 147 22 0 160 1015 1177 837 535 242 127 3 820 1343 247 133 740 471 248 94
